5884	
	4.230987116e-09	1.037498887e-08	1.037498887e-08	4.472625736e-08	2.386527687e-08
	2.718992844e-07	1.269556504e-07	4.472625736e-08	1.058324568e-06	2.718992844e-07
	2.718992844e-07	2.071528121e-06	3.986182806e-06	3.986182806e-06	1.601123909e-07
	8.779061922e-07	1.058324568e-06	5.617297799e-06	2.071528121e-06	2.071528121e-06
	1.084453169e-05	5.593275413e-06	1.084453169e-05	2.236484198e-07	1.553585973e-06
	7.317504053e-06	7.317504053e-06	1.171051367e-05	4.995417161e-05	4.914703845e-06
	2.534537347e-05	1.084453169e-05	2.236484198e-07	2.439025695e-06	7.508862359e-06
	1.779767811e-05	1.674423079e-05	8.03093054e-05	8.03093054e-05	2.572813221e-05
	4.249627521e-05	3.430313923e-05	6.733946194e-05	2.439025695e-06	1.026661675e-06
	9.215353709e-05	7.508862359e-06	1.026661675e-06	7.508862359e-06	1.779767811e-05
	1.779767811e-05	4.067735177e-05	8.03093054e-05	0.0001139932568	0.0003672181396
	2.73886142e-05	4.434153859e-05	6.733946194e-05	6.733946194e-05	5.953195833e-06
	2.523859553e-05	5.408873307e-06	8.166866743e-05	0.0001484891314	1.691267656e-05
	2.792311036e-05	1.691267656e-05	4.067735177e-05	1.750780419e-05	9.885638095e-05
	0.0001507670553	0.000364281689	0.0005563122382	4.434153859e-05	8.166866743e-05
	0.0001317640787	4.384024485e-05	1.238535302e-05	1.238535302e-05	1.623173347e-05
	0.0002030755047	0.0002633835411	2.792311036e-05	2.792311036e-05	4.854728359e-05
	9.885638095e-05	1.750780419e-05	0.0002429346992	0.0003899181093	0.0005509742211
	0.0005563122382	4.384024485e-05	7.568533801e-05	0.0001682086602	3.397584376e-05
	6.557727165e-05	1.623173347e-05	1.238535302e-05	2.027501976e-05	1.623173347e-05
	1.422523421e-05	0.0002633835411	0.0002633835411	9.053687389e-05	9.646314668e-05
	0.0002485877847	7.675248759e-05	9.053687389e-05	0.0003899181093	0.000317341531
	0.0003899181093	0.0007665286626	0.0007665286626	6.557727165e-05	0.0001029720549
	0.0001682086602	3.397584376e-05	2.027501976e-05	3.780799316e-05	6.324191109e-05
	2.790421228e-05	2.790421228e-05	0.0002369621988	0.0003001867728	7.965649441e-05
	7.965649441e-05	9.053687389e-05	0.0001659402441	0.0001439694687	0.0001138661659
	0.0002948481722	0.0005056864378	0.0005056864378	0.0001138661659	0.0006744200044
	0.001015761896	0.0009494978325	0.0002789237041	9.201230942e-05	0.000145392033
	6.324191109e-05	4.470077576e-05	6.772115319e-05	0.0001208591036	7.654782627e-05
	4.470077576e-05	0.00034263199	0.00034263199	0.0001720467912	0.0001720467912
	7.654782627e-05	0.0001584631064	0.0001138661659	0.0002948481722	0.0004166201629
	0.0005056864378	0.0002345404275	0.001015761896	0.001015761896	0.001702624092
	0.0002841906514	0.0001865590695	0.0001454037883	9.201230942e-05	0.0001208591036
	8.715677469e-05	0.0001208591036	6.772115319e-05	0.0001093863241	0.0001154756704
	0.0001457545297	0.0003554256988	0.0004577376905	0.0001720467912	0.0002618515178
	0.0001182319654	0.0001922201192	0.0003283320981	0.0003182876323	0.000450563382
	0.000450563382	0.0006096508448	0.0002345404275	0.0002345404275	0.001043598477
	0.00143690832	0.002017023247	0.0003245418041	0.0002069850854	0.0002100908159
	0.0001698078845	0.0001698078845	0.0001154756704	0.0001356792778	0.0001356792778
	0.0001457545297	0.0001834092508	0.0001457545297	0.0003554256988	0.0004577376905
	0.0002618515178	0.0001922201192	0.0002925339874	0.0002866453472	0.0002618515178
	0.0002685342606	0.0003261019978	0.0005690390569	0.000629586956	0.0009259205386
	0.0004181463225	0.0003290067493	0.001201436682	0.001201436682	0.002017023247
	0.0003245418041	0.0003245418041	0.0002135070529	0.0002100908159	0.0002135070529
	0.0001982979769	0.0001834092508	0.0002743445472	0.000345030226	0.000174775301
	0.0001834092508	0.0002385141073	0.0002897446909	0.0003336902193	0.0004461606878
	0.0002925339874	0.0004639323592	0.0002866453472	0.0002925339874	0.0002866453472
	0.0004565783094	0.0004181463225	0.0007075660796	0.0009098764456	0.0009259205386
	0.0004181463225	0.0005914018444	0.001366163027	0.001366163027	0.002500922406
	0.0003558817874	0.0003401693306	0.0002732530177	0.000284741881	0.0002871613147
	0.0002743445472	0.0002743445472	0.000345030226	0.0003440086282	0.0003402751587
	0.0003402751587	0.0003840729073	0.0002897446909	0.0003589377644	0.0004461606878
	0.0004461606878	0.0003629912033	0.0006020652476	0.0003709533543	0.0003629912033
	0.000494403367	0.000636333068	0.0007075660796	0.0007075660796	0.00100146171
	0.0009580339346	0.0007053483455	0.0006020652476	0.001172345491	0.001957931794
	0.002608159641	0.000363969061	0.0003073094758	0.0003540285959	0.0003440086282
	0.0003440086282	0.0002871613147	0.0005592365884	0.0003419161505	0.0004338808825
	0.0003402751587	0.0004869339008	0.0005555501006	0.0005143977997	0.0004524832752
	0.0004524832752	0.0003780463043	0.000363969061	0.0003780463043	0.0004779634349
	0.0004779634349	0.0007471705689	0.0005073158208	0.0003953602934	0.0005093917828
	0.0006562927352	0.0006562927352	0.0008214243127	0.00100146171	0.00100146171
	0.001297815932	0.0008216657833	0.0009187874427	0.00160340103	0.002608159641
	0.002608159641	0.000363969061	0.0003500979131	0.0003500979131	0.0006211828858
	0.0005259518688	0.0005272983829	0.0005272983829	0.0004338808825	0.0005458642025
	0.0006398000067	0.0006398000067	0.0005143977997	0.0005491099215	0.0006608965042
	0.0003487748545	0.0003780463043	0.0003239904296	0.0003568711066	0.0005944835976
	0.0005944835976	0.0006499119084	0.0004822171719	0.0004779634349	0.0005032441928
	0.0008926805789	0.0007456232041	0.0007456232041	0.0006562927352	0.001080501336
	0.000945923858	0.001052215318	0.001052215318	0.00160340103	0.001006675403
	0.001160705127	0.00160340103	0.002702280545	0.002658328093	0.0003850657931
	0.0005286702663	0.0005190182198	0.0006211828858	0.0009582517959	0.0006629646793
	0.0005272983829	0.0007981112223	0.0009234187005	0.0009234187005	0.001000356466
	0.001045272229	0.001000356466	0.00100753012	0.001517328614	0.000383095672
	0.0003121182132	0.0002934582348	0.0002934582348	0.0003022660958	0.0005944835976
	0.001298195412	0.001517328614	0.0005868895628	0.0008930934094	0.000719405075
	0.0005048823415	0.001160705127	0.001024229704	0.001024229704	0.001386688334
	0.0009384617262	0.000945923858	0.001052215318	0.001289369452	0.00122026096
	0.001171821234	0.001160705127	0.001699027436	0.001502221387	0.002027499604
	0.002020671802	0.0005718939744	0.000663716278	0.0005718939744	0.001028089128
	0.001163439526	0.0006569457975	0.001163439526	0.0008840151344	0.00129022846
	0.0009234187005	0.00100753012	0.001497448653	0.0008985577491	0.001140167309
	0.00297056494	0.002384321696	0.001954971112	0.001319286147	0.001517328614
	0.0005599264694	0.0004539455878	0.0003481731948	0.0002756296734	0.0002545105103
	0.0002441798908	0.002810016294	0.00297056494	0.00297056494	0.0005868895628
	0.001298195412	0.0005868895628	0.0008930934094	0.000719405075	0.0006121949518
	0.0009506875237	0.001346910365	0.00122748393	0.001024229704	0.00122748393
	0.001274626316	0.001274626316	0.001409125054	0.00137770109	0.001556871632
	0.001409125054	0.001699027436	0.001502221387	0.002027499604	0.001917946371
	0.0005718939744	0.000663716278	0.001352344067	0.001163439526	0.00150659476
	0.001225675446	0.001191369314	0.006221358756	0.001871552806	0.001644845172
	0.001497448653	0.002012413339	0.001684005896	0.005288941823	0.005288941823
	0.00415468648	0.003135868028	0.003135868028	0.001820037181	0.0004539455878
	0.0003481731948	0.0003481731948	0.0002386485249	0.0002266402517	0.0001636768913
	0.007069069637	0.0055044297	0.0055044297	0.003418046825	0.003418046825
	0.002042987422	0.0006527945537	0.0009699852284	0.0006527945537	0.001607188593
	0.0009685935899	0.0008485664028	0.001273276372	0.001619378937	0.0016364739
	0.001607188593	0.001607188593	0.001274626316	0.001409125054	0.001619378937
	0.00137770109	0.0016914375	0.001508120054	0.001507535273	0.001597085689
	0.001520709909	0.001754460662	0.002098156375	0.0008122242875	0.0006833876476
	0.00150659476	0.001225675446	0.001225675446	0.001191369314	0.001191369314
	0.01755855576	0.006553228531	0.006221358756	0.002110337276	0.002012413339
	0.002484561984	0.002012413339	0.001987997273	0.006014711374	0.004948237395
	0.004948237395	0.003135868028	0.002110337276	0.0005797110747	0.0002971834263
	0.0002266402517	0.0001390692912	0.0001390692912	6.74723523e-05	0.0115457648
	0.02415342389	0.01409695559	0.01061598424	0.0055044297	0.003418046825
	0.001753585504	0.001753585504	0.0008485664028	0.0008205780736	0.001273276372
	0.0009685935899	0.0008485664028	0.001273276372	0.001619378937	0.0016364739
	0.001956132008	0.001406574196	0.00156017927	0.002062405239	0.002286921477
	0.002062405239	0.001616783922	0.001507535273	0.001465507417	0.001465507417
	0.001547013755	0.002098156375	0.0005055805726	0.001075506778	0.002371110987
	0.001591397363	0.002010661438	0.00142753125	0.001164084423	0.00470369554
	0.01073497495	0.006553228531	0.004961022296	0.002933491011	0.002484561984
	0.001884152348	0.002193390062	0.002371110987	0.002371110987	0.004948237395
	0.004961022296	0.004606059236	0.003932559665	0.003409664482	0.0005055805726
	0.0003702076299	0.0002813930027	0.0001390692912	0.0001411841755	6.74723523e-05
	0.03754986246	0.01409695559	0.01061598424	0.005452553406	0.005452553406
	0.002364307684	0.001904250509	0.0007740380856	0.0007740380856	0.001348287125
	0.001367035605	0.001493728699	0.002555486885	0.001956132008	0.002555486885
	0.00156017927	0.001810097364	0.002463356806	0.002199956826	0.001616783922
	0.001433987767	0.001547013755	0.001292508717	0.001547013755	0.001320079787
	0.0007307598153	0.0006799303809	0.001792898016	0.002573547241	0.001792898016
	0.001445808375	0.00136002418	0.00470369554	0.004833300458	0.004709981799
	0.003500817212	0.003578779391	0.002904031652	0.00362833856	0.002787702168
	0.004017423216	0.005222148933	0.003932559665	0.003932559665	0.004017423216
	0.0003702076299	0.0006491237743	0.0003702076299	0.0001999063341	3.630479914e-05
	6.954252895e-05	3.630479914e-05	0.0540177001	0.03990645847	0.009814257714
	0.009814257714	0.00445306885	0.002514143958	0.001479656765	0.00120278359
	0.001493728699	0.002205472861	0.001493728699	0.002638687245	0.002640869198
	0.002822216127	0.002651552675	0.001810097364	0.001810097364	0.002199956826
	0.001648797556	0.001704383902	0.001292508717	0.001294101204	0.001135154732
	0.001320079787	0.001078690887	0.0006491237743	0.0007307598153	0.0009652910493
	0.001792898016	0.002787702168	0.002728816571	0.001445808375	0.001645296808
	0.001419560791	0.002458409992	0.001167371105	0.003500817212	0.003500817212
	0.003240701477	0.003005705318	0.004017423216	0.003240701477	0.003744320965
	0.003810794917	0.0006491237743	0.0004025045239	0.0001999063341	0.0001999063341
	5.163945506e-05	0.000102608872	8.129305148e-05	0.08669944709	0.04274253605
	0.009814257714	0.00445306885	0.00445306885	0.00120278359	0.002026065138
	0.00120278359	0.001893675523	0.001984909377	0.002640869198	0.001549442249
	0.002651552675	0.003506079279	0.003506079279	0.002651552675	0.003431993032
	0.002379020565	0.00289934038	0.001593966708	0.002018192587	0.001265502568
	0.0009592734066	0.0009592734066	0.002438725936	0.0009156385377	0.0008746279935
	0.0005394234338	0.0009652910493	0.002438725936	0.003005705318	0.002336332289
	0.002171798032	0.001865838017	0.001419560791	0.002906815613	0.001472517641
	0.001143209155	0.002557342284	0.002922851749	0.002854608428	0.002922851749
	0.002336671784	0.003784698483	0.003810794917	0.0005394234338	0.0004161807791
	0.0002768369981	0.0006076609004	0.0001398030474	0.000102608872	0.000102608872
	7.065397765e-05	0.06279850965	0.03747451648	0.008418427378	0.003773537891
	0.001689151616	0.001178793552	0.001689151616	0.003641692717	0.001893675523
	0.002148863603	0.001627997934	0.00289934038	0.003630775548	0.003506079279
	0.004348835787	0.002018192587	0.003096872293	0.001547031365	0.002018192587
	0.001265502568	0.002392477315	0.0009592734066	0.0009368991412	0.0006873990701
	0.0008727118656	0.002854608428	0.000804686424	0.0008980804367	0.002336332289
	0.00243616517	0.002238567885	0.001718237926	0.001400493005	0.002906815613
	0.003952731277	0.001143209155	0.002336671784	0.002922851749	0.002854608428
	0.002418276951	0.003228583068	0.0006076609004	0.0003907448	0.0002495324514
	0.0001840529527	0.0006076609004	0.0001398030474	7.065397765e-05	9.959961579e-05
	4.475513963e-06	0.003641692717	0.07176038048	0.03591174275	0.01073793018
	0.007005783412	0.001689151616	0.00213760901	0.003078305433	0.001627997934
	0.004028356445	0.0045774928	0.003630775548	0.004307531916	0.003630775548
	0.003096872293	0.00197366571	0.00141413017	0.001027010619	0.00197366571
	0.0005653834216	0.0005653834216	0.0005160228933	0.0005160228933	0.002354835566
	0.0028259185	0.001149011314	0.002238567885	0.002238567885	0.001718237926
	0.001174158336	0.01241367013	0.002577995926	0.001009570055	0.001961370917
	0.003228583068	0.002092654365	0.0005854875144	0.0005854875144	0.0001840529527
	0.0002328841123	0.0001840529527	0.000372998114	0.0001120899409	4.475513963e-06
	5.899308105e-05	4.475513963e-06	0.003826392747	0.003560110001	0.0821857969
	0.01343603438	0.005779554508	0.005779554508	0.00213760901	0.00213760901
	0.00321077434	0.004648874079	0.005057517495	0.004000628388	0.003962639012
	0.003962639012	0.003317816272	0.00197366571	0.001362356729	0.000670303851
	0.003317816272	0.0004235550813	0.000670303851	0.000365664347	0.0005870275485
	0.001689256037	0.002055607059	0.001852745363	0.000870883544	0.001689256037
	0.001615496545	0.01241367013	0.000626078885	0.0004748218011	0.0004748218011
	0.002055607059	0.0006684172941	0.0005854875144	0.0005435093624	0.0002328841123
	0.0001978795996	0.0001978795996	0.0003303734257	0.0001517734977	9.664999441e-05
	5.301769831e-05	6.239831379e-05	6.932890164e-06	0.00321077434	0.0821857969
	0.008804097566	0.005779554508	0.004837228181	0.001901788821	0.001901788821
	0.005057517495	0.004000628388	0.004000628388	0.005001110788	0.00489991604
	0.003962639012	0.003317816272	0.001696503716	0.001362356729	0.0005619503083
	0.001709911184	0.0002885513105	0.0005619503083	0.0002885513105	0.0005055134414
	0.001689256037	0.001852745363	0.001852745363	0.0006072665298	0.0009467194173
	0.001093075909	0.02762777499	0.0005358324022	0.001396855698	0.0004748218011
	0.0007922395895	0.0006072665298	0.0003390603689	0.0003390603689	0.0006072665298
	0.0003283350712	0.0001978795996	0.0001517734977	0.0002934526813	0.0001743384836
	0.0001682558484	6.191209614e-05	6.239831379e-05	6.239831379e-05	1.473253608e-05
	0.004206896393	0.002592546032	0.07938048745	0.02954017606	0.004837228181
	0.001921410355	0.001921410355	0.005366609949	0.00555114971	0.005001110788
	0.004206896393	0.003793443568	0.005096875981	0.003361744603	0.00176731366
	0.00176731366	0.001204964637	0.001821582496	0.0002885513105	0.0003654023469
	0.0011101607	0.0001668938003	0.0001682163121	0.001396855698	0.001386652139
	0.001461076954	0.001005046028	0.001093075909	0.001386652139	0.01941870992
	0.001542251822	0.001077209052	0.001542251822	0.001077209052	0.0002934526813
	0.0004743588664	0.0003390603689	0.0005507144203	0.0003283350712	0.0002763785559
	0.0002504008615	0.0001743384836	0.0003974435627	0.0001016860375	0.0001682558484
	9.052920338e-05	1.187339398e-05	9.052920338e-05	1.473253608e-05	1.473253608e-05
	0.00529042758	0.005521056289	0.002537935185	0.08826524344	0.0383201264
	0.003933000565	0.002537935185	0.00555114971	0.00555114971	0.006103674389
	0.006714265346	0.005795843541	0.004771837371	0.004482891373	0.003374614739
	0.0011101607	0.001709539464	0.0011101607	0.001709539464	0.0003649639758
	0.000163113543	0.0006501070405	0.0001131857182	0.0001131857182	0.001067033756
	0.001293018811	0.0009445336567	0.001005046028	0.001293018811	0.02043525052
	0.001542251822	0.001077209052	0.001464600325	0.0003134573358	0.0007789259068
	0.0005507144203	0.0004537017012	0.0002504008615	0.0002504008615	0.0003220004638
	0.0003858903827	0.0003677689578	0.0001685305356	5.22609306e-05	9.095133868e-06
	4.554052149e-05	8.936872208e-06	8.936872208e-06	0.005521056289	0.004516288195
	0.003210808278	0.05894091458	0.04002920675	0.003210808278	0.006220559036
	0.006829406479	0.006981756228	0.004617483743	0.005211480074	0.004414590808
	0.003374614739	0.00111126025	0.001709539464	0.002410797376	0.002443056029
	0.002443056029	0.0001498890597	0.0003717313485	0.0003718526719	0.0001131857182
	0.0001498890597	0.0001456945411	0.0001456945411	0.001691045428	0.0008221113757
	0.0009445336567	0.001077326506	0.02043525052	0.001653206319	0.001464600325
	0.001691045428	0.0003677689578	0.0006747376956	0.00106607404	0.0008060647669
	0.0004765376618	0.000566924842	0.0003220004638	0.0001613430198	0.0002931525492
	0.000566924842	0.0003858903827	0.0003858903827	3.997592868e-06	5.035105005e-05
	0.0002037620303	0.0002037620303	7.942656627e-05	0.0001109184715	6.758260427e-05
	1.454578066e-05	7.748818221e-05	0.00494038745	0.004516288195	0.004917914366
	0.04307073131	0.0123233122	0.006220559036	0.006981756228	0.006981756228
	0.00494038745	0.006829406479	0.004414590808	0.004178349102	0.004215440647
	0.001069674957	0.001581773574	0.002267901506	0.003288470672	0.0001498890597
	0.001176993821	0.0004820770247	0.0004820770247	0.0003637227184	0.0003637227184
	0.0002315144793	0.001691045428	0.001774135813	0.01307166273	0.002481894164
	0.002464120179	0.0006747376956	0.001434908533	0.0006747376956	0.001079095548
	0.0004765376618	0.000566924842	0.0003352055481	0.0004246290576	0.0005065808091
	0.0005065808091	2.163462256e-06	1.454578066e-05	5.035105005e-05	0.0002037620303
	0.0003352055481	0.0002006677729	0.0001049265382	7.69930471e-05	1.454578066e-05
	0.00494038745	0.003541919791	0.0123233122	0.04307073131	0.006314164041
	0.006182109868	0.007602296339	0.004115224675	0.006182109868	0.004178349102
	0.004178349102	0.003288470672	0.001176993821	0.002267901506	0.002267901506
	0.00198430538	0.003394135086	0.0008875152559	0.001176993821	0.0004820770247
	0.001774135813	0.000326815687	0.0003777770145	0.0005344001207	0.0005344001207
	0.002464120179	0.001434908533	0.005455258448	0.004193430765	0.0003443493375
	0.001150547418	0.001150547418	0.0006179405224	0.0005398300384	0.0004017157005
	0.0004246290576	0.0004246290576	6.670450329e-05	2.638810675e-05	6.748777315e-05
	5.938650506e-05	0.000346156982	0.0004024471073	0.0001699901887	0.000346156982
	0.0002589531853	0.0001013504474	0.003541919791	0.003541919791	0.02357439611
	0.006314164041	0.005861986337	0.006314164041	0.006797806273	0.004452150934
	0.005375778241	0.00536916907	0.0008875152559	0.00116965528	0.002523002376
	0.003457554708	0.002063146586	0.002743308754	0.001053081664	0.0006141260148
	0.0003810759916	0.00142186034	0.0005344001207	1.296325583e-05	2.363766113e-05
	0.002509241874	0.002511246468	0.001986625654	0.005139850477	0.000694982829
	0.0005398300384	0.001150547418	0.00137430632	0.0008327152792	0.0005398300384
	0.0004017157005	0.0004024471073	6.670450329e-05	7.186656721e-05	8.005647936e-05
	7.64959631e-05	8.733217791e-05	0.0004024471073	0.0001699901887	0.0001827774045
	0.0001358032312	0.0004695148788	0.004452150934	0.003469844401	0.02357439611
	0.005375778241	0.006692501413	0.005861986337	0.007008555862	0.002884640353
	0.005375778241	0.00440409238	0.005415800624	0.001763941257	0.003457554708
	0.002523002376	0.002920146529	0.002920146529	0.001763941257	0.001945473943
	0.0008973102867	0.0008973102867	0.001064837091	0.001456086444	0.001596507389
	4.004511531e-05	5.265863845e-05	5.265863845e-05	5.262810178e-05	0.002511246468
	0.002511246468	0.002138152847	0.007018588648	0.0007152891085	0.0009677753957
	0.001845014594	0.00137430632	0.001325563593	0.0006571640496	0.0005846283837
	0.0005846283837	0.0004120729798	0.0009905944546	0.0008320273717	7.186656721e-05
	7.186656721e-05	8.005647936e-05	9.417446996e-05	0.0001713724411	0.0002375570676
	0.0001713724411	0.0001294853147	0.0002454389005	0.003562855223	0.003562855223
	0.07353829402	0.007061496498	0.00365719161	0.006981627424	0.00365719161
	0.0031410769	0.005415800624	0.004826802171	0.007061496498	0.002884397831
	0.003930978449	0.002884397831	0.004826802171	0.002409814102	0.002409814102
	0.001247614976	0.001247614976	0.001358448981	0.001793005982	0.002025536812
	0.001838436321	8.920647729e-05	8.052872122e-05	5.265863845e-05	9.494611228e-05
	7.363203496e-05	0.002212252259	0.002215538483	0.002212252259	0.007932605264
	0.001222267775	0.0009677753957	0.001316581332	0.00211494848	0.001621514659
	0.0007310913995	0.0004952985642	0.0004952985642	0.0009500431461	0.00119958335
	7.476800372e-05	9.417446996e-05	0.0001294853147	0.0001415269806	0.0001834726244
	0.0004144284506	0.0002146866073	0.0004678823528	0.003562855223	0.08407386993
	0.007061496498	0.005801321096	0.00365719161	0.005801321096	0.0031410769
	0.006546303867	0.006546303867	0.002884397831	0.003218157018	0.004906835079
	0.003930978449	0.006276107633	0.002665236878	0.001904274289	0.001247614976
	0.001290667736	0.002057390035	0.00236085478	0.00236085478	0.0001106863833
	9.955843309e-05	7.560477936e-05	9.120730316e-05	9.590487655e-05	0.0001116578571
	0.002212252259	0.001966894258	0.004036591988	0.001316581332	0.001316581332
	0.002031065914	0.001621514659	0.001050503032	0.0004678823528	0.0008360113685
	0.00119958335	0.00119958335	0.001254780236	0.0001441570362	0.0002378655545
	0.0003129373607	0.0003129373607	0.000410739111	0.0002781373328	0.0004678823528
	0.000410739111	0.0006896864614	0.0007209670672	0.003333778935	0.0650966158
	0.006934894014	0.005715815915	0.005801321096	0.005416207216	0.003006545639
	0.006546303867	0.003436203221	0.004509392167	0.003764574136	0.004906835079
	0.006276107633	0.003436203221	0.003436203221	0.006374065834	0.002474381095
	0.001955523042	0.001955523042	0.002051035712	0.00250612279	0.00250612279
	0.0001068684268	9.955843309e-05	0.0001007316546	0.0001285561657	0.0001116578571
	0.0001316716311	0.0001316716311	0.0001535377993	0.001966894258	0.004036591988
	0.001743280945	0.00139233468	0.001724437184	0.001257522318	0.0008360113685
	0.00139233468	0.001257522318	0.0001441570362	0.0002088581958	0.0004069105894
	0.000423729273	0.0005565236566	0.0005565236566	0.0007209670672	0.0008288381811
	0.0007904394654	0.0008992982915	0.00717586111	0.05338449567	0.005344157335
	0.004970845826	0.004970845826	0.003575662858	0.005834006095	0.006374065834
	0.004036205972	0.004509121754	0.004561894987	0.005834006095	0.002844481686
	0.004036205972	0.006374065834	0.006075291529	0.002546886733	0.002546886733
	0.001955523042	0.002397661736	0.002397661736	0.00250612279	0.002902687244
	0.003944697555	0.0001309002554	0.0001323013932	0.0001476756564	0.0001200694574
	0.0001132436762	0.0001133117742	0.0001088473478	0.0001476756564	0.0001192799427
	8.171426916e-05	0.0001192799427	0.0001535377993	0.0001316716311	0.0001518511952
	0.0001535377993	0.001724437184	0.004130527349	0.001597842576	0.00155804975
	0.001589745897	0.001396355491	0.001257522318	0.001244827218	0.001386189841
	0.0002183843274	0.0004895559637	0.000423729273	0.0004069105894	0.0007310161382
	0.0005565236566	0.001046265122	0.0007904394654	0.001138295201	0.01035087888
	0.03273861184	0.003932878034	0.001988087763	0.002725105721	0.005834006095
	0.006238046744	0.004359632999	0.004359632999	0.005360876779	0.005468717692
	0.003331643736	0.006238046744	0.00578084324	0.005687220495	0.002490377782
	0.002546886733	0.003071583151	0.002490377782	0.002397661736	0.003157810338
	0.002712249808	0.003331643736	0.003944697555	0.003521114279	0.0001089894637
	0.0001070848884	0.0001238609828	0.0001088473478	0.0001040146178	0.0001780531196
	0.0001089894637	1.776622526e-05	8.477543945e-05	4.454015372e-05	2.436179514e-05
	0.0001146245592	8.171426916e-05	0.0001068095794	8.171426916e-05	1.051491377e-05
	1.776622526e-05	0.0003346361114	0.0001518511952	0.0001518511952	0.000335827578
	0.0052678466	0.009127148305	0.001598991932	0.001064645001	0.001064645001
	0.001322014311	0.001244827218	0.001244827218	0.00147970152	0.0003346361114
	0.0004895559637	0.0007951517377	0.0007310161382	0.0009042327524	0.001292934214
	0.0009042327524	0.001138295201	0.006082031705	0.03273861184	0.001988087763
	0.003932878034	0.002725105721	0.005141240951	0.004359632999	0.003926784467
	0.005141240951	0.005057300381	0.005057300381	0.004113960609	0.002673054088
	0.002650804966	0.002882142117	0.003335465002	0.003046088804	0.002634995804
	0.002710393178	0.002710393178	0.003521114279	0.004084613498	0.003521114279
	0.0001089894637	0.0001070848884	0.0001000218225	0.0001096749227	0.0001606918032
	0.0001966221166	0.0001017984161	1.776622526e-05	3.791511369e-05	2.573820571e-05
	4.895057157e-05	0.0001068095794	6.18315529e-05	7.683953738e-05	1.365262838e-06
	1.365262838e-06	1.033487207e-07	5.559289766e-07	1.964080677e-06	1.152220316e-05
	5.316766537e-06	0.0004492554028	0.0003103776947	0.0002945508391	0.0002945508391
	0.001391326862	0.016124709	0.001322014311	0.001064645001	0.001322014311
	0.00138494188	0.001385817665	0.001276980878	0.0008032892833	0.0004492554028
	0.0009623847988	0.001120693218	0.0009042327524	0.001278242289	0.001326781228
	0.008222830406	0.05188017048	0.002896489983	0.002755457004	0.005647043413
	0.005141240951	0.004084613498	0.003926784467	0.004257052685	0.004113960609
	0.004113960609	0.002673054088	0.002673054088	0.00275768967	0.003058288445
	0.003627993237	0.003046088804	0.003046088804	0.002673540482	0.002673540482
	0.003197311074	0.003421358707	0.003220254989	0.0001164471215	0.0001164471215
	8.441838212e-05	0.0001606918032	0.0001940620453	0.0001966221166	9.307477132e-05
	1.468731939e-05	3.92889695e-05	3.92889695e-05	4.581631208e-05	5.059595066e-05
	5.059595066e-05	1.008331445e-05	1.033487207e-07	9.125309397e-10	1.964080677e-06
	2.274974076e-08	9.109695398e-08	2.274974076e-08	2.458410125e-06	5.316766537e-06
	5.246265776e-06	0.0004492554028	0.000296248605	0.0002945508391	0.0004285530513
	0.008782907044	0.016124709	0.0009861331244	0.0007786616637	0.0009861331244
	0.001278242289	0.001322763465	0.001322763465	0.001128832956	0.001120693218
	0.0009623847988	0.0006512629635	0.0009623847988	0.001211927083	0.001211927083
	0.001378952081	0.005647043413	0.05954236046	0.001864858594	0.002755457004
	0.007294025819	0.003211836307	0.003228959001	0.003211836307	0.002683807003
	0.002966377431	0.002225558887	0.002567516167	0.002646836061	0.002828625853
	0.003093387263	0.0038866356	0.004832863613	0.002589535611	0.002678992876
	0.002673540482	0.003228959001	0.003475644476	0.003164361091	0.0001164471215
	9.527473569e-05	9.527473569e-05	0.0001940620453	0.0001940620453	0.0003397112611
	0.0001023522711	2.269632053e-05	2.269632053e-05	4.581631208e-05	6.014797585e-05
	4.396706741e-05	1.008331445e-05	5.246265776e-06	1.538296481e-07	1.146229685e-07
	2.079139388e-06	2.274974076e-08	2.484550481e-07	1.432276298e-07	5.246265776e-06
	0.0005732333506	0.0003397112611	0.0005526332364	0.004875281091	0.02368130398
	0.0009861331244	0.0006738724826	0.001128832956	0.001221304139	0.001322763465
	0.001132684305	0.0007199683829	0.001082141582	0.001086995604	0.001086995604
	0.001211927083	0.001386782089	0.03012103549	0.07759860171	0.00285331667
	0.002083432489	0.007294025819	0.002683807003	0.002312492329	0.001760072837
	0.002530203791	0.002461135638	0.002461135638	0.002002119606	0.002567516167
	0.002567516167	0.002646836061	0.002909707301	0.0038866356	0.004832863613
	0.004832863613	0.002083432489	0.002589535611	0.002354604727	0.002312492329
	0.00229549897	0.00182140992	0.0001023522711	0.0001175816305	7.892932781e-05
	0.0003775252254	0.0002511826466	0.0001526081745	0.0002511826466	0.0001341463186
	2.269632053e-05	3.37781905e-05	3.37781905e-05	4.717674593e-05	8.868547496e-07
	9.944666163e-06	4.453816721e-06	1.146229685e-07	1.146229685e-07	1.053579433e-06
	1.225073361e-06	1.225073361e-06	1.432276298e-07	2.027452061e-06	8.868547496e-07
	0.0005526332364	0.0005526332364	0.004875281091	0.01197107845	0.0005139239855
	0.001011513432	0.0005139239855	0.001157085493	0.001221304139	0.0007477242815
	0.0008091361665	0.0006210044105	0.001274426756	0.001050379613	0.001009122696
	0.001329394096	0.03012103549	0.08828927273	0.002083432489	0.01005948532
	0.001760072837	0.001760072837	0.002379176161	0.00182140992	0.002110839905
	0.002110839905	0.001539266277	0.00218278756	0.00218278756	0.002561815422
	0.002911924122	0.00288726751	0.00408898358	0.005099795527	0.001961645661
	0.001858096749	0.001858096749	0.001308688842	0.001554935482	0.00182140992
	1.62589829e-05	0.0003825845099	0.0001175816305	9.435250947e-05	0.0003555395326
	0.0002511826466	0.0001549248578	0.0001549248578	1.62589829e-05	6.936178204e-05
	3.682128287e-05	4.717674593e-05	2.610505947e-06	3.765448274e-06	1.412939119e-06
	5.802774887e-06	6.939275993e-06	5.802774887e-06	2.027452061e-06	1.644421545e-06
	2.610505947e-06	1.644421545e-06	0.0006210044105	0.001011513432	0.0051142202
	0.0005139239855	0.001052382905	0.0006273997446	0.001329394096	0.001157085493
	0.0007999748404	0.0008024776064	0.0008683946262	0.001274426756	0.001141202559
	0.001141202559	0.001149572827	0.05258415133	0.0909813603	0.006570219014
	0.01005948532	0.001720874085	0.001095624764	0.001585869069	0.002110839905
	0.002008862911	0.002008862911	0.001720874085	0.002232236688	0.00218278756
	0.002561815422	0.002561815422	0.002911924122	0.00408898358	0.005065676285
	0.00408898358	0.004134833085	0.001858096749	0.001308688842	0.001170382438
	0.001504254294	0.001170382438	0.000478947318	0.000478947318	1.071853008e-05
	9.825769713e-06	0.0003825845099	0.0001289763926	0.0001289763926	0.0002278499901
	0.0001673820413	0.0001745423166	0.0003594649392	3.682128287e-05	0.0001014997046
	3.682128287e-05	2.610505947e-06	8.603499368e-06	1.625654942e-05	1.897367568e-05
	2.826459237e-05	1.708441922e-05	1.024440353e-05	1.061652392e-05	1.061652392e-05
	0.0008624992163	0.001052382905	0.002489245108	0.0006273997446	0.0007379268398
	0.0006273997446	0.0008897833334	0.001145629068	0.001145629068	0.001040674218
	0.0008624992163	0.001210460339	0.001047145662	0.001102531684	0.001312942258
	0.03389564352	0.05860315434	0.004134833085	0.01213078258	0.001095624764
	0.001095624764	0.001210839343	0.001617595262	0.001265311422	0.003325136775
	0.001624023745	0.002251028127	0.002251028127	0.002086095257	0.004935372413
	0.002828067697	0.002825653185	0.005065676285	0.003325136775	0.001115687548
	0.001624023745	0.0009179233901	0.001170382438	0.001210839343	0.0006228625045
	0.0008177355275	0.0005606930727	0.0003594649392	1.034142909e-05	1.034142909e-05
	0.0003050646293	0.0001289763926	0.0002278499901	0.0002281632881	2.890727022e-05
	2.890727022e-05	9.625249637e-05	7.070303297e-05	1.657344954e-05	1.625654942e-05
	4.124626657e-05	5.12615897e-05	3.738491065e-05	2.725183653e-05	1.708441922e-05
	4.792148786e-05	4.792148786e-05	0.0005606930727	0.0009670082241	0.002978539807
	0.002489245108	0.0007619836875	0.0005869813229	0.0008621609738	0.0013099613
	0.001251035409	0.001413098331	0.0009670082241	0.001047145662	0.001047145662
	0.00106616255	0.03646765211	0.04593807534	0.009219285287	0.009219285287
	0.00119668152	0.002309456605	0.0009929255717	0.001265311422	0.003325136775
	0.00178000651	0.002107497303	0.002107497303	0.002018857288	0.003949207301
	0.003941415207	0.002828067697	0.003255329265	0.005068385665	0.001132745139
	0.001403805991	0.001010123462	0.0009855007513	0.00119668152	0.0009855007513
	0.0006847491606	0.0005402767662	0.0005999812291	0.0005606930727	0.000323881384
	2.751307589e-05	0.0002281632881	0.0001777594314	0.0002606245528	0.0002606245528
	6.007005706e-05	2.709587904e-05	0.0001352724246	6.007005706e-05	2.864133971e-05
	4.124626657e-05	4.124626657e-05	4.356493772e-05	8.368555822e-05	6.634763744e-05
	4.792148786e-05	0.0005757434654	0.0008987854336	0.0008987854336	0.001259106976
	0.004002945455	0.0007619836875	0.0008378390357	0.0009807369363	0.00106616255
	0.001413098331	0.001346776655	0.0009071435583	0.001213295631	0.00106616255
	0.02660046242	0.04593807534	0.009219285287	0.01323687067	0.002392996796
	0.0006133140439	0.0007472615434	0.003167602953	0.001436110309	0.001436110309
	0.001629603279	0.003798912014	0.001874622723	0.003941415207	0.003941415207
	0.002651619099	0.00779612918	0.0007667582908	0.001084278458	0.0007667582908
	0.0009855007513	0.002392996796	0.001290888339	0.0006990394455	0.0006990394455
	0.0005999812291	0.0004705396908	0.0003698089709	4.358852142e-05	4.358852142e-05
	0.0002357082561	0.0001926338469	0.0001995049121	6.007005706e-05	0.0001260096364
	8.051197352e-05	4.624781678e-05	6.920080339e-05	0.0001253915384	0.0001253915384
	4.356493772e-05	4.356493772e-05	8.368555822e-05	6.634763744e-05	0.0005757434654
	0.0008055152137	0.0008055152137	0.0005757434654	0.0008378390357	0.0009284537007
	0.001268857377	0.001156449193	0.001857501837	0.001126086249	0.001664686145
	0.001857501837	0.0009071435583	0.0009430097503	0.0009430097503	0.01323687067
	0.03775770884	0.009806063813	0.009806063813	0.003118923892	0.0006290666411
	0.000535197448	0.004926735793	0.001084278458	0.001279712808	0.004413119118
	0.001492452447	0.003099894774	0.002150975454	0.002623227488	0.002125614313
	0.00779612918	0.0005717172735	0.0008307594818	0.001084278458	0.0004340934292
	0.001707751344	0.001833238291	0.0006990394455	0.0007075496948	0.0005833620379
	0.000535197448	0.0004238846948	0.0003698089709	0.0002729256143	4.358852142e-05
	8.215801164e-05	0.0001175647089	0.0002630229257	0.0001995049121	0.0001995049121
	0.0001175647089	4.624781678e-05	6.796817212e-05	0.0001205059371	0.0001253915384
	0.0001206621687	0.0001470897255	7.789587816e-05	0.0001222297043	0.0001036506384
	0.0003991205685	0.0006764029125	0.0006532376194	0.0006528536937	0.001156449193
	0.001750496497	0.001644539608	0.001156449193	0.001857501837	0.001126086249
	0.001708463081	0.001708463081	0.0009430097503	0.0009742385113	0.02533300006
	0.02136526699	0.009806063813	0.01024775059	0.004926735793	0.0006290666411
	0.004926735793	0.0008307594818	0.001279712808	0.001492452447	0.00413740632
	0.003593228031	0.002150975454	0.00245565546	0.002150975454	0.002600865323
	0.0009810896659	0.007276517034	0.0004340934292	0.0008307594818	0.0004340934292
	0.0003665980337	0.00210808143	0.003197960274	0.0007392374647	0.00210808143
	0.0008305483985	0.0005130750778	0.0004238846948	0.0003634716643	0.0002533796032
	0.0002533796032	5.551375991e-05	8.215801164e-05	0.0001233682609	0.0001658099875
	0.0001658099875	8.18041886e-05	6.796817212e-05	0.0001377666767	0.0001377666767
	0.0001951849375	0.0001951849375	0.000269478556	0.000269478556	0.0001033056249
	0.000112805401	0.0001613852631	0.0003634716643	0.000458045496	0.0005211897633
	0.0007275419757	0.0006528536937	0.001642265813	0.004950733712	0.002103270139
	0.001650645521	0.002284634261	0.001481461987	0.001145479856	0.001168368416
	0.0007997487158	0.001091941708	0.001595674935	0.01024775059	0.02136526699
	0.008551373078	0.008551373078	0.005247118911	0.005693863065	0.0004397975684
	0.0006717542364	0.0009901783153	0.001465018361	0.003457283188	0.002989690936
	0.002989690936	0.00204965247	0.001836426385	0.002156132125	0.0009810896659
	0.0009810896659	0.007771010453	0.0003665980337	0.0006377361538	0.0004397975684
	0.0003665980337	0.00210808143	0.003153126763	0.001750285941	0.001649632015
	0.0008305483985	0.0005130750778	0.0006356999432	0.0003438869105	0.0002753598449
	0.0002061086743	0.0002753598449	0.0001209106402	0.0001233682609	0.0001233682609
	0.000131345668	0.000131345668	0.000156427046	0.0003779560674	0.0002855264708
	0.0002855264708	0.000269478556	0.0002308984354	0.0002273183009	0.0002273183009
	0.000156427046	0.0007275419757	0.000458045496	0.0004232741594	0.0005500453178
	0.0005500453178	0.003799152814	0.003285695457	0.002284634261	0.002284634261
	0.002548334177	0.001091941708	0.0009752761623	0.001091941708	0.001882407482
	0.009827055382	0.009827055382	0.003454796368	0.007771010453	0.005144499874
	0.005693863065	0.0003649984203	0.0004511193976	0.001257840416	0.00146466907
	0.002979596966	0.002989690936	0.002458719419	0.00204965247	0.00204965247
	0.0009566726233	0.0006377361538	0.006662562784	0.005144499874	0.0003412257394
	0.0006377361538	0.0003412257394	0.0004834900535	0.001644007349	0.003442110998
	0.004873436687	0.003442110998	0.001644007349	0.0009689279792	0.001271143927
	0.0006356999432	0.0006356999432	0.0003165782098	0.0002753598449	0.0002227208198
	0.0002227208198	0.0001541417782	0.0001790222893	0.000131345668	0.0001737187407
	0.000156427046	0.0004232741594	0.0003809858462	0.0004298248628	0.0005394790883
	0.0004291519642	0.0002273183009	0.0003301300798	0.0003301300798	0.0002249302933
	0.0005619746871	0.0004232741594	0.0005500453178	0.0005300489049	0.002820716801
	0.01131890039	0.003475764322	0.003475764322	0.002548334177	0.001882407482
	0.001424722966	0.0006964730502	0.0008507794129	0.001424722966	0.009827055382
	0.007603012874	0.003177543563	0.006662562784	0.005144499874	0.0003437370663
	0.001114118805	0.001114118805	0.002946737507	0.002946737507	0.002333916095
	0.002100476185	0.00178269379	0.0008953067937	0.0005344564721	0.0006986523612
	0.006662562784	0.005056899882	0.0004050601094	0.0004834900535	0.0005344564721
	0.0003644683087	0.0003437370663	0.0004050601094	0.0005300421507	0.002827140985
	0.004873436687	0.003442110998	0.00408918809	0.001986670251	0.001055301739
	0.002219578217	0.001077838251	0.001077838251	0.0003165782098	0.0002730686784
	0.0002479171332	0.0001989486408	0.0001989486408	0.0001411846581	0.0001925868537
	0.000247530569	0.0003955351895	0.0003809858462	0.0006062733636	0.0004291519642
	0.0004291519642	0.000437074407	0.0003604934122	0.0003624871707	0.0002249302933
	0.0006104794718	0.0005638336063	0.0005638336063	0.0005409458529	0.00875631059
	0.00964955123	0.006238283066	0.005126654681	0.003219508722	0.002461255771
	0.001164455448	0.0006429187103	0.001164455448	0.00314839915	0.002794653262
	0.002185664992	0.003600828957	0.004839386181	0.001114118805	0.001391586532
	0.002729468164	0.002946737507	0.002950391975	0.001902839333	0.001902839333
	0.001649248215	0.001380307323	0.00112029972	0.0005481220882	0.0005344564721
	0.000417739751	0.005506478538	0.004997333706	0.0005161037237	0.0004637517943
	0.0003503658842	0.0003518181545	0.0003809257862	0.0008490129872	0.004880740812
	0.003352727371	0.003352727371	0.002219578217	0.001247114984	0.002219578217
	0.001077838251	0.001182522546	0.0002943526851	0.0002730686784	0.0002479171332
	0.0002479171332	0.0001894733865	0.000247530569	0.000247530569	0.0004096432136
	0.0004096432136	0.0006522346308	0.0006522346308	0.000437074407	0.000437074407
	0.0003604934122	0.0003692751449	0.00028485109	0.0005638336063	0.0005448792597
	0.0005448792597	0.00875631059	0.02682885335	0.007147052689	0.004548987371
	0.003807298669	0.002461848906	0.001164455448	0.001037632775	0.001234148327
	0.0009832777733	0.003731969078	0.003690163778	0.004053948947	0.004997333706
	0.00112029972	0.002585857039	0.002585857039	0.002038350621	0.001913524432
	0.001680250581	0.0006994813425	0.001649248215	0.0008949267013	0.0008949267013
	0.000417739751	0.000417739751	0.0003458066598	0.003542972731	0.003041857072
	0.0006538722721	0.0003809257862	0.0003518181545	0.0003518181545	0.001110531835
	0.001110531835	0.004880740812	0.004880740812	0.003083626216	0.002594490272
	0.002594490272	0.00210387595	0.00210387595	0.001245573555	0.0002386986491
	0.0003569530958	0.0003218712029	0.0003218712029	0.0002813059939	0.0004462606312
	0.0005277288636	0.0004917679213	0.0009644530968	0.0007978686494	0.0006388296611
	0.0005952758377	0.0003692751449	0.0003692751449	0.0003342364349	0.0006821699063
	0.0007226827525	0.0005724222076	0.0005788505924	0.01145359797	0.02682885335
	0.007147052689	0.006321597432	0.003763587246	0.002771512988	0.001234148327
	0.001303173342	0.001232785128	0.001140283773	0.003690163778	0.001752677904
	0.003659682437	0.0005793153739	0.0008036628586	0.002439430861	0.002585857039
	0.002574449	0.001913524432	0.004385556986	0.001680250581	0.001541582427
	0.0006873263456	0.001123404419	0.0008786732499	0.0004636171251	0.0003848137764
	0.0003458066598	0.003542972731	0.003542972731	0.0008036628586	0.0004792555833
	0.000389258613	0.001110531835	0.001188871467	0.001947979443	0.004162173571
	0.004403119134	0.002812618254	0.002431978675	0.00210387595	0.001947979443
	0.0002962269694	0.0003557528678	0.0003218712029	0.0003342364349	0.0005771577405
	0.0006256109291	0.0005212662444	0.0009437240533	0.0009437240533	0.0008545930716
	0.0005952758377	0.0004933205952	0.0003878416983	0.0004093578368	0.0006980532793
	0.0006958949622	0.0006979831207	0.0007469169271	0.01919704036	0.03644668638
	0.006321597432	0.006321597432	0.004362494976	0.001138556647	0.001396214069
	0.0008492436032	0.002534904066	0.002242321263	0.001752677904	0.007875525493
	0.001752677904	0.003659682437	0.004385556986	0.0008036628586	0.0004491906634
	0.002582162366	0.002426344871	0.002426344871	0.001901727903	0.001541582427
	0.004162173571	0.001075311546	0.001075311546	0.0004636171251	0.0008786732499
	0.0008786732499	0.000377164369	0.0003376622266	0.0003376622266	0.003441981936
	0.001919658953	0.0007737416122	0.0004491906634	0.001023243045	0.001557971626
	0.001023243045	0.002058065868	0.002058065868	0.003591176763	0.003124302031
	0.002861409072	0.002395940811	0.0004326823208	0.0003768696231	0.0004326823208
	0.000600791947	0.0006980532793	0.0005212662444	0.0006980532793	0.001100512406
	0.0008545930716	0.0008545930716	0.000552825147	0.000552825147	0.0005518138221
	0.0005105942824	0.0008492436032	0.0006732655187	0.0006732655187	0.01919704036
	0.0293571512	0.01336296207	0.004362494976	0.004362494976	0.001396214069
	0.0008492436032	0.0008686810122	0.001148342577	0.001489366014	0.001821038465
	0.001367604006	0.01870059918	0.0017935287	0.003441981936	0.003757104619
	0.003732241383	0.0006815080408	0.0003388215165	0.000377164369	0.002342400112
	0.002438634524	0.002146930311	0.002146930311	0.001572974877	0.001306526147
	0.003591176763	0.001075311546	0.000472367219	0.0007071397362	0.000377164369
	0.0002974893	0.0004482428952	0.002491425868	0.001149419527	0.0007338515856
	0.0005065764898	0.001023243045	0.001480522012	0.00126657893	0.002395940811
	0.001886016808	0.003591176763	0.003092567349	0.002395940811	0.003141571672
	0.0007165168336	0.0004880358141	0.0004326823208	0.000600791947	0.0005985313664
	0.0007165168336	0.001233517595	0.000949239597	0.000949239597	0.0007989457517
	0.0007989457517	0.0005105942824	0.0005105942824	0.0008542728592	0.0006732655187
	0.001159225074	0.01336296207	0.06434175402	0.01099169616	0.004020325787
	0.006034934088	0.001148342577	0.001152950743	0.001152950743	0.001299754706
	0.006254820608	0.001367604006	0.01525130196	0.001149419527	0.002797394609
	0.002722343117	0.003141571672	0.0007338515856	0.0003128328395	0.0003453245581
	0.0003453245581	0.001668975418	0.002829258409	0.001854721145	0.002309655814
	0.00167747694	0.001854721145	0.001094141373	0.001094141373	0.0008661849066
	0.003336278463	0.0007071397362	0.0002974893	0.0002974893	0.0003661223237
	0.0003661223237	0.001149419527	0.0007338515856	0.0006483332672	0.0005116151728
	0.00108916504	0.00156172901	0.00126657893	0.001198534683	0.002591615966
	0.001754695628	0.002770650202	0.002579677093	0.003141571672	0.000887196638
	0.0005339420238	0.0005339420238	0.0007060633245	0.000689396956	0.0008872724202
	0.001784585394	0.001456079771	0.001105974722	0.0007989457517	0.0008693508493
	0.000642740424	0.0006178460896	0.0006178460896	0.0009812368943	0.0009812368943
	0.001392863473	0.01344014077	0.06434175402	0.01007175749	0.004020325787
	0.006422854567	0.001299754706	0.001104901849	0.001392863473	0.001152950743
	0.001824409804	0.006254820608	0.001673900855	0.01525130196	0.001003483906
	0.002677388141	0.002722343117	0.002722343117	0.002677388141	0.0003453245581
	0.0004321897756	0.002770650202	0.001668975418	0.0008661849066	0.002829258409
	0.002829258409	0.001854721145	0.002049799746	0.001137143349	0.001466425854
	0.001094141373	0.0005124587036	0.002876144996	0.0004321897756	0.00024166386
	0.0002430517747	0.0002948562222	0.0003589136588	0.0003589136588	0.001003483906
	0.000875412554	0.0007019392744	0.0005632459207	0.00104387125	0.00156172901
	0.001198534683	0.001198534683	0.001937420148	0.002419800171	0.002770650202
	0.002608819684	0.0008872724202	0.0008232801158	0.0008232801158	0.0008872724202
	0.002083148726	0.002083148726	0.001105974722	0.0008693508493	0.0007680421039
	0.0007680421039	0.0007713121554	0.0007109161387	0.0009812368943	0.001392863473
	0.02782757672	0.06889610767	0.01007175749	0.003738777252	0.001543459215
	0.003738777252	0.001824951803	0.001824951803	0.001645848424	0.00183996895
	0.002243839646	0.01001677344	0.001673900855	0.02657691541	0.0009978408773
	0.002677388141	0.002037309705	0.00153772623	0.001937306251	0.001809030042
	0.0004321897756	0.002520780584	0.001253613731	0.0006760961956	0.003375002386
	0.002027072619	0.001828224474	0.001466425854	0.001340154326	0.0009200600539
	0.001054306393	0.0009200600539	0.0006760961956	0.0005124587036	0.0024102637
	0.0003079588296	0.0002134343136	0.000225638622	0.000225638622	0.0002503073012
	0.0003589136588	0.000435958925	0.001411992162	0.001130328984	0.000875412554
	0.0006702543478	0.0005491769685	0.00104387125	0.001692176708	0.001461186789
	0.001308209115	0.001989346658	0.001785991339	0.0024102637	0.00225531863
	0.001989346658	0.002608819684	0.00153772623	0.00120104091	0.001196964652
	0.0008924689903	0.002083148726	0.001127486901	0.0008745869798	0.0008924689903
	0.0008745869798	0.0007687747436	0.0007615586489	0.0007615586489	0.001241555645
	0.001324033686	0.02782757672	0.06889610767	0.006679471989	0.003909453953
	0.002010086778	0.002039050497	0.002661627686	0.001824951803	0.001851113307
	0.002661627686	0.01041390368	0.002875101154	0.02657691541	0.001411992162
	0.00186547664	0.001738542052	0.00153772623	0.001809030042	0.001316143265
	0.001316143265	0.0008117413694	0.0009200600539	0.0008425918006	0.0006408432016
	0.0004432805782	0.0003087279954	0.001939632196	0.0002016933854	0.0002125020784
	0.000225638622	0.0002709748694	0.0003354466755	0.0003711334232	0.001130328984
	0.001130328984	0.001467795612	0.0006702543478	0.0005491769685	0.0005491769685
	0.0008079948535	0.001531571929	0.001308209115	0.000980858368	0.001989346658
	0.001688122867	0.001852022972	0.00225531863	0.001852022972	0.001378693075
	0.001241555645	0.0008924689903	0.002181224572	0.0008187093533	0.001548571476
	0.0009127433013	0.0008187093533	0.0007687747436	0.0007873237171	0.0007615586489
	0.001886075513	0.001324033686	0.001324033686	0.04391585489	0.05942115808
	0.006679471989	0.003857091582	0.002323722038	0.001886075513	0.002078480011
	0.002323722038	0.002829475728	0.008147524382	0.003795755336	0.01657277905
	0.003795755336	0.001574343576	0.001467795612	0.001398210371	0.0008117413694
	0.0003260804838	0.0006193068408	0.0008425918006	0.0003546558227	0.0003260804838
	0.001939632196	0.0001553058701	0.0001856091099	0.0002299229837	0.0003711334232
	0.0002470653939	0.0003711334232	0.001929174014	0.001237782296	0.001929174014
	0.001467795612	0.0004634580546	0.0006394234416	0.0005754597813	0.0007767741444
	0.001216209072	0.001216209072	0.00084936293	0.001682401178	0.001395813752
	0.001226683302	0.001852022972	0.001533354471	0.001574343576	0.001365502647
	0.001395040833	0.001124351636	0.001014929481	0.001559423982	0.0008511547029
	0.001496953957	0.001131320043	0.0008075153381	0.0007873237171	0.0007873237171
	0.001781287695	0.001894060018	0.001396384021	0.001244946971	0.008267025325
	0.05942115808	0.003809033364	0.003259179058	0.003114510286	0.003809033364
	0.002323722038	0.002776707984	0.002776707984	0.002829475728	0.002842920218
	0.00281213277	0.008101548068	0.005155619813	0.01474458815	0.005155619813
	0.001398210371	0.00136527023	0.001398210371	0.0002492261079	0.0004590632928
	0.0003546558227	0.0002416593886	0.0002416593886	0.00148244501	0.0001553058701
	0.0001553058701	0.0003313126276	0.0001543702119	0.0001813455915	0.000306841558
	0.0002873889399	0.001194177834	0.001929174014	0.003856591516	0.001562601958
	0.002048428898	0.001147229843	0.0004966920988	0.0005754597813	0.0005754597813
	0.00084936293	0.001049319661	0.001049319661	0.00084936293	0.001395813752
	0.001203396411	0.001077182298	0.00148244501	0.001249895799	0.001219757165
	0.001147229843	0.001242969392	0.001219757165	0.001014929481	0.0008511547029
	0.001496953957	0.0008511547029	0.001496953957	0.001108218236	0.0008485650414
	0.0008485650414	0.001894060018	0.001894060018	0.001244946971	0.001190864996
	0.01628622312	0.01845227662	0.00283689469	0.003114510286	0.002765941272
	0.002480016649	0.00316311354	0.002776707984	0.002480016649	0.003082124518
	0.00316311354	0.003920892073	0.003742503669	0.007277286298	0.005155619813
	0.01159500964	0.003856591516	0.001234389352	0.001234389352	0.00148244501
	0.0001494796031	0.0003313126276	0.0003924752358	0.0001784217249	0.0002174306923
	0.0002698940654	0.0011475089	0.002434911606	0.001194085551	0.002110244022
	0.002048428898	0.001147229843	0.0003906990211	0.0004966920988	0.0006255607041
	0.0006128313433	0.0009033983052	0.0007676270167	0.0007924171232	0.001370968774
	0.001207435443	0.0009273581058	0.001342067537	0.001249895799	0.001249895799
	0.001219757165	0.001242969392	0.001194085551	0.001093511717	0.001016761752
	0.0008306444743	0.001416791911	0.000760203233	0.001418945325	0.00102907447
	0.0008485650414	0.001230196596	0.0009465311873	0.001190864996	0.00363551693
	0.01845227662	0.00363551693	0.002765941272	0.003622349736	0.001827225914
	0.002237471076	0.00339091227	0.002958102328	0.00339091227	0.004468218897
	0.007277286298	0.007126252908	0.0122941802	0.004707853658	0.003909666642
	0.001142186962	0.001234389352	0.001119469146	0.002871845851	0.001194085551
	0.002106726578	0.001206487188	0.000505984252	0.0005667131843	0.0006128313433
	0.0009273581058	0.0006752415694	0.000566927989	0.001207435443	0.001061897649
	0.0009273581058	0.001095956278	0.001095956278	0.001121162756	0.001093511717
	0.00128131905	0.001220953071	0.001153029319	0.001368860471	0.001913291693
	0.001106358571	0.0008180304981	0.0008180304981	0.00190581067	0.0008048756448
	0.000946554959	0.0009715260718	0.001358771521	0.001238601822	0.0009465311873
	0.00079864518	0.01204707762	0.00363551693	0.008827001327	0.0024205704
	0.002999049417	0.003622349736	0.003890169948	0.001827225914	0.002273891147
	0.003597342537	0.002958102328	0.003597342537	0.004707853658	0.006421906466
	0.01281607375	0.004853427733	0.002658670323	0.001081273665	0.001139908156
	0.001368860471	0.001205352272	0.000553411257	0.0005910846465	0.0006752415694
	0.000566927989	0.000566927989	0.00139867548	0.000917171192	0.0008091476432
	0.0008273865988	0.0009640150324	0.0009640150324	0.001020015208	0.00123778942
	0.001153029319	0.003041038652	0.001939610215	0.001372778095	0.001939610215
	0.000979625274	0.001031941914	0.001081273665	0.00079864518	0.0006485031245
	0.001717582519	0.0008388869525	0.0008388869525	0.001356407617	0.001035115004
	0.001035115004	0.0007691573057	0.0007542789955	0.01204707762	0.002407235314
	0.005536197781	0.002407235314	0.00243243768	0.003767255177	0.003890169948
	0.003890169948	0.001806360188	0.003080460805	0.00363878768	0.00232804343
	0.003080460805	0.003597342537	0.004853427733	0.006711722612	0.01227973153
	0.004593141971	0.001119609509	0.001119609509	0.0007209442335	0.0006210668339
	0.001404775266	0.001372778095	0.0008091476432	0.0008091476432	0.0007622411995
	0.0009095839778	0.0008445252077	0.000941374931	0.001267927765	0.001197599754
	0.003041038652	0.001939610215	0.00182949084	0.001372778095	0.000956852879
	0.001047970046	0.001086355742	0.0006485031245	0.0006485031245	0.0009921997959
	0.0007352111595	0.001356407617	0.001356407617	0.0006700661886	0.0006700661886
	0.0006700661886	0.06734653316	0.00549223947	0.002369920019	0.002407235314
	0.002549779784	0.002841017103	0.003073534686	0.004381138029	0.003794539
	0.001806360188	0.003794539	0.003107995489	0.003107995489	0.005310248135
	0.007105611829	0.01174749846	0.005310248135	0.01174749846	0.001197599754
	0.0006784426204	0.00128530543	0.001404775266	0.001547911912	0.0006784426204
	0.0008445252077	0.0007622411995	0.0008720190637	0.0008127285688	0.000907674431
	0.001247291014	0.002962131685	0.00182949084	0.00182949084	0.001901857697
	0.001531733252	0.001013993228	0.001057257405	0.001135499349	0.001135499349
	0.0004739506639	0.0006065714515	0.000799511818	0.0008249995972	0.001386653314
	0.0009806817173	0.0005283067819	0.0005283067819	0.04206595534	0.00549223947
	0.002841572072	0.002549779784	0.002469653038	0.003700604229	0.004381138029
	0.003760400037	0.001880931485	0.002573382708	0.003107995489	0.001386653314
	0.005310248135	0.007116382191	0.007116382191	0.004295166535	0.004295166535
	0.006991228146	0.01284324101	0.001340871109	0.00128530543	0.00147560887
	0.000714604019	0.0008127285688	0.0008719160222	0.0008127285688	0.0009271631807
	0.001340871109	0.001358933236	0.001901857697	0.002712527093	0.001955413867
	0.001955413867	0.001457266265	0.001423349784	0.001547423004	0.001013993228
	0.001054040654	0.001177399755	0.001135499349	0.0004246483303	0.0004884349616
	0.0007447656658	0.0007447656658	0.001386653314	0.0006867940384	0.0009843095665
	0.0005283067819	0.0006840171864	0.00039286793	0.06235372961	0.009047937327
	0.002236536757	0.002112117109	0.002841572072	0.003700604229	0.003700604229
	0.003959949117	0.003749620523	0.002550009035	0.001918463704	0.002550009035
	0.001918463704	0.00647913298	0.002666160163	0.004264863453	0.00647913298
	0.007246261188	0.01284324101	0.001340684902	0.001368008719	0.0007948222119
	0.000897730619	0.000843640104	0.000911525393	0.001358933236	0.001358933236
	0.001457266265	0.001241334261	0.001954175811	0.001823089927	0.001823089927
	0.001582355559	0.001547423004	0.001402703695	0.001631521303	0.000911525393
	0.001013768463	0.001054040654	0.001192040889	0.0003767783224	0.0004853770583
	0.0007447656658	0.0007638452371	0.0003865989711	0.0006867940384	0.0007639754199
	0.0003865989711	0.0003098077997	0.05544928995	0.007160918162	0.005801081688
	0.002421600367	0.002421600367	0.002421600367	0.003419465053	0.003893664971
	0.003569015229	0.002550009035	0.003230957407	0.001918463704	0.001584901066
	0.001592062824	0.01845190623	0.0207755389	0.004264863453	0.003345788424
	0.00484270736	0.003098749429	0.003708685541	0.007246261188	0.00128471767
	0.000843640104	0.000911525393	0.001424355532	0.001542153024	0.001216220543
	0.001876825584	0.001823089927	0.001790065483	0.00128471767	0.001479785407
	0.001402703695	0.001402703695	0.001476535302	0.001001593984	0.0009933662309
	0.001071612586	0.001192040889	0.0003764007342	0.0003764007342	0.0005603946478
	0.0003865989711	0.0005145548782	0.0003098077997	0.0003098077997	0.0009233310892
	0.05544928995	0.007160918162	0.07299532178	0.07562200787	0.007160918162
	0.002864664285	0.002864664285	0.002300215523	0.002392489793	0.003637535963
	0.003273702073	0.003142543489	0.003142543489	0.002572623132	0.001584901066
	0.001670832089	0.001308919596	0.07562200787	0.01487374695	0.004149697369
	0.004257969848	0.01226622176	0.003098749429	0.003708685541	0.003187491682
	0.002142305881	0.003708685541	0.004257969848	0.00128471767	0.001424355532
	0.001216220543	0.002402629122	0.001876825584	0.001790065483	0.001101033625
	0.001476535302	0.001350846804	0.001284192642	0.001350846804	0.001479785407
	0.001488925524	0.001488663429	0.001476535302	0.00103946929	0.001101033625
	0.001155085718	0.0004614517471	0.0003172996688	0.0005603946478	0.0004620845384
	0.0003396778755	0.0007207590587	0.001049011687	0.009930407916	0.003867466215
	0.01270260699	0.01278048159	0.003867466215	0.002864664285	0.002181285014
	0.002353966315	0.002750320013	0.003015944683	0.002947918323	0.002947918323
	0.002572623132	0.001670832089	0.001757221145	0.001049011687	0.04348471908
	0.05992579817	0.01226622176	0.01219931483	0.01034619771	0.007189445852
	0.003620714983	0.00180481897	0.00214778637	0.004149697369	0.002103640087
	0.004257969848	0.002644628203	0.002713638755	0.001649153496	0.001461496444
	0.001605058412	0.001150866636	0.001363874864	0.001292539174	0.001230712799
	0.001020976165	0.001292539174	0.001350846804	0.001215871117	0.001213567067
	0.001227180292	0.001246750839	0.001188599255	0.001377877729	0.001020976165
	0.001150866636	0.0004422428125	0.0004620845384	0.0004620845384	0.0003396778755
	0.0005799884656	0.0007207590587	0.001049011687	0.004798996178	0.003004266043
	0.01278048159	0.006742995264	0.003004266043	0.002328257639	0.002850156366
	0.003015944683	0.003015944683	0.003080283931	0.002321610878	0.002321610878
	0.001757221145	0.001412706605	0.001155597974	0.03622863732	0.04122237367
	0.01534621045	0.003169855949	0.01534621045	0.006684790819	0.003169855949
	0.01494276077	0.02445650165	0.002916542323	0.001278320545	0.0011598841
	0.00128333694	0.001794460885	0.0007106355825	0.0007018064677	0.002644628203
	0.001725361717	0.001513239022	0.001370972698	0.001372808787	0.001372808787
	0.001664246374	0.001483495956	0.001303271353	0.001150866636	0.001159565631
	0.001292539174	0.001020976165	0.001160144116	0.001212462404	0.001159095211
	0.001227180292	0.001213567067	0.001137402709	0.001146800648	0.001119849741
	0.0009995677768	0.001132116066	0.0004240019934	0.0005799884656	0.0004327623716
	0.0008264968128	0.0008264968128	0.001140939359	0.003703486564	0.003004266043
	0.004357093419	0.006742995264	0.00171608293	0.001712364894	0.002328257639
	0.002422641426	0.002422641426	0.002656508062	0.002321610878	0.001771411604
	0.001771411604	0.001358825484	0.001140939359	0.01375363197	0.0197465631
	0.01174982198	0.003157863304	0.008004595769	0.006022612642	0.007569026767
	0.01375363197	0.003060301826	0.001370972698	0.0008934249648	0.0011598841
	0.001797635279	0.001445815403	0.001445815403	0.001725361717	0.001725361717
	0.001161305927	0.001230994034	0.001206133282	0.001372808787	0.001199690694
	0.001483495956	0.001483495956	0.001303271353	0.001132116066	0.001159565631
	0.001057684508	0.001119849741	0.002281531549	0.001082215598	0.001209552998
	0.001164378404	0.001111206087	0.001066477538	0.001073965076	0.0009757787031
	0.001041267511	0.0009177270664	0.0007147177	0.000746411758	0.0007147177
	0.000746411758	0.0009915097941	0.002889473133	0.002889473133	0.004357093419
	0.002945463954	0.001712364894	0.001712364894	0.002420791455	0.002059430315
	0.0021240541	0.002020166589	0.001213157674	0.001820375635	0.001544439958
	0.001213157674	0.01287750984	0.006857190465	0.005744593065	0.003060301826
	0.005784078423	0.005759639227	0.005314684539	0.002949955049	0.0008934249648
	0.001528604622	0.001299278375	0.001797635279	0.002949955049	0.001161305927
	0.001590649506	0.001161305927	0.001214097119	0.001222067304	0.00140951592
	0.001100818191	0.00119544408	0.001201196352	0.001214097119	0.004097199991
	0.001041267511	0.002281531549	0.00103420547	0.002281531549	0.001082215598
	0.000968891366	0.0010751688	0.0009777937452	0.0009685554292	0.001005517882
	0.0009177270664	0.001041267511	0.0009177270664	0.0007147177	0.0008386549084
	0.0007182985332	0.0008386549084	0.001231609118	0.002889473133	0.001670596047
	0.002945463954	0.002656806757	0.001331245099	0.001700600733	0.001331245099
	0.0021240541	0.001820375635	0.001844668368	0.001391102972	0.001820375635
	0.001231609118	0.005314684539	0.006857190465	0.003895685261	0.005744593065
	0.003475619537	0.005314684539	0.002949955049	0.001562349968	0.001562349968
	0.002235561989	0.002004061794	0.0011684565	0.001362008418	0.001214097119
	0.001222067304	0.001365647182	0.00120874461	0.00120874461	0.0009872845543
	0.001354633577	0.002037671225	0.0009221039668	0.001700600733	0.0009872845543
	0.0009872845543	0.001758802368	0.0009685554292	0.0009221039668	0.000968891366
	0.0009777937452	0.0009777937452	0.0008501467428	0.0008634224274	0.0009360556532
	0.0008975010293	0.0009226872504	0.0008386549084	0.0009133181279	0.0009881561817
	0.001207461467	0.00163040155	0.002166017332	0.001581503309	0.001382067718
	0.002037671225	0.001344269489	0.001455558826	0.001700600733	0.001344269489
	0.001629430852	0.001637422332	0.001391102972	0.001589509987	0.00126500282
	0.003647861462	0.00351387184	0.002935849529	0.002935849529	0.003475619537
	0.003536199909	0.002280338666	0.001562349968	0.00177601952	0.002280338666
	0.001393844103	0.001354633577	0.001365647182	0.001365647182	0.001168222239
	0.001250670252	0.0009846850256	0.001224636953	0.002037671225	0.002599409249
	0.0009221039668	0.0009249901526	0.0009249901526	0.001629430852	0.0008988162456
	0.0008390332032	0.0008192146457	0.0008701092939	0.0008292555247	0.0007517752683
	0.0008422623924	0.0007320993066	0.001165133354	0.00108998568	0.00108998568
	0.001181721394	0.001207461467	0.001145531169	0.001581503309	0.0009153422259
	0.001036581056	0.001344269489	0.001518710825	0.001232852098	0.001629430852
	0.001637422332	0.001637422332	0.001298012683	0.001256455357	0.002876792631
	0.002876792631	0.002044656734	0.002764637156	0.002789996707	0.00253926608
	0.002280338666	0.00177601952	0.001578024724	0.001369823014	0.001393844103
	0.001224636953	0.00155051992	0.001545985751	0.001136088562	0.001163782103
	0.0009846850256	0.0009846850256	0.001224636953	0.001278014826	0.001904754485
	0.0007658205084	0.0008390332032	0.001393241456	0.0008292555247	0.0008362656392
	0.0008390332032	0.0008192146457	0.0007257670192	0.0007383571671	0.0008304358484
	0.0006681591831	0.0007658205084	0.0006481865425	0.001403022874	0.00108998568
	0.001433972114	0.001230321368	0.001230321368	0.001036581056	0.001145531169
	0.001010109859	0.001278014826	0.001232852098	0.001393241456	0.0009206174904
	0.001344229436	0.001290222391	0.001296788389	0.001298012683	0.001256455357
	0.001916378616	0.001565509185	0.002044656734	0.002044656734	0.001916378616
	0.001526541694	0.001469301387	0.001526541694	0.001565509185	0.00135349252
	0.001226773516	0.001459619462	0.001459619462	0.001469301387	0.001060061488
	0.001050264412	0.001060061488	0.001278014826	0.001271767481	0.0007658205084
	0.0007383571671	0.0008304358484	0.0006427611025	0.0006435341047	0.0007383571671
	0.0008963901446	0.0005907413863	0.0006481865425	0.0005504060632	0.001636448832
	0.001321934519	0.001575672585	0.001230321368	0.001228790098	0.0007319480968
	0.0008029639727	0.0008930431979	0.0007319480968	0.00112424058	0.00126994089
	0.00130037893	0.0008540553613	0.001202022606	0.001202022606	0.001160459994
	0.001150868679	0.001916378616	0.001443891868	0.00140046366	0.001428045162
	0.001369338662	0.001253518459	0.001226773516	0.001462167266	0.00133257203
	0.001459619462	0.001368331668	0.001368331668	0.0008963901446	0.001060061488
	0.001012596403	0.001084895009	0.0007087503066	0.001369282086	0.0006427611025
	0.001065685348	0.000733513318	0.000733513318	0.0005716345256	0.0006435341047
	0.0006657993037	0.0008963901446	0.0005504060632	0.0005387644569	0.000487598358
	0.001575672585	0.001269641736	0.001575672585	0.001294918942	0.001228790098
	0.0007994340902	0.0006509295316	0.0008540553613	0.0006318826303	0.0009388058743
	0.001145602227	0.0009388058743	0.001163152003	0.001202022606	0.001150868679
	0.00140046366	0.00140046366	0.001252258423	0.001272094053	0.001253518459
	0.001102015044	0.001388950547	0.001161438006	0.001388950547	0.001272094053
	0.001197411917	0.001368331668	0.001012596403	0.001012596403	0.0009143283416
	0.0007650531958	0.0006547236948	0.0005387644569	0.001065685348	0.000733513318
	0.0007133804126	0.0005265076382	0.0005778608038	0.00060722712	0.0007778105479
	0.0005128566407	0.0005387644569	0.000487598358	0.00214915683	0.001294918942
	0.001768620328	0.001294918942	0.001177881132	0.001070139541	0.0006935212378
	0.0005597067912	0.0005817331846	0.0006509295316	0.0004714241147	0.0009388058743
	0.0007745764921	0.001083559406	0.001085149307	0.0006463472851	0.0008978575828
	0.0007650531958	0.001272094053	0.0008978575828	0.000869275063	0.0009765518596
	0.001161438006	0.001161438006	0.001159547526	0.001285151081	0.001159547526
	0.0009832509656	0.0008396803333	0.0008396803333	0.0008314024911	0.0005747311831
	0.0005265076382	0.0008124659694	0.0007778105479	0.0006945962682	0.000481513473
	0.000542350676	0.000542350676	0.0007438775164	0.0004061875792	0.0004293324759
	0.0004293324759	0.001768620328	0.001512140205	0.001768620328	0.001512140205
	0.001146201419	0.0009313488057	0.0009313488057	0.0006463472851	0.0005817331846
	0.0004714241147	0.0005462713991	0.0007481843361	0.0008803269537	0.0008803269537
	0.000736513732	0.0006463472851	0.0007266558952	0.0005747311831	0.0009427963739
	0.0007311096946	0.0009765518596	0.00100825804	0.0009436836402	0.0009832509656
	0.0009963283086	0.0009832509656	0.0006895450492	0.0008396803333	0.0008314024911
	0.0008314024911	0.0004584154319	0.000481513473	0.0006113437647	0.0005868264664
	0.0004338859258	0.000542350676	0.0006113437647	0.0007428687976	0.000377380138
	0.0003696678991	0.0003696678991	0.002291945749	0.001512140205	0.002291945749
	0.001146201419	0.001146201419	0.0009313488057	0.0009524594108	0.0004601108414
	0.0004547810384	0.0003936363764	0.0003936363764	0.000736513732	0.0007425097573
	0.0006980069768	0.0004601108414	0.0007311096946	0.0008044156786	0.0006780718153
	0.0006895450492	0.0008703358133	0.0009841807921	0.0006895450492	0.0008692888976
	0.0006839318841	0.0007041936543	0.0007015641388	0.0004584154319	0.0004338859258
	0.0005177399946	0.0004532086467	0.0004114676675	0.0005177399946	0.000576531774
	0.000576531774	0.0002740902047	0.0003322180166	0.0003253758782	0.002291945749
	0.001522919261	0.001843792368	0.001121051152	0.0009524594108	0.0009500046582
	0.0009524594108	0.0004601108414	0.0004074484606	0.0003936363764	0.0006980069768
	0.0007425097573	0.0006345196917	0.0004259021185	0.0005766592635	0.0005512008547
	0.0006176003003	0.0006150008491	0.0007015641388	0.0007283089949	0.0007041936543
	0.0007015641388	0.0003830634383	0.0003595287867	0.000337184965	0.0003628016135
	0.0004366074762	0.0004823716786	0.0005396299765	0.0005151996108	0.0002740902047
	0.000305871445	0.0002536263656	0.002310897841	0.001274404079	0.00181787466
	0.001274404079	0.001048804338	0.000811381515	0.001048804338	0.0003860510279
	0.0003926575369	0.0003796612093	0.0003796612093	0.0005963136933	0.0005963136933
	0.0004983328102	0.0003860510279	0.0005512008547	0.0005248908389	0.0005169400403
	0.0006465904028	0.0005379641844	0.0005212569658	0.0003830634383	0.000337184965
	0.0002975689026	0.0003500782104	0.0003887128214	0.0004139866158	0.0004516080299
	0.0005212569658	0.0001971705693	0.0002607954617	0.0002098188502	0.00181787466
	0.001247696857	0.00181787466	0.001247696857	0.001048804338	0.0007979045242
	0.0008478520133	0.0003860510279	0.0003731647777	0.0003626578523	0.0005963136933
	0.000627690943	0.0004236972936	0.0004843818813	0.0003885465218	0.0004652577927
	0.0004327355507	0.0004525520618	0.0005212569658	0.0003898515334	0.0002975689026
	0.0002975689026	0.0003036672935	0.0003482350685	0.0003803189201	0.0004224585784
	0.0004224585784	0.000167111828	0.0001884358662	0.0001884358662	0.0021670797
	0.001777460315	0.0017275669	0.001225247922	0.0009987524851	0.0008478520133
	0.0009987524851	0.0003836760896	0.0003626578523	0.0003626578523	0.0004102537868
	0.000715801248	0.0005363718041	0.0004816603827	0.0003898515334	0.0003998516945
	0.0004249264623	0.0004249264623	0.0003898515334	0.0002863762891	0.0003036672935
	0.0003036672935	0.0003288939676	0.0003245554174	0.0004224585784	0.0004031127316
	0.0001457377026	0.0001884358662	0.0001457377026	0.0021670797	0.0017275669
	0.0017275669	0.001166453537	0.0009987524851	0.000715801248	0.0007558358754
	0.0006771267378	0.0003769070748	0.000407652089	0.0003769070748	0.0004816603827
	0.0006873826185	0.0005363718041	0.0003893546184	0.0003998516945	0.0003998516945
	0.0004249264623	0.0003646334647	0.000237540648	0.0002675785807	0.0002675785807
	0.0003245554174	0.0003245554174	0.0003348421119	0.0003447830514	0.0001294009729
	0.000190049304	0.0001294009729	0.001692050468	0.001689512553	0.001689512553
	0.001162060085	0.001162060085	0.0007558358754	0.001024334328	0.0005936397318
	0.0006771267378	0.0004215650338	0.0005008474466	0.0004394247632	0.0003910196531
	0.0003550917011	0.0003447830514	0.0003550917011	0.000190049304	0.0002634027243
	0.0002629829374	0.0003482573074	0.0002634027243	0.0002892955649	0.0003408204076
	0.0003447830514	0.0001294009729	0.000183963971	0.0001421523947	0.002012275165
	0.001631339744	0.001631339744	0.001228129851	0.0006865706405	0.0009752000665
	0.0005960225928	0.0007091145341	0.0005960225928	0.0004394247632	0.0004388983929
	0.0003913453021	0.0003550917011	0.0001992001011	0.0002634027243	0.0001992001011
	0.0003482573074	0.0003472477351	0.0002892955649	0.000314874979	0.0001206465679
	0.0001421523947	0.0001421523947	0.00187777838	0.001383040541	0.001610237336
	0.001188111386	0.001383040541	0.0007379659624	0.00105786564	0.0006587402979
	0.0006587402979	0.0005100096353	0.0005100096353	0.0004513894406	0.0004513894406
	0.0001888809421	0.0002489756096	0.0001888809421	0.0003511395009	0.0003511395009
	0.0002938922528	0.0002489756096	0.0001292777196	0.0001646805309	0.0001292777196
	0.00187777838	0.001383040541	0.001790524707	0.001252097054	0.0009323759404
	0.0009323759404	0.001082518293	0.0006587402979	0.0005241796071	0.0006107269802
	0.0004510609007	0.0001888809421	0.0002489756096	0.0001854036078	0.0003333483912
	0.0004510609007	0.0003191613564	0.0001292777196	0.000174019336	0.0001571477934
	0.001790524707	0.001252097054	0.00152104792	0.0008673270128	0.0009323759404
	0.001082518293	0.0006107269802	0.0005362873969	0.0006107269802	0.0005362873969
	0.000174019336	0.0002670808743	0.0002542733633	0.0003191613564	0.0003279713893
	0.0002670808743	0.0005362873969	0.0001497405855	0.0002348932435	0.0001892777876
	0.001749684263	0.001178545104	0.001525711871	0.001525711871	0.0008673270128
	0.0009454646875	0.001235512348	0.0006411391678	0.0005538531148	0.0004504510326
	0.0002348932435	0.0003553720669	0.0003553720669	0.0007720226706	0.0006429555539
	0.0001892777876	0.0002348932435	0.0002366049577	0.001646342025	0.001235512348
	0.001360840103	0.000924983683	0.001072190105	0.00121054484	0.0007621426029
	0.0004504510326	0.0003726742512	0.0003553720669	0.000924983683	0.0007720226706
	0.0006079117284	0.0005440199439	0.0002922646913	0.0002922646913	0.001646342025
	0.001472458156	0.001482047855	0.000962535331	0.00121899421	0.0007852372093
	0.0007577087138	0.0003726742512	0.0007577087138	0.0005440199439	0.0002922646913
	0.0003065127427	0.00147812901	0.001482047855	0.001392156435	0.001061024817
	0.001224745438	0.0008590752803	0.0007577087138	0.0006043238558	0.0004725477717
	0.0003935697236	0.0003935697236	0.001589472665	0.001600181606	0.001392156435
	0.001224745438	0.0008755158371	0.0008755158371	0.0005133200199	0.0006215421937
	0.0006215421937	0.001600181606	0.001567195367	0.001438432316	0.001078381216
	0.0007979302515	0.0006215421937	0.001636644114	0.001785592796	0.001279276088
	0.0007979302515	0.0007979302515	0.001785592796	0.001785592796	0.001279276088
	0.001405901204	0.00246154308	0.001405901204	0.003127183261	0.00196735888
	0.001358776282	0.001355471293	0.001355471293	0.000513759132	0.00136773569
	0.0008924341839	0.0001725784303	0.000513759132	0.00185990317	0.004297822384
	0.00185990317	0.00160270507	0.003821618017	0.001745258659	0.001701000282
	0.004381323674	0.001322881381	0.00102768365	0.00128813031	0.001333424835
	0.00136773569	0.00136773569	0.0001725784303	0.0001137765825	0.001084965591
	0.001038286557	0.0006287318741	0.0006287318741	0.004824604374	0.0008050002101
	0.001950727009	0.001168623158	0.002015357898	0.00185990317	0.00160270507
	0.00160270507	0.001745258659	0.001745258659	0.001407377089	0.00128813031
	0.001322881381	0.0009797791558	0.0008260292464	0.00128813031	0.001124765927
	0.001010629818	0.000886855423	0.001084965591	0.001084965591	0.0002928652773
	0.001038286557	0.0008558754626	0.001202799839	0.0005220598377	0.0007378340412
	0.0006287318741	0.0006242759598	0.002897739707	0.00375812536	0.001778643667
	0.001778643667	0.001950727009	0.00207242448	0.002897739707	0.001477168079
	0.0009796712969	0.001534986382	0.001381288966	0.001430549164	0.001411046264
	0.001430549164	0.0009620212695	0.001067127729	0.0009904922639	0.0009796712969
	0.0008260292464	0.0008260292464	0.0008558754626	0.0007712120643	0.0008900577995
	0.0008900577995	0.0005752704696	0.0007712511002	0.0007727500992	0.0005534813642
	0.000502525172	0.0003078610634	0.000522275685	0.0005752704696	0.0007378340412
	0.0006242759598	0.0005534813642	0.001932367092	0.001799077828	0.001603440921
	0.002936769006	0.001018893894	0.001191203103	0.001477168079	0.003040260454
	0.001327532374	0.001477168079	0.001043714252	0.001191203103	0.001043714252
	0.001430549164	0.001196656012	0.001067127729	0.0008219047929	0.0007310776736
	0.0007257151752	0.0007257151752	0.0007712120643	0.0006885018273	0.0007013747371
	0.0008900577995	0.0006885018273	0.0006011577902	0.000239965108	0.0004948025762
	0.0005534813642	0.0004948025762	0.0006436396729	0.0006212221495	0.0005822806278
	0.0006212221495	0.0006246038157	0.0005496236084	0.007641877922	0.001932367092
	0.001932367092	0.001409093476	0.001207455438	0.001018893894	0.001018893894
	0.001255787973	0.001147506752	0.001147506752	0.001293592642	0.001255787973
	0.0009000474447	0.0008219047929	0.0009310373588	0.0009310373588	0.0007135463642
	0.0008842362808	0.0007310776736	0.0007098052172	0.0007098052172	0.0006757707974
	0.0006699766088	0.0006199642943	0.0006885018273	0.0006011577902	0.0006011577902
	0.0007069686307	0.0008096011774	0.0002393750808	0.0005524098638	0.0004698161463
	0.0005050495592	0.000521680381	0.0005348101455	0.0005296830287	0.000549677255
	0.0006564892172	0.0006212221495	0.000521680381	0.0005496236084	0.002553210627
	0.001372560382	0.00114581719	0.0008380212125	0.00106633456	0.001111721415
	0.001255787973	0.001007098654	0.001147506752	0.0008380212125	0.0008700640872
	0.0007135463642	0.0007135463642	0.0007120840415	0.0007440381323	0.0006961964122
	0.0006527925642	0.0006175914035	0.0006313862147	0.0007159812103	0.0006199642943
	0.000544850524	0.0005644140374	0.0005434434767	0.000522354714	0.000522354714
	0.0005524098638	0.0004889506802	0.0005524098638	0.0006098306611	0.0007053217268
	0.001630382327	0.0004698161463	0.0004698161463	0.0004863963608	0.0005352865216
	0.0005335106823	0.0005690231757	0.0004984677711	0.0005182652333	0.001372560382
	0.001084777516	0.002553210627	0.001159360614	0.001317036606	0.00114581719
	0.00114581719	0.0007657006141	0.0007120840415	0.0007657006141	0.0006515292672
	0.0008700640872	0.0007072109162	0.0008700640872	0.0006226252517	0.0006226252517
	0.0006172335213	0.0006453570208	0.0006175914035	0.0006175914035	0.0005771166327
	0.0005771166327	0.0005561807109	0.000544850524	0.0005528025772	0.0004980718613
	0.0004848272417	0.000522354714	0.0005457165107	0.0005457165107	0.0006923128606
	0.000709445172	0.0007562117639	0.0008952509627	0.001145743626	0.0004863963608
	0.0004994882828	0.0004863963608	0.0005242654708	0.0004913167836	0.0004913167836
	0.0004848272417	0.0004936120764	0.0005382951705	0.0005182652333	0.001152505822
	0.0009263761106	0.001084777516	0.001159360614	0.0005221035576	0.001043825394
	0.000577067116	0.0008113370345	0.0008113370345	0.0006025264433	0.0007000496607
	0.0006172335213	0.0007657006141	0.0006646232124	0.0006107319948	0.0006506660143
	0.0006506660143	0.0006226252517	0.0006339931491	0.0006172335213	0.0005306775764
	0.0005115537401	0.0005201693618	0.0005201693618	0.0004867874484	0.0004943421127
	0.0005084524749	0.0004980718613	0.0004933485391	0.0004994882828	0.0005457165107
	0.0006923128606	0.0006923128606	0.0007223876547	0.0005608895618	0.001242461563
	0.001099892782	0.001447932811	0.0005382951705	0.0005242654708	0.0005242654708
	0.0004686962658	0.0004686962658	0.0004913167836	0.0004936120764	0.0004888414865
	0.000503329603	0.0008435084891	0.0007792967916	0.0009359535036	0.001091107849
	0.001091107849	0.0008524753594	0.0005398544677	0.0007792967916	0.0006102294568
	0.0006025264433	0.0006025264433	0.0005241586793	0.0005532561305	0.0005274916842
	0.0005274916842	0.0005196799619	0.0005038158223	0.000557528234	0.0005115537401
	0.0005115537401	0.0005201693618	0.0004897122454	0.0004727455559	0.0004867874484
	0.0004759483956	0.0004756652752	0.0004697498144	0.0004633533804	0.0006229579726
	0.000723766101	0.0009549062783	0.0007816484685	0.0007033522063	0.001106089927
	0.001489616994	0.001447932811	0.0005155741856	0.0006169846525	0.0005607014583
	0.0004739071251	0.0004739071251	0.0004848041383	0.0004888414865	0.0004888414865
	0.001063060696	0.0008435084891	0.0007792967916	0.0007818472721	0.001091107849
	0.0008635834078	0.0008635834078	0.00047054265	0.0005991704653	0.0005476337581
	0.0005476337581	0.0005196799619	0.0005038158223	0.0004990982738	0.0005274916842
	0.0004718781742	0.0004768811808	0.0004897122454	0.0004621750444	0.0004621750444
	0.0004630707791	0.0004599698225	0.0004609310394	0.0004560847143	0.0004759483956
	0.0004594387887	0.0004633533804	0.0007182483739	0.0008428576906	0.0009549062783
	0.0009549062783	0.0007033522063	0.0006793796001	0.001167028451	0.001556119266
	0.001556119266	0.0001429118433	0.0006169846525	0.0005155741856	0.0006169846525
	0.0006793796001	0.0004684519739	0.0004739071251	0.0004848041383	0.0005063543811
	0.00121110234	0.001063060696	0.001369581417	0.0005991704653	0.0006646050235
	0.0007481931621	0.0009910997471	0.0007481931621	0.0008635834078	0.00047054265
	0.0004768811808	0.0005991704653	0.0005476337581	0.0004741943982	0.0004738681624
	0.0004507708375	0.000464479409	0.000464479409	0.0004444659259	0.0004545719483
	0.0004515917136	0.0004519012312	0.0004465742609	0.0004444659259	0.0004519012312
	0.0004516272222	0.0004553310599	0.0004594387887	0.0004661348847	0.0007361983754
	0.0008428576906	0.0009232674846	0.000737165054	0.0006793796001	0.001036579566
	0.0001266515695	0.001290957366	0.001556119266	0.001644376396	0.0006389939408
	0.0005564038759	0.0007085227938	0.0006434771658	0.0004972175264	0.0004779419054
	0.0004972065487	0.0005701718062	0.001114387214	0.0009910997471	0.001114387214
	0.001565135126	0.0005090919755	0.0005892500014	0.0005892500014	0.000767461277
	0.0007273197803	0.0006308825916	0.0006421586837	0.0004490645992	0.0004741943982
	0.0005090919755	0.0004741943982	0.0004507708375	0.0004507708375	0.000464479409
	0.0004500622183	0.0004524734928	0.0004444659259	0.0004490645992	0.0004515917136
	0.0004519012312	0.000444217468	0.0004459771969	0.0004456312591	0.0004567357824
	0.0004567357824	0.0004661348847	0.0004661348847	0.0008275001763	0.0009254020577
	0.001026434065	0.0007974396083	0.000737165054	0.001026434065	0.001220776444
	0.002494120868	0.00151896457	0.001290957366	0.001602036863	0.0006222377663
	0.0005701718062	0.0007174943598	0.0006222377663	0.0005371195207	0.0004972065487
	0.0004972065487	0.0005371195207	0.001114387214	0.001143076058	0.001143076058
	0.001693059471	0.0005090919755	0.0005892500014	0.0008114180299	0.0006421586837
	0.0005837047398	0.0006421586837	0.0004490645992	0.0004502741156	0.0004617551561
	0.0004675321568	0.0004966898791	0.0004675321568	0.0004517097178	0.0004500622183
	0.0004476651691	0.000444532144	0.0004502741156	0.0004561495673	0.0004476046191
	0.0004456312591	0.000447632982	0.0004456312591	0.0004661293907	0.0004851926995
	0.0004851926995	0.0008357438481	0.0009391810254	0.0009391810254	0.0008755151646
	0.00108278338	0.001184431977	0.001363935538	0.002494120868	0.002494120868
	0.001755525888	0.001602036863	0.0008089110769	0.0006222377663	0.0006900224556
	0.0006255631732	0.0005371195207	0.0005297313693	0.0005826742336	0.0008053919588
	0.0008114180299	0.0009121766271	0.001129446618	0.002213029485	0.001693059471
	0.001208091662	0.0004966898791	0.0005490539574	0.0006192578626	0.0006192578626
	0.0005882872478	0.0004472547365	0.0004617551561	0.0004875052985	0.0004641836903
	0.0004825858424	0.0004453008477	0.0004504323706	0.0004549303818	0.0004459165231
	0.0004503252831	0.0004805461758	0.0004535039253	0.000452569777	0.000448812969
	0.000448812969	0.0005103354764	0.0004778716108	0.0004851926995	0.0008357438481
	0.0008357438481	0.0009477726789	0.002006719454	0.0009589146901	0.001165091586
	0.001537655176	0.002006719454	0.001899068282	0.001537655176	0.002855174016
	0.0008089110769	0.0006914821308	0.000661134504	0.0006678971885	0.0005918868217
	0.0005579549376	0.0006168266673	0.0007060081709	0.0008743263868	0.001078647514
	0.001208091662	0.0008939420444	0.001208091662	0.0006488988048	0.0005375977388
	0.0007060081709	0.0006061948705	0.0004488063649	0.000507112455	0.0004568321804
	0.0004825858424	0.0004825858424	0.0004465126083	0.0004502535092	0.0004712534426
	0.0004568794398	0.0004535039253	0.0004669267023	0.0004778716108	0.0004535039253
	0.000452569777	0.0004575341247	0.0004575341247	0.0005579549376	0.0005058110689
	0.0005058110689	0.0008322766169	0.0008570565765	0.002517800521	0.001054772245
	0.001165091586	0.001165091586	0.001537655176	0.001981984733	0.001607400356
	0.002855174016	0.002547266876	0.001024673737	0.0009202265835	0.0007548728871
	0.0006678971885	0.0006678971885	0.0006168266673	0.0005579549376	0.0006168266673
	0.0006707961193	0.0008743263868	0.0008743263868	0.001078647514	0.001224586821
	0.001981407614	0.0006654626427	0.0009843421908	0.001874377346	0.0005375977388
	0.0006707961193	0.000566021148	0.0004558040848	0.0004971576641	0.00048229995
	0.0004894785963	0.000483452132	0.0004642884005	0.0004804453815	0.0004686796565
	0.0004679781291	0.0004679781291	0.0004686796565	0.0004898563963	0.003839572243
	0.003839572243	0.0005034221542	0.0004626379157	0.0004832609634	0.0004545538343
	0.0004575341247	0.0005440170163	0.0005371712782	0.000592558153	0.001024673737
	0.001852982487	0.001150981661	0.001435639261	0.001318671375	0.001743871365
	0.001981984733	0.002547266876	0.002479044908	0.001024673737	0.0009202265835
	0.0008356084953	0.0006965025271	0.0006678481662	0.000592558153	0.0006489689458
	0.0007264684602	0.0006707961193	0.0006550883581	0.000938147521	0.001874377346
	0.001163000081	0.001329618216	0.0008569697169	0.0008569697169	0.002121732342
	0.001874377346	0.000566021148	0.0005268647013	0.0004852483346	0.0005070020007
	0.0004991082254	0.0004991082254	0.0004858136386	0.0004825030542	0.0004804453815
	0.0004974109715	0.0004686796565	0.0005376904793	0.002543071995	0.006175581046
	0.002946343416	0.001232772289	0.0005072936408	0.000475979428	0.0004825030542
	0.0004626048128	0.0005376904793	0.0005585882974	0.000592558153	0.001169895887
	0.001852982487	0.001318671375	0.001318671375	0.001744111622	0.001666821045
	0.002543071995	0.002167034795	0.0010218829	0.001136240339	0.000805314993
	0.0007984530127	0.0007984530127	0.0006072614033	0.0007796818979	0.0007048160658
	0.0006550883581	0.00071626566	0.001329618216	0.001696354846	0.001378878963
	0.0008569697169	0.0007117180552	0.001696354846	0.0005656792473	0.0005823841347
	0.000511987659	0.0005347425145	0.0005064910068	0.0005064910068	0.0004981163966
	0.0004825030542	0.0004948857489	0.0005012355197	0.0004981163966	0.0005576280889
	0.002568556756	0.004899663589	0.004899663589	0.002946343416	0.002085570705
	0.0005083762509	0.0004989882892	0.0004961705453	0.0005576280889	0.0005967534528
	0.0006446417734	0.001289823931	0.001829723273	0.001487486753	0.001744111622
	0.001744111622	0.002259806284	0.001829723273	0.001377110179	0.001003630042
	0.001003630042	0.0006446417734	0.0008840166026	0.0007796818979	0.001092077489
	0.0008523472419	0.0007733682537	0.0006426760608	0.0006145665838	0.0007117180552
	0.001341212977	0.001341212977	0.0009478833113	0.001032202958	0.0007117180552
	0.002085570705	0.001605175521	0.0005347425145	0.0005431844023	0.0005656792473
	0.0005510089265	0.0005347425145	0.0005202031382	0.0004981163966	0.0005176858567
	0.0005176858567	0.0005176522169	0.0005012355197	0.0005576280889	0.002503471092
	0.003399975311	0.003343446078	0.002274024809	0.005365314286	0.00077802108
	0.0005314355442	0.0005236361398	0.0005912640433	0.0005912640433	0.0006567346186
	0.001446156917	0.001829723273	0.001621680541	0.001446743546	0.002320822381
	0.001784367743	0.001205997892	0.001092077489	0.0007727348122	0.001092077489
	0.0008540525067	0.0009572949127	0.0008540525067	0.00084791053	0.0006144657876
	0.0006144657876	0.0006791552775	0.0007791457543	0.001341212977	0.001467312894
	0.001032202958	0.001032202958	0.001744863672	0.001467312894	0.000545079437
	0.0005664113469	0.0005664113469	0.0005510089265	0.0005632326363	0.0005424816406
	0.0005202031382	0.0005156549153	0.0005176858567	0.0005176522169	0.0005389418004
	0.0005840890039	0.002322717908	0.003343446078	0.00263052378	0.002509040567
	0.003823233412	0.002149264535	0.0006325753847	0.0005236361398	0.0006167685777
	0.0006312709457	0.0007694549298	0.001446743546	0.001784367743	0.001345994634
	0.001515687047	0.001929681325	0.001924624494	0.001177438195	0.0007766034447
	0.001049209418	0.0008540525067	0.00084791053	0.0006144657876	0.0006883301608
	0.0007791457543	0.0009346492741	0.001259405444	0.001060687587	0.00251301902
	0.001871991085	0.001871991085	0.0006018847979	0.0005794408608	0.0005664113469
	0.0006101315943	0.0005632326363	0.0005632326363	0.0005424816406	0.0005616235372
	0.0005638444186	0.0005617921919	0.0005638444186	0.0006101315943	0.002509040567
	0.002987980297	0.002987980297	0.003288611281	0.005996784781	0.005996784781
	0.0007201958539	0.0007585150726	0.001759424212	0.0006625818994	0.0006312709457
	0.0007307678576	0.0007694549298	0.001515687047	0.00178432693	0.001298365235
	0.001515687047	0.00178432693	0.001159715938	0.0009282553945	0.001049209418
	0.0009282553945	0.0006883301608	0.0006883301608	0.0008750829427	0.0008750829427
	0.00125219364	0.00125219364	0.001757184597	0.001757184597	0.001759424212
	0.0005927869727	0.0006018847979	0.0006392518111	0.0006101315943	0.0005685017616
	0.0005688833251	0.0005820956669	0.0005927869727	0.0005638444186	0.0005915342406
	0.0007059374522	0.002196860552	0.003907036423	0.002585233448	0.002987980297
	0.002854110642	0.005986353735	0.002952566742	0.002952566742	0.001964905074
	0.0007059374522	0.0007073880623	0.0008325384754	0.0008323297281	0.001298365235
	0.001765580201	0.001595234253	0.001298365235	0.002196860552	0.001765580201
	0.001159715938	0.0009282553945	0.0009256901658	0.0008038262047	0.0007295391633
	0.0008750829427	0.0008038262047	0.001105102048	0.00125219364	0.001697669023
	0.001757184597	0.001697669023	0.0006080330009	0.0006181878626	0.0006288992261
	0.0006997788554	0.0006696249953	0.0006311221767	0.000623713284	0.0006696249953
	0.0006215612639	0.0006080330009	0.0006215612639	0.0007059374522	0.003122464135
	0.003566371665	0.002196860552	0.002790148999	0.002314338254	0.003122464135
	0.001964905074	0.003053158432	0.0008269509009	0.0009062971739	0.0008269509009
	0.001407967371	0.001446571296	0.001595234253	0.001784273473	0.001784273473
	0.001252949472	0.0009076717289	0.0006997788554	0.0006997788554	0.0008038262047
	0.00100072446	0.0008423141271	0.001163466126	0.001163466126	0.001889158698
	0.001344988655	0.001172841158	0.0006080330009	0.000629644509	0.0006899133369
	0.0006696249953	0.0006612055056	0.0006474098006	0.0006743298348	0.0006215612639
	0.0006362399938	0.000639486674	0.0008146558844	0.003711922956	0.004612772019
	0.003566371665	0.001997381378	0.002560047125	0.004446989228	0.0007042904369
	0.002259912851	0.0006474098006	0.0008269509009	0.0009836093306	0.0009062971739
	0.00124231207	0.001400341281	0.001569150505	0.001706655238	0.001892987869
	0.001105452605	0.0007443269841	0.0007785352032	0.0008423141271	0.0009884689102
	0.001132119507	0.001324029752	0.001163466126	0.001889158698	0.001300543573
	0.000629644509	0.0006899133369	0.0006899133369	0.0007019118009	0.0007168333703
	0.0007019118009	0.0006709198368	0.0006757947036	0.0008146558844	0.003822017406
	0.003822017406	0.003822017406	0.002462765708	0.002155307762	0.00308755177
	0.0009365014114	0.002000535906	0.00213461909	0.002000535906	0.0007470219663
	0.0008103869427	0.0007168333703	0.001071845617	0.0008952558036	0.0008919945658
	0.001227120165	0.001400341281	0.001508231113	0.001508231113	0.001662012799
	0.002087284151	0.001071845617	0.0007201561347	0.0008269581472	0.0008878491771
	0.0009884689102	0.001324029752	0.001324029752	0.001300543573	0.0006923491236
	0.0006923491236	0.0007201561347	0.0007470219663	0.0008770101189	0.00070969254
	0.0007266891301	0.0008109904259	0.00330617774	0.002397598431	0.003559026173
	0.002397598431	0.00330617774	0.005279636643	0.0009365014114	0.002203269174
	0.002203269174	0.001778061198	0.0007269080384	0.0008770101189	0.0007261947245
	0.000756242846	0.001071845617	0.001063363258	0.001464370861	0.001464370861
	0.001622852411	0.002105392112	0.002462290686	0.001173657446	0.001420535065
	0.0007807622171	0.0009560815298	0.0009560815298	0.0011543777	0.001424669176
	0.0006923491236	0.0007807622171	0.0007518869385	0.0008106281181	0.0008770101189
	0.0007266891301	0.0009550755686	0.00330617774	0.002685145562	0.002397598431
	0.006480406472	0.006161714638	0.002563205412	0.001504654927	0.002203269174
	0.002170050492	0.0009550755686	0.000721709989	0.0008106281181	0.001043490401
	0.001173657446	0.001464370861	0.001622852411	0.001888990682	0.002333755857
	0.002462290686	0.001277673726	0.001420535065	0.0007807622171	0.0009560815298
	0.001504654927	0.001027862658	0.001161292525	0.0007319917844	0.0008158994266
	0.0008089049827	0.0008106281181	0.001038691302	0.0007504345528	0.001043490401
	0.002752583236	0.002685145562	0.00289325334	0.002563205412	0.001584286718
	0.001194654483	0.002443533435	0.002443533435	0.001026628226	0.0008401257213
	0.0008656333572	0.001267220761	0.001267220761	0.002283575067	0.001592506429
	0.00174147024	0.001957967253	0.002333755857	0.001411153335	0.0008158994266
	0.0009624901027	0.001194654483	0.001027862658	0.00084128409	0.0008850566541
	0.0008729768122	0.000870159577	0.001026628226	0.0008729768122	0.001155443347
	0.00289325334	0.002752583236	0.002514326593	0.00422303041	0.000785893868
	0.001251826863	0.001251826863	0.002592656178	0.001324940786	0.0009054361249
	0.001183003341	0.001049746081	0.001267220761	0.001411153335	0.002514326593
	0.001684456384	0.001684456384	0.001884393364	0.001411153335	0.0008850566541
	0.0009624901027	0.001103319924	0.001118484684	0.0009054361249	0.0008729768122
	0.001045517203	0.0009605742792	0.001386095253	0.001304898576	0.002514326593
	0.002951996865	0.003263348159	0.002152672851	0.0008025298121	0.001269806481
	0.00115693314	0.002508439094	0.002508439094	0.0009054361249	0.001183003341
	0.001045517203	0.003411363603	0.001561890899	0.002298519007	0.001762385794
	0.001811859055	0.001762385794	0.001081874161	0.00115693314	0.00115693314
	0.001097033163	0.001118914172	0.001044241434	0.001180830213	0.001209609855
	0.001386095253	0.001304898576	0.002298519007	0.002951996865	0.003044661321
	0.002012121187	0.002012121187	0.001931037079	0.002508439094	0.001931037079
	0.001147192196	0.001180830213	0.001170125537	0.003764712018	0.00160174185
	0.002009370829	0.001762385794	0.001916956196	0.001221932976	0.001475612553
	0.001194785102	0.001147192196	0.001170125537	0.00132318004	0.001147192196
	0.00160174185	0.001298310336	0.002463954609	0.002676236495	0.003055062068
	0.002876196723	0.002128478494	0.001931037079	0.001431308393	0.001784506343
	0.007832524662	0.00160174185	0.00201750687	0.002176795281	0.001475612553
	0.001629574375	0.001194785102	0.001393979183	0.00132318004	0.00132318004
	0.001393979183	0.001872815177	0.001622674843	0.002594613256	0.003071510238
	0.0001596580456	0.002579659353	0.001784506343	0.00197288504	0.004218616072
	0.002594613256	0.002176795281	0.002176795281	0.001938748115	0.001429345975
	0.001586853094	0.001429345975	0.001393979183	0.001767668003	0.001518907667
	0.001767668003	0.003071510238	0.0001197048355	0.002109335648	0.002109335648
	0.008937001488	0.002188440677	0.001938748115	0.002409021863	0.00186305682
	0.001784974588	0.002051714415	0.002475383411	0.001784974588	0.001838041531
	0.003241580006	0.002293689528	0.002109335648	0.002392771643	0.002713326075
	0.006056192474	0.002536285632	0.002536285632	0.002028751296	0.001784974588
	0.002509869523	0.001838041531	0.001838041531	0.003241580006	0.0002796932517
	0.002181230331	0.001836969307	0.002536285632	0.002028751296	0.002144519627
	0.002144519627	0.0071147732	0.002286856613	0.001836969307	0.003239596075
	0.002286856613	0.003114555876	0.001553847157	0.002844518012	