5884	
	4.638789797e-09	1.027742158e-08	1.027742158e-08	4.56542919e-08	2.113360509e-08
	2.69340485e-07	1.06768383e-07	4.56542919e-08	1.125523338e-06	2.69340485e-07
	2.69340485e-07	1.895358194e-06	4.106807411e-06	4.106807411e-06	1.724847483e-07
	8.970972578e-07	1.125523338e-06	5.886486893e-06	1.895358194e-06	1.895358194e-06
	1.120489996e-05	5.82331409e-06	1.120489996e-05	2.127188132e-07	1.520325321e-06
	7.660698988e-06	7.660698988e-06	1.215643754e-05	5.178214547e-05	5.261308234e-06
	2.611605192e-05	1.120489996e-05	2.127188132e-07	3.175157143e-06	7.447992184e-06
	1.858314914e-05	1.763398488e-05	8.58542282e-05	8.58542282e-05	2.697155059e-05
	4.366487454e-05	3.570610109e-05	6.90035564e-05	3.175157143e-06	1.711962284e-06
	9.425267218e-05	7.447992184e-06	1.711962284e-06	7.447992184e-06	1.858314914e-05
	1.858314914e-05	4.265586637e-05	8.58542282e-05	0.0001202647996	0.0004040932786
	2.958099339e-05	4.643564531e-05	6.90035564e-05	6.90035564e-05	8.985683605e-06
	2.841678119e-05	6.643270773e-06	8.39676604e-05	0.0001496487067	1.679115216e-05
	2.625652265e-05	1.679115216e-05	4.265586637e-05	1.594903056e-05	0.0001050821438
	0.0001635612954	0.000407971196	0.0006249160421	4.643564531e-05	8.39676604e-05
	0.0001346114636	4.93517136e-05	1.839092682e-05	1.839092682e-05	1.684584413e-05
	0.0002025402971	0.0002616438445	2.625652265e-05	2.625652265e-05	4.68793907e-05
	0.0001050821438	1.594903056e-05	0.0002654690824	0.0004384672352	0.0006296236887
	0.0006249160421	4.93517136e-05	8.06709344e-05	0.0001694209104	4.616132755e-05
	7.383517499e-05	1.684584413e-05	1.839092682e-05	3.039400715e-05	1.684584413e-05
	1.89461347e-05	0.0002616438445	0.0002616438445	8.542724932e-05	9.774835708e-05
	0.0002662389839	7.145333876e-05	8.542724932e-05	0.0004384672352	0.0003419507703
	0.0004384672352	0.0009042191845	0.0009042191845	7.383517499e-05	0.0001107591921
	0.0001694209104	4.616132755e-05	3.039400715e-05	5.45286856e-05	7.946903231e-05
	3.493766073e-05	3.493766073e-05	0.0002347682114	0.0002934476523	8.068912289e-05
	8.068912289e-05	8.542724932e-05	0.0001614050359	0.0001350791214	0.0001068149668
	0.0003004424182	0.0005716654306	0.0005716654306	0.0001068149668	0.0007931238438
	0.001243031911	0.001148990617	0.0002759470782	0.000104885361	0.0001551173974
	7.946903231e-05	6.78247298e-05	9.544625736e-05	0.0001407897035	0.000103919629
	6.78247298e-05	0.0003311751725	0.0003311751725	0.0001816076294	0.0001816076294
	0.000103919629	0.0001499932741	0.0001068149668	0.0003004424182	0.0004464277767
	0.0005716654306	0.0002332583572	0.001243031911	0.001243031911	0.00220939773
	0.000277280638	0.0001896322537	0.0001556682551	0.000104885361	0.0001407897035
	0.0001281708856	0.0001407897035	9.544625736e-05	0.0001653434789	0.000160782246
	0.0002320425776	0.0003429828272	0.0004327499789	0.0001816076294	0.0003180689837
	0.0001538185937	0.000318154274	0.0003207913149	0.0003075739177	0.000461676289
	0.000461676289	0.0006968685103	0.0002332583572	0.0002332583572	0.001304490498
	0.001904741786	0.002763029733	0.000315915195	0.0002169344553	0.0002138287433
	0.000186611166	0.000186611166	0.000160782246	0.0001636538009	0.0001636538009
	0.0002320425776	0.0002356045477	0.0002320425776	0.0003429828272	0.0004327499789
	0.0003180689837	0.000318154274	0.0005180965336	0.0004379401247	0.0003180689837
	0.0003264235264	0.0003159776745	0.0005739355938	0.0006840004949	0.001105906345
	0.0004152313518	0.0003366625818	0.001557287017	0.001557287017	0.002763029733
	0.000315915195	0.000315915195	0.0002228316106	0.0002138287433	0.0002228316106
	0.0002250962717	0.0002356045477	0.0003117728431	0.0003457876885	0.0002609411719
	0.0002356045477	0.0003074295688	0.000485835209	0.0003178677057	0.0004112641385
	0.0005180965336	0.0005476531292	0.0004379401247	0.0005180965336	0.0004379401247
	0.0006010602844	0.0004152313518	0.0007264653665	0.001071436332	0.001105906345
	0.0004152313518	0.0006334942166	0.001856457613	0.001856457613	0.003944114755
	0.0003364728774	0.0003263833245	0.0002701315905	0.00028551755	0.0003046927358
	0.0003117728431	0.0003117728431	0.0003457876885	0.0003334698448	0.0004670097003
	0.0004670097003	0.0004229871805	0.000485835209	0.0006202929185	0.0004112641385
	0.0004112641385	0.000696274788	0.0007061968238	0.0005774076672	0.000696274788
	0.0007390524083	0.0007516551449	0.0007264653665	0.0007264653665	0.001129482192
	0.001087491499	0.000701089571	0.0007061968238	0.001480594208	0.003100464036
	0.00448151761	0.0003393531754	0.0002945979368	0.0003429624749	0.0003334698448
	0.0003334698448	0.0003046927358	0.0005614053831	0.0003450196067	0.0004213065751
	0.0004670097003	0.0005698773421	0.0005677645105	0.0007406463676	0.0006996882859
	0.0006996882859	0.0003443278257	0.0003393531754	0.0003443278257	0.0009622280925
	0.0009622280925	0.0008929193597	0.0007497733942	0.0007844668646	0.0009505527475
	0.0009963407228	0.0009963407228	0.0008247782549	0.001129482192	0.001129482192
	0.001704985471	0.0008494901823	0.001027310362	0.002409457843	0.00448151761
	0.00448151761	0.0003393531754	0.0003301934656	0.0003301934656	0.000562608126
	0.0004923728451	0.000522071158	0.000522071158	0.0004213065751	0.0006495258681
	0.0006556920046	0.0006556920046	0.0007406463676	0.0009374920067	0.0008681552031
	0.0003200341937	0.0003443278257	0.0002989053564	0.0003213834746	0.00108852268
	0.00108852268	0.001275088778	0.0009935446635	0.0009622280925	0.0009664317594
	0.0009900570197	0.001279708492	0.001279708492	0.0009963407228	0.001487092667
	0.0009637740825	0.001118669073	0.001118669073	0.002409457843	0.001046182673
	0.00130609856	0.002409457843	0.005166545992	0.005727809827	0.0003548359257
	0.0004790308828	0.0004598771993	0.000562608126	0.0008956628738	0.0005923344497
	0.000522071158	0.0008102204517	0.0008735575666	0.0008735575666	0.001068591057
	0.001288577704	0.001068591057	0.001189997605	0.001818319998	0.0003470836806
	0.0002881507599	0.0002685357157	0.0002685357157	0.0002701235943	0.00108852268
	0.00149851853	0.001818319998	0.001150541519	0.00157020436	0.001572046348
	0.001097454148	0.00130609856	0.001775812618	0.001775812618	0.001880226918
	0.001647777233	0.0009637740825	0.001118669073	0.00156985176	0.001424595217
	0.001209067501	0.00130609856	0.002943271746	0.002259931352	0.004220012069
	0.004248668416	0.0005033217589	0.0005798109796	0.0005033217589	0.0008900158461
	0.001041198437	0.0005951570194	0.001041198437	0.000748232498	0.001260094718
	0.0008735575666	0.001189997605	0.001412741439	0.001029972627	0.001025522505
	0.003093002999	0.002550676449	0.002083873763	0.00147134062	0.001818319998
	0.0004881298532	0.0003913340937	0.0003020375367	0.0002476437451	0.0002224629055
	0.0002188188079	0.002906084439	0.003093002999	0.003093002999	0.001150541519
	0.00149851853	0.001150541519	0.00157020436	0.001572046348	0.001443515988
	0.001842185269	0.001628633551	0.001798893458	0.001775812618	0.001798893458
	0.001335401714	0.001335401714	0.001755049542	0.001470067283	0.001781188647
	0.001755049542	0.002943271746	0.002259931352	0.004220012069	0.004534917971
	0.0005033217589	0.0005798109796	0.001135967737	0.001041198437	0.001255833828
	0.001016553257	0.0009763962076	0.006995133709	0.001674127912	0.001776131444
	0.001412741439	0.001801843734	0.001461587588	0.005723422623	0.005723422623
	0.004572701651	0.003326881762	0.003326881762	0.001886959732	0.0003913340937
	0.0003020375367	0.0003020375367	0.0002146143125	0.0001922402544	0.00014665742
	0.007083609454	0.005288024121	0.005288024121	0.003439376717	0.003439376717
	0.002502733286	0.001449526288	0.001659843976	0.001449526288	0.002721756458
	0.002144613122	0.002263024097	0.002633147021	0.001990916647	0.002513135958
	0.002721756458	0.002721756458	0.001335401714	0.001755049542	0.001990916647
	0.001470067283	0.001832810161	0.001756983918	0.002037191124	0.003311525327
	0.002439442419	0.004703547357	0.007022002171	0.0006624959535	0.0005802462096
	0.001255833828	0.001016553257	0.001016553257	0.0009763962076	0.0009763962076
	0.02112961453	0.008438942446	0.006995133709	0.002092249131	0.001801843734
	0.002391077014	0.001801843734	0.001644231201	0.006481475253	0.005849971512
	0.005849971512	0.003326881762	0.002092249131	0.0004744333056	0.0002600829735
	0.0001922402544	0.000121607981	0.000121607981	6.441972589e-05	0.00900080397
	0.02610067729	0.01172664991	0.008334006176	0.005288024121	0.003439376717
	0.002751912665	0.002751912665	0.002263024097	0.002363088158	0.002633147021
	0.002144613122	0.002263024097	0.002633147021	0.001990916647	0.002513135958
	0.00330177152	0.00148953349	0.001675687246	0.002355626829	0.002861676351
	0.002355626829	0.001910793217	0.002037191124	0.003385888047	0.003385888047
	0.004767383066	0.007022002171	0.0004115712948	0.0008756256166	0.001941532247
	0.001313498471	0.001559029897	0.001112849962	0.0009096066106	0.003590478053
	0.01449430192	0.008438942446	0.006871912551	0.002911159421	0.002391077014
	0.001646436328	0.002001485784	0.001941532247	0.001941532247	0.005849971512
	0.006871912551	0.005055999561	0.004056087975	0.003544290092	0.0004115712948
	0.0002913728923	0.000229323446	0.000121607981	0.0001129860187	6.441972589e-05
	0.03429747877	0.01172664991	0.008334006176	0.004293294446	0.004293294446
	0.002754790606	0.003055080055	0.002170590456	0.002170590456	0.003683421873
	0.002842359429	0.003353241846	0.003882550208	0.00330177152	0.003882550208
	0.001675687246	0.00200758859	0.003301938632	0.002483414631	0.001910793217
	0.002180417062	0.004767383066	0.002608630106	0.004767383066	0.004768323796
	0.0005622374095	0.000538831814	0.001361493186	0.00202871635	0.001361493186
	0.001094907954	0.001040182552	0.003590478053	0.006987566254	0.007319225629
	0.006606976006	0.00343138854	0.002621640996	0.002968473647	0.002131993394
	0.005232394353	0.007099500057	0.004056087975	0.004056087975	0.005232394353
	0.0002913728923	0.0004823083358	0.0002913728923	0.0001458254269	3.700204898e-05
	6.254749798e-05	3.700204898e-05	0.04443088761	0.03430258284	0.008271486427
	0.008271486427	0.005434661913	0.004461537187	0.003314657992	0.003154664363
	0.003353241846	0.004094234068	0.003353241846	0.003830457229	0.004146143161
	0.004082351955	0.003167992353	0.00200758859	0.00200758859	0.002483414631
	0.002052312635	0.002113925948	0.002608630106	0.003367635517	0.002535284221
	0.004768323796	0.004522141716	0.0004823083358	0.0005622374095	0.0007365924639
	0.001361493186	0.002131993394	0.001919245184	0.001094907954	0.001223756934
	0.00103508038	0.0017698673	0.00186687908	0.006606976006	0.006606976006
	0.002870480204	0.002209727161	0.005232394353	0.002870480204	0.003599747103
	0.004427665065	0.0004823083358	0.00031153665	0.0001458254269	0.0001458254269
	4.635473714e-05	0.0001037107886	9.041226578e-05	0.06380644852	0.03218260669
	0.008271486427	0.005434661913	0.005434661913	0.003154664363	0.005233243868
	0.003154664363	0.00411396961	0.004369659201	0.004146143161	0.005277821927
	0.003167992353	0.004835036152	0.004835036152	0.003167992353	0.005317846259
	0.002596224634	0.003172999692	0.002150662545	0.002340445664	0.002075317713
	0.003188298161	0.003188298161	0.00172001141	0.003077396483	0.004302579152
	0.0003863803155	0.0007365924639	0.00172001141	0.002209727161	0.001576583052
	0.001487658041	0.001291755625	0.00103508038	0.00326936313	0.001175004937
	0.00300500747	0.005382453643	0.002167666501	0.001787461116	0.002167666501
	0.003455175622	0.003631877447	0.004427665065	0.0003863803155	0.0003031933552
	0.0001896295171	0.0004196055055	9.118097653e-05	0.0001037107886	0.0001037107886
	8.623945837e-05	0.04362911308	0.0261973811	0.0121706253	0.008289943034
	0.00546768374	0.004740077935	0.00546768374	0.006022014143	0.00411396961
	0.005508427994	0.005061662207	0.003172999692	0.004362414967	0.004835036152
	0.005672575349	0.002340445664	0.003356683688	0.002108384145	0.002340445664
	0.002075317713	0.00261148818	0.003188298161	0.002353206081	0.003841176718
	0.005277278347	0.001787461116	0.0006171622336	0.0006398768476	0.001576583052
	0.001572963457	0.001455495714	0.001189399885	0.001010014478	0.00326936313
	0.002321108879	0.00300500747	0.003455175622	0.002167666501	0.001787461116
	0.002499338951	0.002730142449	0.0004196055055	0.0002873579982	0.0001499411725
	0.0001089363666	0.0004196055055	9.118097653e-05	8.623945837e-05	0.0001097293217
	4.50450306e-06	0.006022014143	0.04956228083	0.0251609448	0.01670909701
	0.01303569598	0.00546768374	0.007220971889	0.004928295866	0.005061662207
	0.004602314	0.006121908852	0.004362414967	0.004872187604	0.004362414967
	0.003356683688	0.002334606436	0.001978599367	0.001903530353	0.002334606436
	0.002467026188	0.002467026188	0.00323263667	0.00323263667	0.001365550827
	0.001797512903	0.0009294765199	0.001455495714	0.001455495714	0.001189399885
	0.0009677433723	0.008320274821	0.001414969477	0.00180196545	0.003352106561
	0.002730142449	0.001559803076	0.0005345520896	0.0005345520896	0.0001089363666
	0.000137022941	0.0001089363666	0.0003060633855	0.000110696811	4.50450306e-06
	4.845101189e-05	4.50450306e-06	0.006357334489	0.00581924683	0.06827604306
	0.02299847779	0.0137353416	0.0137353416	0.007220971889	0.007220971889
	0.007780230584	0.005496626334	0.006456307861	0.005080990053	0.004179273387
	0.004179273387	0.003439678555	0.002334606436	0.001950505329	0.001887743442
	0.003439678555	0.002021338871	0.001887743442	0.002476799061	0.003011812565
	0.001196398008	0.001138192211	0.001109318448	0.000656652	0.001196398008
	0.001159748554	0.008320274821	0.001667037102	0.000508451572	0.000508451572
	0.001138192211	0.0005862604612	0.0005345520896	0.0004183456206	0.000137022941
	0.0001180077357	0.0001180077357	0.0001758575273	9.188387018e-05	0.000108724974
	7.872307326e-05	9.348085076e-05	7.671737636e-06	0.007780230584	0.06827604306
	0.01852826127	0.0137353416	0.01491237723	0.006027224794	0.006027224794
	0.006456307861	0.005080990053	0.005080990053	0.005666884386	0.005287946675
	0.004179273387	0.003439678555	0.002089953061	0.001950505329	0.00162385297
	0.002112995899	0.001456575217	0.00162385297	0.001456575217	0.001961230933
	0.001196398008	0.001109318448	0.001109318448	0.001067595087	0.0008790324861
	0.001340398466	0.01523768286	0.0005545069433	0.000877547906	0.000508451572
	0.001672242045	0.001067595087	0.0004279895378	0.0004279895378	0.001067595087
	0.0001583223941	0.0001180077357	9.188387018e-05	0.0002368621595	0.0001294647061
	0.0001441205487	5.770115146e-05	9.348085076e-05	9.348085076e-05	1.412839534e-05
	0.004988888996	0.005603474511	0.07574765919	0.03202035081	0.01491237723
	0.005948386684	0.005948386684	0.005437648108	0.005416370117	0.005666884386
	0.004988888996	0.003865921451	0.005000207403	0.003432294197	0.002052437226
	0.002052437226	0.001637507127	0.002111848309	0.001456575217	0.0008663532873
	0.001417142411	0.0009756982644	0.0009674498325	0.000877547906	0.001562706453
	0.001473062019	0.001931667966	0.001340398466	0.001562706453	0.007743889328
	0.001906188711	0.0033588637	0.001906188711	0.0033588637	0.0002368621595
	0.001063123884	0.0004279895378	0.001788859728	0.0001583223941	0.0001405158463
	0.0001492184092	0.0001294647061	0.0002983907149	0.0001291422488	0.0001441205487
	0.0001239882	2.084561673e-05	0.0001239882	1.412839534e-05	1.412839534e-05
	0.005809360139	0.00792691491	0.006079630487	0.2180130464	0.08695004934
	0.01276158787	0.006079630487	0.005416370117	0.005416370117	0.006572929986
	0.006250897539	0.005697999257	0.004597572141	0.004350315272	0.003330699989
	0.001417142411	0.001925072092	0.001417142411	0.001925072092	0.0006929880427
	0.0006085681774	0.0008278290505	0.0004143717036	0.0004143717036	0.002901880212
	0.002265697746	0.002859661439	0.001931667966	0.002265697746	0.007775164789
	0.001906188711	0.0033588637	0.005256879161	0.0003332094892	0.003164299157
	0.001788859728	0.001466915528	0.0001492184092	0.0001492184092	0.0002360744309
	0.0002382807734	0.000345918665	0.000204498364	7.832799389e-05	1.952991086e-05
	8.07522469e-05	2.101100189e-05	2.101100189e-05	0.00792691491	0.006573518688
	0.009541471072	0.1677559209	0.1174662951	0.009541471072	0.005834824694
	0.006590241089	0.006431434065	0.003981729343	0.004882890292	0.004235315258
	0.003330699989	0.001319590406	0.001925072092	0.002395859243	0.002426085679
	0.002426085679	0.0003161794964	0.0004933382929	0.0004896530835	0.0004143717036
	0.0003161794964	7.990366877e-05	7.990366877e-05	0.006552442812	0.003779413226
	0.002859661439	0.004321383116	0.007775164789	0.005578269883	0.005256879161
	0.006552442812	0.000345918665	0.0008487699723	0.005799946005	0.003813891905
	0.00153642511	0.000386160198	0.0002360744309	0.0001564595986	0.0001846330776
	0.000386160198	0.0002382807734	0.0002382807734	6.024184111e-06	0.0001117208373
	0.0002533149835	0.0002533149835	0.0001389345732	0.0001768712288	0.0001391485758
	3.903350962e-05	0.0001420903238	0.005093848204	0.006573518688	0.01911096846
	0.1835774606	0.04182997688	0.005834824694	0.006431434065	0.006431434065
	0.005093848204	0.006590241089	0.004235315258	0.004002145318	0.004043909673
	0.001083063044	0.001663404023	0.002240937494	0.00323543736	0.0003161794964
	0.001175225586	0.0004681968146	0.0004681968146	0.0004011106133	0.0004011106133
	0.0002817807321	0.006552442812	0.008433483237	0.005085005948	0.005375897391
	0.007971143957	0.0008487699723	0.007026227043	0.0008487699723	0.004413737414
	0.00153642511	0.000386160198	0.0003453610404	0.0003770933647	0.0003378729425
	0.0003378729425	8.100514727e-06	3.903350962e-05	0.0001117208373	0.0002533149835
	0.0003453610404	0.0003041463553	0.0001689589453	0.0001549323777	3.903350962e-05
	0.005093848204	0.00765414166	0.04182997688	0.1835774606	0.005865548169
	0.005169940612	0.006945064333	0.00453902403	0.005169940612	0.004002145318
	0.004002145318	0.00323543736	0.001175225586	0.002240937494	0.002240937494
	0.001948963352	0.003446528568	0.0009276750194	0.001175225586	0.0004681968146
	0.008433483237	0.0004423946912	0.0004312197723	0.0007690376667	0.0007690376667
	0.007971143957	0.007026227043	0.003129167634	0.001716202085	0.0008053482906
	0.004779467985	0.004779467985	0.001924811372	0.0003810997183	0.0002625566693
	0.0003770933647	0.0003770933647	0.0001692241746	7.232800775e-05	0.0001629585328
	0.0001471886965	0.0005417797962	0.0004530309698	0.0003335632373	0.0005417797962
	0.0004164445444	0.0002076034494	0.00765414166	0.00765414166	0.09909891221
	0.005865548169	0.005050092203	0.005865548169	0.006029171412	0.004288054444
	0.005238311783	0.005230002037	0.0009276750194	0.001166078025	0.002614844871
	0.003648370203	0.002298561459	0.00308909115	0.001205523924	0.001383029291
	0.0007101421102	0.001852735731	0.0007690376667	3.879627191e-05	6.409505852e-05
	0.007723875919	0.0107456608	0.009074374812	0.002271857739	0.0008414055017
	0.0003810997183	0.004779467985	0.003897976474	0.002596809248	0.0003810997183
	0.0002625566693	0.0004530309698	0.0001692241746	0.000171782534	0.0001769684487
	0.0001928953898	0.0001919214066	0.0004530309698	0.0003335632373	0.0002937838369
	0.0002667365685	0.0006918066595	0.004288054444	0.009278079902	0.09909891221
	0.005238311783	0.006175998082	0.005050092203	0.006401936097	0.002978589495
	0.005238311783	0.004441391978	0.005384557516	0.00217190881	0.003648370203
	0.002614844871	0.003351047922	0.003351047922	0.00217190881	0.00249423094
	0.002086701803	0.002086701803	0.001902760158	0.001908561949	0.002162037012
	9.998090673e-05	0.0001171857563	0.0001171857563	0.0001244996623	0.0107456608
	0.0107456608	0.007941735834	0.002885132227	0.0002942643688	0.0006681109091
	0.005881549692	0.003897976474	0.0014981795	0.0002666109019	0.0006310179226
	0.0006310179226	0.0004653112979	0.0006601066495	0.0002817139065	0.000171782534
	0.000171782534	0.0001769684487	0.0001891171766	0.0003026182657	0.0003305835966
	0.0003026182657	0.0002434416787	0.0002615552877	0.005027511317	0.005027511317
	0.3191034776	0.006801581522	0.003378615452	0.00644052624	0.003378615452
	0.004651252443	0.005384557516	0.005300755593	0.006801581522	0.003552347794
	0.004638152704	0.003552347794	0.005300755593	0.003044921272	0.003044921272
	0.002797852505	0.002797852505	0.002386323795	0.002457922976	0.002668802489
	0.0025718092	0.000150807852	0.0002054600469	0.0001171857563	0.0002146797503
	0.0001266503326	0.005420907517	0.006574672751	0.005420907517	0.01001963132
	0.0003808038832	0.0006681109091	0.0008735117209	0.006079073478	0.003701902528
	0.000681345279	0.0004599125578	0.0004599125578	0.0002808165962	0.0002645352314
	0.0001753762281	0.0001891171766	0.0002434416787	0.0002457461086	0.0002924974247
	0.0006114802382	0.000349562354	0.0003498931804	0.005027511317	0.1158987657
	0.006801581522	0.005345100106	0.003378615452	0.005345100106	0.004651252443
	0.006877161731	0.006877161731	0.003552347794	0.004008171985	0.005619634957
	0.004638152704	0.006872492399	0.003357598211	0.004955978035	0.002797852505
	0.002885233044	0.002735529765	0.002991738447	0.002991738447	0.0001869330205
	0.0001310541702	0.0001535945967	0.0001443050091	0.0001212976362	0.0001320706787
	0.005420907517	0.007251376895	0.008261083336	0.0008735117209	0.0008735117209
	0.006439610013	0.003701902528	0.0007207496681	0.0003498931804	0.0006397888536
	0.0002645352314	0.0002645352314	0.0007806417867	0.0001451702577	0.0001697532184
	0.0002153337461	0.0002153337461	0.0003462240324	0.0002557958612	0.0003498931804
	0.0003462240324	0.000499240609	0.0005069658029	0.005209063328	0.1255921303
	0.006823757739	0.005583850584	0.005345100106	0.005551413474	0.004361178403
	0.006877161731	0.004276813649	0.005455323378	0.004592254816	0.005619634957
	0.006872492399	0.004276813649	0.004276813649	0.006675885914	0.005634781475
	0.00315609155	0.00315609155	0.002891477586	0.003061601849	0.003061601849
	0.0001515874345	0.0001310541702	0.0001090751213	0.0001529352122	0.0001320706787
	0.0001163224124	0.0001163224124	0.0001085705947	0.007251376895	0.008261083336
	0.002533280828	0.0003059808911	0.004045911407	0.0004512582536	0.0006397888536
	0.0003059808911	0.0004512582536	0.0001451702577	0.0001262784496	0.0001871933584
	0.0001816326922	0.0003011683512	0.0003011683512	0.0005069658029	0.0003744202032
	0.0003450237964	0.0004845673398	0.03285907322	0.04852733265	0.005535520561
	0.005351035278	0.005351035278	0.005993824977	0.006527685724	0.006675885914
	0.004733073478	0.005405527537	0.005234861879	0.006527685724	0.00337917321
	0.004733073478	0.006675885914	0.006285408951	0.00441532236	0.00441532236
	0.00315609155	0.002995018196	0.002995018196	0.003061601849	0.003334259497
	0.004431662354	0.0001329890081	0.0001187187624	0.0001124411497	0.0001694211822
	0.0001067276871	8.630762473e-05	0.0001080579829	0.0001124411497	8.972066939e-05
	6.28050692e-05	8.972066939e-05	0.0001085705947	0.0001163224124	0.0001004623601
	0.0001085705947	0.004045911407	0.008933067744	0.001775436822	0.0004931033953
	0.003446650068	0.000315029057	0.0004512582536	0.0004482969456	0.0006322747627
	0.0001224475557	0.0002413197035	0.0001816326922	0.0001871933584	0.0002981668957
	0.0003011683512	0.0003384575958	0.0003450237964	0.0003850424192	0.05751455259
	0.1300495464	0.004219862384	0.00317807898	0.009180396471	0.006527685724
	0.006527432233	0.004742704754	0.004742704754	0.006023194695	0.005948040906
	0.003767794141	0.006527432233	0.006010910945	0.006124921821	0.003147540584
	0.00441532236	0.006142737021	0.003147540584	0.002995018196	0.003374134463
	0.00305787587	0.003767794141	0.004431662354	0.003793218322	9.748773583e-05
	8.862338789e-05	9.550409287e-05	0.0001080579829	9.859713826e-05	0.0001179103054
	9.748773583e-05	1.584371491e-05	6.812160038e-05	3.66154613e-05	2.269864817e-05
	8.702203002e-05	6.28050692e-05	8.176831897e-05	6.28050692e-05	9.72941931e-06
	1.584371491e-05	0.0001762614678	0.0001004623601	0.0001004623601	0.0002177892774
	0.01242600156	0.01770483726	0.0007068889983	0.0007567560362	0.0007567560362
	0.0003196049047	0.0004482969456	0.0004482969456	0.000490315232	0.0001762614678
	0.0002413197035	0.0003842414325	0.0002981668957	0.0003345399161	0.0004143960111
	0.0003345399161	0.0003850424192	0.02830168518	0.1300495464	0.00317807898
	0.004219862384	0.009180396471	0.005517092222	0.004742704754	0.004082307721
	0.005517092222	0.0054426415	0.0054426415	0.004421955514	0.003207575294
	0.003172272222	0.003771805223	0.00477394492	0.003127136254	0.002969840355
	0.002786827196	0.002786827196	0.003793218322	0.004258100603	0.003793218322
	9.748773583e-05	8.862338789e-05	7.912237802e-05	9.463262882e-05	0.0001239043387
	0.0001620574042	7.968790823e-05	1.584371491e-05	3.282368669e-05	2.339592426e-05
	4.255662536e-05	8.176831897e-05	5.22149267e-05	5.988464138e-05	1.740129159e-06
	1.740129159e-06	9.186967631e-08	5.963163687e-07	2.186937139e-06	1.057710963e-05
	5.178362195e-06	0.0003031428077	0.00023885714	0.0002162754343	0.0002162754343
	0.002386783214	0.02502411722	0.0003196049047	0.0007567560362	0.0003196049047
	0.0004307730969	0.0004957129383	0.0004827339687	0.0004402165643	0.0003031428077
	0.00061711493	0.00054361551	0.0003345399161	0.0004532641153	0.0005595410315
	0.04030542893	0.2647021533	0.004937441473	0.003779852079	0.03019590325
	0.005517092222	0.004258100603	0.004082307721	0.004666094091	0.004421955514
	0.004421955514	0.003207575294	0.003207575294	0.003120475492	0.003713849761
	0.004737366307	0.003127136254	0.003127136254	0.002656541108	0.002656541108
	0.003112399027	0.003461160004	0.003113690098	9.546136846e-05	9.546136846e-05
	6.702429034e-05	0.0001239043387	0.0001797097733	0.0001620574042	7.606780837e-05
	1.466402942e-05	3.54380748e-05	3.54380748e-05	4.286724531e-05	4.252341605e-05
	4.252341605e-05	1.065741452e-05	9.186967631e-08	8.643685767e-10	2.186937139e-06
	5.254376756e-08	8.459310674e-08	5.254376756e-08	2.376865674e-06	5.178362195e-06
	5.797923304e-06	0.0003031428077	0.0002617068386	0.0002162754343	0.0003447069727
	0.01389419358	0.02502411722	0.0003598253641	0.001125252556	0.0003598253641
	0.0004532641153	0.0004542078626	0.0004542078626	0.0003910146104	0.00054361551
	0.00061711493	0.0004587734657	0.00061711493	0.0006819188657	0.0006819188657
	0.0005593650517	0.03019590325	0.3019828329	0.006620170388	0.003779852079
	0.03871544199	0.003692074482	0.003241547407	0.003692074482	0.00359911681
	0.002889468709	0.003339451794	0.00251175375	0.002674924353	0.003173942756
	0.003730778882	0.00461902915	0.005939442651	0.002421100668	0.002655194172
	0.002656541108	0.003241547407	0.003362674611	0.002996035281	9.546136846e-05
	0.0001000332151	0.0001000332151	0.0001797097733	0.0001797097733	0.0003847617273
	0.0001006424941	2.592648493e-05	2.592648493e-05	4.286724531e-05	5.570509288e-05
	4.327738356e-05	1.065741452e-05	5.797923304e-06	1.336484363e-07	1.526342319e-07
	2.057142802e-06	5.254376756e-08	2.659931488e-07	4.361385999e-07	5.797923304e-06
	0.0004893415148	0.0003847617273	0.0006249375703	0.00684930386	0.03228583199
	0.0003598253641	0.0002688180112	0.0003910146104	0.0005309070889	0.0004542078626
	0.0004459858586	0.0007161613273	0.0006313096118	0.000907548175	0.000907548175
	0.0006819188657	0.0007178735017	0.1428328169	0.3119406197	0.01125679769
	0.007625439674	0.03871544199	0.00359911681	0.002516855258	0.002270695448
	0.002665779145	0.00227465801	0.00227465801	0.005741349818	0.00251175375
	0.00251175375	0.002674924353	0.002939755801	0.00461902915	0.005939442651
	0.005939442651	0.007625439674	0.002421100668	0.002146936316	0.002516855258
	0.002292652825	0.001964342176	0.0001006424941	0.0001542690592	8.786156617e-05
	0.0005579483456	0.0003621459762	0.0001569084166	0.0003621459762	0.0001550075464
	2.592648493e-05	3.931644481e-05	3.931644481e-05	7.365926749e-05	2.646218432e-06
	1.3891192e-05	6.317057709e-06	1.526342319e-07	1.526342319e-07	8.368771205e-07
	1.125034737e-06	1.125034737e-06	4.361385999e-07	1.526491452e-06	2.646218432e-06
	0.0006249375703	0.0006249375703	0.00684930386	0.008160397951	0.0003121719423
	0.0005740617374	0.0003121719423	0.000641652107	0.0005309070889	0.0006480580728
	0.0008745709088	0.0008583945954	0.0008893546952	0.0009457217442	0.001144372089
	0.0009070277112	0.1428328169	0.2958204584	0.007625439674	0.04474235846
	0.002270695448	0.002270695448	0.002144407637	0.001964342176	0.002069218723
	0.002069218723	0.003864554913	0.001968706904	0.001968706904	0.00240276964
	0.002831410784	0.002810493871	0.004189299735	0.005244203559	0.006873334391
	0.001698635342	0.001698635342	0.002348656526	0.001813727647	0.001964342176
	2.738468987e-05	0.0006979126741	0.0001542690592	0.0001303276878	0.0005438350635
	0.0003621459762	0.0002288716948	0.0002288716948	2.738468987e-05	0.0001182391053
	7.74184861e-05	7.365926749e-05	7.446363225e-06	1.153334346e-05	1.953484743e-06
	6.131437646e-06	5.939189909e-06	6.131437646e-06	1.526491452e-06	2.176129103e-06
	7.446363225e-06	2.176129103e-06	0.0008583945954	0.0005740617374	0.003684541335
	0.0003121719423	0.000459094534	0.0003901912599	0.0009070277112	0.000641652107
	0.0007123610017	0.001148315202	0.001140135171	0.0008893546952	0.001440460787
	0.001440460787	0.0009958637145	0.1943520798	0.2683548337	0.0253184571
	0.04474235846	0.005397315132	0.002561112549	0.002089664965	0.002069218723
	0.001900566817	0.001900566817	0.005397315132	0.002008955866	0.001968706904
	0.00240276964	0.00240276964	0.002831410784	0.004189299735	0.00487139089
	0.004189299735	0.01374163299	0.001698635342	0.002348656526	0.002157909209
	0.001959509353	0.002157909209	0.0008923469691	0.0008923469691	2.791660173e-05
	2.813810531e-05	0.0006979126741	0.0002603578891	0.0002603578891	0.0004397553372
	0.0002966533122	0.0003150174711	0.0008115512813	7.74184861e-05	0.0002149476572
	7.74184861e-05	7.446363225e-06	9.844957679e-06	1.675740606e-05	1.839651212e-05
	2.570892259e-05	1.367689351e-05	7.959407558e-06	9.175629166e-06	9.175629166e-06
	0.001343305982	0.000459094534	0.001268902222	0.0003901912599	0.000353701982
	0.0003901912599	0.0006328416777	0.0009860088995	0.0009860088995	0.0007922482529
	0.001343305982	0.00127998493	0.001436867094	0.001689351306	0.001295530874
	0.119555097	0.1411932708	0.01374163299	0.04285734262	0.002561112549
	0.002561112549	0.001741188823	0.001582247366	0.001482627155	0.009369260351
	0.001519942279	0.002018785661	0.002018785661	0.001857400173	0.004508887919
	0.002582309068	0.002578866956	0.00487139089	0.009369260351	0.001303328566
	0.001519942279	0.001978247983	0.002157909209	0.001741188823	0.001797110296
	0.002090487709	0.001195279919	0.0008115512813	3.133907446e-05	3.133907446e-05
	0.0007083843566	0.0002603578891	0.0004397553372	0.000583629635	8.036370996e-05
	8.036370996e-05	0.0002286711944	0.0001705627303	3.051432879e-05	1.675740606e-05
	4.245673255e-05	4.819595816e-05	3.606581291e-05	2.157729384e-05	1.367689351e-05
	3.964523997e-05	3.964523997e-05	0.001195279919	0.001650891685	0.001868597754
	0.001268902222	0.0005586286685	0.0003862151895	0.000705557788	0.001512410678
	0.001147192044	0.001422603474	0.001650891685	0.001436867094	0.001436867094
	0.001305046272	0.09891092528	0.08580138434	0.02296293243	0.02296293243
	0.003693936144	0.00600617256	0.001700526489	0.001482627155	0.009369260351
	0.001609369199	0.001870435744	0.001870435744	0.001795839324	0.003535569349
	0.003530127594	0.002582309068	0.002930297604	0.01017134046	0.001484300545
	0.001380077718	0.001217849323	0.003351169535	0.003693936144	0.003351169535
	0.002285262532	0.001520489954	0.002064660944	0.001195279919	0.0008257661124
	6.832102441e-05	0.000583629635	0.0004716759721	0.0006927008036	0.0006927008036
	0.000180511053	6.857200065e-05	0.0003742694203	0.000180511053	4.468755515e-05
	4.245673255e-05	4.245673255e-05	4.307373145e-05	7.548079227e-05	5.459237845e-05
	3.964523997e-05	0.001393959316	0.001788364223	0.001788364223	0.00044226974
	0.002369757722	0.0005586286685	0.0008778855639	0.0008701096702	0.001305046272
	0.001422603474	0.00140410971	0.001662134667	0.001754005701	0.001305046272
	0.04766596829	0.08580138434	0.02296293243	0.02519374359	0.005206793771
	0.001334173036	0.001607126891	0.006774249546	0.001356289974	0.001356289974
	0.001484812107	0.003350369074	0.00168095204	0.003530127594	0.003530127594
	0.002362987951	0.01425095502	0.001220683133	0.00115825063	0.001220683133
	0.003351169535	0.005206793771	0.003996076316	0.00273946173	0.00273946173
	0.002064660944	0.001261951254	0.001019475661	9.816141055e-05	9.816141055e-05
	0.0006758291509	0.0005423332863	0.0005829892532	0.000180511053	0.000368464986
	0.0002366184257	6.611199336e-05	7.014873624e-05	0.0001290052787	0.0001290052787
	4.307373145e-05	4.307373145e-05	7.548079227e-05	5.459237845e-05	0.001393959316
	0.001789101912	0.001789101912	0.001393959316	0.0008778855639	0.001281053375
	0.001257716588	0.001493156281	0.001856185864	0.001388698071	0.001780946217
	0.001856185864	0.001662134667	0.001556806178	0.001556806178	0.02519374359
	0.03795515721	0.01689033326	0.01689033326	0.0059950561	0.001220717707
	0.001436958041	0.008064934311	0.00115825063	0.001254663917	0.003830157319
	0.00140117712	0.002754135016	0.001930460232	0.002344956861	0.001918351338
	0.01425095502	0.001187870043	0.001078485164	0.00115825063	0.0009827727755
	0.004462290198	0.003893081787	0.00273946173	0.002418032498	0.002208950251
	0.001436958041	0.001708850042	0.001019475661	0.0007870015717	9.816141055e-05
	0.0002108541192	0.000342117199	0.0007594122515	0.0005829892532	0.0005829892532
	0.000342117199	6.611199336e-05	8.988437502e-05	0.0001242323802	0.0001290052787
	0.0001182849699	0.000140086109	6.438940227e-05	0.0001009300306	9.259682773e-05
	0.001092302301	0.001631054563	0.001353027316	0.001549588301	0.001493156281
	0.001122575299	0.001606059647	0.001493156281	0.001856185864	0.001388698071
	0.001821531582	0.001821531582	0.001556806178	0.001412558067	0.03393112778
	0.01738195212	0.01689033326	0.01232513278	0.008064934311	0.001220717707
	0.008064934311	0.001078485164	0.001254663917	0.00140117712	0.003652780009
	0.003181353241	0.001930460232	0.002254137192	0.001930460232	0.0023155433
	0.001093998029	0.009270272995	0.0009827727755	0.001078485164	0.0009827727755
	0.00127646848	0.004696131977	0.005497074229	0.002345084911	0.004696131977
	0.002406249034	0.001813264433	0.001708850042	0.0009876670382	0.0007213492048
	0.0007213492048	0.0001078209226	0.0002108541192	0.0003289742232	0.000478401535
	0.000478401535	0.0001350015611	8.988437502e-05	0.000115253299	0.000115253299
	0.000203594032	0.000203594032	0.0002766924782	0.0002766924782	8.582341109e-05
	9.324224572e-05	0.0001358789167	0.0009876670382	0.001144319469	0.001337091545
	0.001364363632	0.001549588301	0.001959278964	0.001981270052	0.00251349333
	0.001912722744	0.002187261637	0.00145921011	0.001569184423	0.001320103856
	0.001339598527	0.001276825538	0.00168384339	0.01232513278	0.01738195212
	0.009736182082	0.009736182082	0.006860812409	0.006652151204	0.001097542568
	0.0009508241268	0.00109534706	0.001397780852	0.003096263973	0.002741689854
	0.002741689854	0.001952899742	0.001687240818	0.001950159268	0.001093998029
	0.001093998029	0.007903795296	0.00127646848	0.0009550703165	0.001097542568
	0.00127646848	0.004696131977	0.005246772244	0.003391655979	0.003359476582
	0.002406249034	0.001813264433	0.001635296894	0.0008606144252	0.0006600970447
	0.0005235818976	0.0006600970447	0.0002193097559	0.0003289742232	0.0003289742232
	0.0001442368053	0.0001442368053	0.0001322179736	0.0008362700704	0.0003037629157
	0.0003037629157	0.0002766924782	0.0002248348524	0.0002059921887	0.0002059921887
	0.0001322179736	0.001364363632	0.001144319469	0.0009372817417	0.001113435196
	0.001113435196	0.005140949005	0.001464045278	0.002187261637	0.002187261637
	0.002063775273	0.001276825538	0.001244985014	0.001276825538	0.001484848007
	0.009767667381	0.009767667381	0.002523202115	0.007903795296	0.005540390278
	0.006652151204	0.0009350404222	0.0009149375306	0.00127347312	0.001419764237
	0.002860614294	0.002741689854	0.002363342226	0.001952899742	0.001952899742
	0.001090899641	0.0009550703165	0.006234674032	0.005540390278	0.001017639886
	0.0009550703165	0.001017639886	0.001329469599	0.003030919631	0.004380756436
	0.005198477741	0.004380756436	0.003030919631	0.002208683159	0.002361331488
	0.001635296894	0.001635296894	0.0006735261988	0.0006600970447	0.0004930795346
	0.0004930795346	0.0002721635953	0.0003644408782	0.0001442368053	0.0002275614145
	0.0001322179736	0.0009372817417	0.0006867329881	0.0004742146106	0.0005966846424
	0.0004523850741	0.0002059921887	0.0003046916132	0.0003046916132	0.0001967548588
	0.0008443776643	0.0009372817417	0.001113435196	0.0007385853895	0.003108282056
	0.0125441164	0.003159454095	0.003159454095	0.002063775273	0.001484848007
	0.001151364708	0.0009387076063	0.0008040024362	0.001151364708	0.009767667381
	0.006509563051	0.003945329517	0.006234674032	0.005540390278	0.0009014495648
	0.00122048423	0.00122048423	0.002900572928	0.002900572928	0.002336650541
	0.002015893159	0.001737167655	0.001071644938	0.0008688523324	0.0009557874306
	0.006234674032	0.005072038163	0.001087549642	0.001329469599	0.0008688523324
	0.0008932661997	0.0009014495648	0.001087549642	0.001449056882	0.003944689158
	0.005198477741	0.004380756436	0.004409875024	0.003333322626	0.002267847056
	0.002733632248	0.00194571106	0.00194571106	0.0006735261988	0.0004321648038
	0.000359777851	0.0003191169337	0.0003191169337	0.0001542110805	0.000258169894
	0.0002292821842	0.0007296086296	0.0006867329881	0.0006864171931	0.0004523850741
	0.0004523850741	0.0004384077712	0.0003373535927	0.0003375396671	0.0001967548588
	0.0009646999342	0.0006992859686	0.0006992859686	0.0006438620061	0.01317750756
	0.009924400061	0.005994917744	0.00382764379	0.002165999706	0.001542106074
	0.0006321056665	0.0006932641076	0.0006321056665	0.002432972548	0.002444701633
	0.003616242134	0.003222330412	0.004917609425	0.00122048423	0.001437189319
	0.002838875438	0.002900572928	0.002900006482	0.001936291159	0.001936291159
	0.001716257576	0.001465500802	0.001257573089	0.0008509264143	0.0008688523324
	0.0007563665116	0.005199314743	0.004967392192	0.001274707821	0.001027146829
	0.0007709059878	0.0007656894354	0.0008474986063	0.001355704617	0.004937347268
	0.003964997516	0.003964997516	0.002733632248	0.001880486981	0.002733632248
	0.00194571106	0.001719050044	0.0005045483068	0.0004321648038	0.000359777851
	0.000359777851	0.000273077798	0.0002292821842	0.0002292821842	0.0005803419704
	0.0005803419704	0.0007340729465	0.0007340729465	0.0004384077712	0.0004384077712
	0.0003373535927	0.0003387603085	0.0002487700429	0.0006992859686	0.0005600074038
	0.0005600074038	0.01317750756	0.03792405858	0.005511762131	0.003256783023
	0.002032350806	0.001249111868	0.0006321056665	0.0006863009395	0.0005611740729
	0.001551327324	0.003299103493	0.006615459105	0.003960403775	0.004967392192
	0.001257573089	0.002833432872	0.002833432872	0.002178820045	0.002163758912
	0.00187867525	0.000959378154	0.001716257576	0.001131505011	0.001131505011
	0.0007563665116	0.0007563665116	0.0006939971841	0.004326665639	0.003404719046
	0.001234167715	0.0008474986063	0.0007656894354	0.0007656894354	0.001510966029
	0.001510966029	0.004937347268	0.004937347268	0.003410712088	0.002886868132
	0.002886868132	0.00258046092	0.00258046092	0.001546677512	0.0002449816818
	0.0004933762616	0.0003390332964	0.0003390332964	0.0002570903434	0.00044751464
	0.0005850192581	0.0005559939546	0.001143069436	0.0009177754422	0.0006996567283
	0.0006223470777	0.0003387603085	0.0003387603085	0.0003100345877	0.0005075848454
	0.0003662334329	0.0004906774058	0.0004911387637	0.01678104573	0.03792405858
	0.005511762131	0.003044105623	0.001650007067	0.001007535584	0.0005611740729
	0.0004280853397	0.002417827609	0.00162453193	0.006615459105	0.002555483789
	0.004652487214	0.0008731053786	0.001104450245	0.002855984568	0.002833432872
	0.002840940594	0.002163758912	0.005018649862	0.00187867525	0.001791003714
	0.0009613707745	0.001358479436	0.001128495509	0.0007595190887	0.0007178799834
	0.0006939971841	0.004326665639	0.004326665639	0.001104450245	0.0008781028565
	0.00075807912	0.001510966029	0.001326065065	0.002143564992	0.004406824791
	0.004463296373	0.002911883889	0.002525777071	0.00258046092	0.002143564992
	0.0003183738679	0.0003816882666	0.0003390332964	0.0003100345877	0.0005322507785
	0.0005563384055	0.0004880256525	0.001107628063	0.001107628063	0.0009654978037
	0.0006223470777	0.0004811501548	0.000356400385	0.0003746016001	0.0005810704934
	0.0004775197911	0.0003205492583	0.0004598212786	0.02304945602	0.03718517315
	0.003044105623	0.003044105623	0.001428910618	0.0003431169171	0.000465854644
	0.000339355741	0.0007236842032	0.004596284724	0.002555483789	0.01293336608
	0.002555483789	0.004652487214	0.005018649862	0.001104450245	0.0007173738179
	0.003079141723	0.00285008048	0.00285008048	0.002155488112	0.001791003714
	0.004406824791	0.001324819306	0.001324819306	0.0007595190887	0.001128495509
	0.001128495509	0.0006565240313	0.0006531177344	0.0006531177344	0.006532821832
	0.004890038708	0.0009671695238	0.0007173738179	0.001155616925	0.001632198397
	0.001155616925	0.002111011728	0.002111011728	0.003635554158	0.003126480273
	0.002863549131	0.002431351407	0.0004099899397	0.0003750017541	0.0004099899397
	0.0005324120334	0.0005810704934	0.0004880256525	0.0005810704934	0.001314630739
	0.0009654978037	0.0009654978037	0.000551501144	0.000551501144	0.0005376782149
	0.0004906047987	0.000339355741	0.0003971051788	0.0003971051788	0.02304945602
	0.01682541967	0.006804057881	0.001428910618	0.001428910618	0.000465854644
	0.000339355741	0.000619940116	0.0005578416363	0.0006619365508	0.00328964039
	0.002674593535	0.02433941914	0.005053529422	0.006532821832	0.00518275771
	0.005004856262	0.0008438651149	0.0006168671757	0.0006565240313	0.002957662038
	0.003152270224	0.002648072612	0.002648072612	0.001854701454	0.001613782683
	0.003635554158	0.001324819306	0.0007417731724	0.0009690119944	0.0006565240313
	0.0005329162544	0.0006585729244	0.007488340558	0.003968624519	0.0008953126949
	0.0006503571648	0.001155616925	0.001557509797	0.001315186883	0.002431351407
	0.001922219397	0.003635554158	0.003088555925	0.002431351407	0.003831557495
	0.0005822900846	0.0004589243812	0.0004099899397	0.0005324120334	0.0005593602516
	0.0005822900846	0.001491565439	0.001084445246	0.001084445246	0.0008613460907
	0.0008613460907	0.0004906047987	0.0004906047987	0.0006117319956	0.0003971051788
	0.0008157971759	0.006804057881	0.04310815809	0.005965097578	0.001998081048
	0.002534441319	0.0005578416363	0.0009422689336	0.0009422689336	0.0009754220067
	0.01003566583	0.002674593535	0.0251519637	0.003968624519	0.005319475121
	0.00534833914	0.003831557495	0.0008953126949	0.0005268283652	0.0005899752104
	0.0005899752104	0.006151486794	0.004524871707	0.002468376429	0.00311891711
	0.002089365505	0.002468376429	0.001426861146	0.001426861146	0.001148443407
	0.003653349798	0.0009690119944	0.0005329162544	0.0005329162544	0.0005097052838
	0.0005097052838	0.003968624519	0.0008953126949	0.000758765191	0.0006180795978
	0.001164798798	0.001601376313	0.001315186883	0.001248231036	0.002617937863
	0.001785095638	0.002932823313	0.002611266994	0.003831557495	0.0007971664127
	0.0005039538995	0.0005039538995	0.0006632781402	0.0006905793342	0.0008457628619
	0.002279890959	0.001766388291	0.001262743297	0.0008613460907	0.0009340745536
	0.0006426502279	0.0006127757514	0.0006127757514	0.0008458382079	0.0008458382079
	0.001446424659	0.006297187213	0.04310815809	0.005513324132	0.001998081048
	0.003117038234	0.0009754220067	0.0009312939208	0.001446424659	0.0009422689336
	0.001931621926	0.01003566583	0.004153942996	0.0251519637	0.004084327077
	0.004394170097	0.00534833914	0.00534833914	0.004394170097	0.0005899752104
	0.0006716590182	0.002932823313	0.006151486794	0.001148443407	0.004524871707
	0.004524871707	0.002468376429	0.002811719804	0.001488583613	0.001971636731
	0.001426861146	0.0007549204009	0.003494134852	0.0006716590182	0.0004168447367
	0.000414263727	0.0004262170198	0.0004693223704	0.0004693223704	0.004084327077
	0.0009419434328	0.0007714189526	0.0006374990903	0.001100807086	0.001601376313
	0.001248231036	0.001248231036	0.001970626694	0.002503939859	0.002932823313
	0.003471748047	0.0008457628619	0.0008271151689	0.0008271151689	0.0008457628619
	0.002656043712	0.002656043712	0.001262743297	0.0009340745536	0.0007855408369
	0.0007855408369	0.0007797402115	0.0007164594622	0.0008458382079	0.001446424659
	0.01676699422	0.02502920458	0.005513324132	0.002383577384	0.001722836611
	0.002383577384	0.002065853739	0.002065853739	0.001568215841	0.002271472472
	0.002439069474	0.01721067131	0.004153942996	0.042534322	0.004037458671
	0.004394170097	0.004041232426	0.004397389523	0.004302620415	0.003799092371
	0.0006716590182	0.002892927303	0.00521155731	0.0009368223938	0.005692801369
	0.00314567964	0.002647818077	0.001971636731	0.001845747398	0.00123674733
	0.001402533482	0.00123674733	0.0009368223938	0.0007549204009	0.002986556482
	0.0005085035019	0.000367655472	0.0003635003205	0.0003635003205	0.0003724024544
	0.0004693223704	0.0005104367443	0.004783388374	0.004161575181	0.0009419434328
	0.0007374583682	0.0006193641931	0.001100807086	0.001754376836	0.001548055052
	0.001406705878	0.00227638342	0.001873126802	0.002986556482	0.002651866908
	0.00227638342	0.003471748047	0.004397389523	0.001280373309	0.001281243055
	0.0009304427138	0.002656043712	0.001265895008	0.0009222967848	0.0009304427138
	0.0009222967848	0.0007671917308	0.0007565546037	0.0007565546037	0.001368074486
	0.001523298741	0.01676699422	0.02502920458	0.005154748061	0.003536805051
	0.002623547747	0.002664551754	0.003518266963	0.002065853739	0.00228143748
	0.003518266963	0.01668067906	0.004206158991	0.042534322	0.004783388374
	0.003536770232	0.004628442035	0.004397389523	0.003799092371	0.001888488915
	0.001888488915	0.001130871607	0.00123674733	0.001146248166	0.0008891416621
	0.0006473863207	0.0004994347223	0.002699002613	0.0003453075574	0.0003652180647
	0.0003635003205	0.0003581173146	0.0004100831374	0.0004432151067	0.004161575181
	0.004161575181	0.004525570991	0.0007374583682	0.0006193641931	0.0006193641931
	0.000891514181	0.001655008748	0.001406705878	0.001159907642	0.00227638342
	0.001976821689	0.002810305792	0.002651866908	0.002810305792	0.004450618706
	0.001368074486	0.0009304427138	0.002736459521	0.0008550542042	0.001760482574
	0.0009479799538	0.0008550542042	0.0007671917308	0.0007615545473	0.0007565546037
	0.002503949629	0.001523298741	0.001523298741	0.009492549561	0.0112264001
	0.005154748061	0.004464973986	0.003460025642	0.002503949629	0.003355309937
	0.003460025642	0.004618118797	0.01049633087	0.006448915073	0.01947026491
	0.006448915073	0.003103789131	0.004525570991	0.003131706453	0.001130871607
	0.0005080862741	0.0008672084039	0.001146248166	0.0005350766206	0.0005080862741
	0.002699002613	0.0002690040929	0.0003126577509	0.0003307388341	0.0004432151067
	0.0003215016313	0.0004432151067	0.005315499949	0.00404735601	0.005315499949
	0.004525570991	0.0005337496847	0.0007185306948	0.0006776318261	0.0008934924771
	0.00143842336	0.00143842336	0.001031624952	0.002109344681	0.001872473485
	0.001637544395	0.002810305792	0.002211470262	0.003103789131	0.003989495482
	0.002714047002	0.001237547961	0.001076967025	0.001775840877	0.0008567371703
	0.001620207299	0.001198783503	0.0008127944416	0.0007615545473	0.0007615545473
	0.002348730359	0.002501136249	0.001627650213	0.001443371917	0.004801895795
	0.0112264001	0.00420630042	0.005167832947	0.005514832347	0.00420630042
	0.003460025642	0.004149304546	0.004149304546	0.004618118797	0.004310663658
	0.004935400555	0.01008293701	0.007655329171	0.01620074841	0.007655329171
	0.003131706453	0.003999895311	0.003131706453	0.0004064826259	0.000665571292
	0.0005350766206	0.0003947939283	0.0003947939283	0.002337245585	0.0002690040929
	0.0002690040929	0.0004099857336	0.000236717628	0.0002542077953	0.000377203695
	0.0003598312478	0.002615494047	0.005315499949	0.006456472318	0.004060651326
	0.004002780521	0.002964045908	0.0006006741504	0.0006776318261	0.0006776318261
	0.001031624952	0.00132550297	0.00132550297	0.001031624952	0.001872473485
	0.001741443772	0.001458190286	0.002337245585	0.001934491207	0.002365330455
	0.002964045908	0.003003493997	0.002365330455	0.001076967025	0.0008567371703
	0.001620207299	0.0008567371703	0.001620207299	0.001117015787	0.0007619565256
	0.0007619565256	0.002501136249	0.002501136249	0.001443371917	0.001379943836
	0.007630387359	0.005309686923	0.003535953358	0.005514832347	0.004736145119
	0.003661200634	0.005129977267	0.004149304546	0.003661200634	0.004760824415
	0.005129977267	0.006491827805	0.00663896762	0.008472530874	0.007655329171
	0.01314264748	0.006456472318	0.002955501428	0.002955501428	0.002337245585
	0.0002444940967	0.0004099857336	0.0004902130084	0.0002595589223	0.0002894756728
	0.0003401297145	0.002423584219	0.00390385393	0.002549017393	0.003857277331
	0.004002780521	0.002964045908	0.0005110855118	0.0006006741504	0.0007358286666
	0.0008590752236	0.001320931486	0.001133597478	0.001103330136	0.002045840386
	0.001794642994	0.001371806081	0.002325451103	0.001934491207	0.001934491207
	0.002365330455	0.003003493997	0.002549017393	0.002220827499	0.001102202471
	0.0007825558094	0.001441330776	0.0006618001771	0.001447166858	0.0009727014654
	0.0007619565256	0.001514559783	0.001025250572	0.001379943836	0.003068864283
	0.005309686923	0.003068864283	0.004736145119	0.006272951501	0.002693657653
	0.003273398746	0.005759490233	0.004997704538	0.005759490233	0.007733414294
	0.008472530874	0.009075388482	0.01441975442	0.006233157162	0.005522874456
	0.002557988356	0.002955501428	0.002414427598	0.004761541866	0.002549017393
	0.003198749733	0.002954610479	0.0006830819668	0.0007466997406	0.0008590752236
	0.001371806081	0.001072337818	0.0009111279742	0.001794642994	0.00169592185
	0.001371806081	0.001898601839	0.001898601839	0.002143462252	0.002220827499
	0.002586469651	0.002606321831	0.002539596112	0.002493744831	0.002930283005
	0.002281308958	0.0007782180672	0.0007782180672	0.001930711867	0.0006750542257
	0.0008255712482	0.0008539922942	0.002026381179	0.001528242731	0.001025250572
	0.0007664417408	0.006173229319	0.003068864283	0.002719767362	0.00341021542
	0.004502413805	0.006272951501	0.006881734218	0.002693657653	0.003669677527
	0.006268848541	0.004997704538	0.006268848541	0.006233157162	0.006435080006
	0.01340696898	0.006568560011	0.003865078217	0.002230656814	0.002428074002
	0.002493744831	0.002525609125	0.0007883097836	0.0008935773899	0.001072337818
	0.0009111279742	0.0009111279742	0.002519196996	0.001559969168	0.00145879406
	0.001320035392	0.001761826833	0.001761826833	0.002058822091	0.002386710105
	0.002539596112	0.004458932971	0.002970906115	0.002273319274	0.002970906115
	0.001944011489	0.001993045764	0.002230656814	0.0007664417408	0.0004935657993
	0.001589648806	0.0006722271986	0.0006722271986	0.002208517498	0.001303564492
	0.001303564492	0.0008591341089	0.0007562691894	0.006173229319	0.003010195229
	0.002859247916	0.003010195229	0.003150943072	0.006429645553	0.006881734218
	0.006881734218	0.003126039157	0.005349346201	0.00657621116	0.004282466615
	0.005349346201	0.006268848541	0.006568560011	0.006701311338	0.01349106616
	0.006619835363	0.002233738287	0.002233738287	0.001153146684	0.0009951276678
	0.002402408434	0.002273319274	0.00145879406	0.00145879406	0.001362668528
	0.001759768164	0.001581669734	0.001817320338	0.002307135227	0.002308751737
	0.004458932971	0.002970906115	0.002918375366	0.002273319274	0.001851232115
	0.001950441382	0.002035954398	0.0004935657993	0.0004935657993	0.0007725219141
	0.0005416334709	0.002208517498	0.002208517498	0.0007451464735	0.0007451464735
	0.0007451464735	0.007391937757	0.001725418157	0.003059715279	0.003010195229
	0.003763520332	0.004281497084	0.005021098816	0.007413715964	0.006809253623
	0.003126039157	0.006809253623	0.00569304442	0.00569304442	0.00732661246
	0.008871131396	0.01408653981	0.00732661246	0.01408653981	0.002308751737
	0.001201447439	0.002339729025	0.002402408434	0.002600253347	0.001201447439
	0.001581669734	0.001362668528	0.001665526688	0.001530540207	0.001732593987
	0.002254840306	0.004690628066	0.002918375366	0.002918375366	0.003189924511
	0.002631733444	0.001871063567	0.001970512741	0.002118730907	0.002118730907
	0.0004018039339	0.0004111642721	0.0005537690336	0.0005790329454	0.002568077914
	0.001676026757	0.0006613112983	0.0006613112983	0.009248108223	0.001725418157
	0.003680015148	0.003763520332	0.00348678404	0.006252167703	0.007413715964
	0.006679168864	0.00340526283	0.004698721137	0.00569304442	0.002568077914
	0.00732661246	0.007791424164	0.007791424164	0.006228961556	0.006228961556
	0.008141331935	0.01582718647	0.002365181933	0.002339729025	0.002530125369
	0.001306974868	0.001530540207	0.001621120747	0.001530540207	0.001694277184
	0.002365181933	0.002381753385	0.003189924511	0.004496185814	0.00341677317
	0.00341677317	0.002549457896	0.002566519255	0.002888047003	0.001871063567
	0.001902757845	0.002128970154	0.002118730907	0.0003993262119	0.0002851828587
	0.0004381384715	0.0004381384715	0.002568077914	0.001111212945	0.001735082265
	0.0006613112983	0.000993955425	0.0004577765258	0.008846800323	0.001488697821
	0.002511618721	0.00332831092	0.003680015148	0.006252167703	0.006252167703
	0.006703771779	0.006573494845	0.004646797984	0.003527999319	0.004646797984
	0.003527999319	0.008263603029	0.004451221394	0.006133930376	0.008263603029
	0.00864953377	0.01582718647	0.0023583889	0.002386394465	0.001480004739
	0.001675993212	0.001558196677	0.001629643817	0.002381753385	0.002381753385
	0.002549457896	0.002195786734	0.003574563744	0.003566683908	0.003566683908
	0.002947425433	0.002888047003	0.002808326364	0.003337577032	0.001629643817
	0.001822750049	0.001902757845	0.002108509411	0.0002288606247	0.0002843019391
	0.0004381384715	0.001331264547	0.0005142630192	0.001111212945	0.00132228062
	0.0005142630192	0.0003333718588	0.004012611953	0.001389241101	0.0014640677
	0.004015374796	0.004015374796	0.004015374796	0.005558920428	0.006691754976
	0.006097461254	0.004646797984	0.005541634026	0.003527999319	0.002784295872
	0.002790511025	0.02587256296	0.03126074684	0.006133930376	0.005579337986
	0.006809826201	0.005310858313	0.005471916557	0.00864953377	0.00229373425
	0.001558196677	0.001629643817	0.002574060369	0.002719838177	0.002167005711
	0.004056004943	0.003566683908	0.003914067595	0.00229373425	0.002858763943
	0.002808326364	0.002808326364	0.003531673469	0.001774205782	0.001752985822
	0.001893951064	0.002108509411	0.0002288074848	0.0002288074848	0.0009228309535
	0.0005142630192	0.000796266426	0.0003333718588	0.0003333718588	0.001534682517
	0.004012611953	0.001389241101	0.005805193148	0.008638550775	0.001389241101
	0.003160490223	0.003160490223	0.003587585849	0.004168145513	0.006108211093
	0.005127117764	0.005196694351	0.005196694351	0.004378811237	0.002784295872
	0.002779737175	0.002141055012	0.008638550775	0.02075482926	0.005255756319
	0.005431238114	0.01690720119	0.005310858313	0.005471916557	0.005678328028
	0.004663412388	0.005471916557	0.005431238114	0.00229373425	0.002574060369
	0.002167005711	0.004900320121	0.004056004943	0.003914067595	0.001946019227
	0.003531673469	0.002552811426	0.002338384976	0.002552811426	0.002858763943
	0.003087906637	0.003329639962	0.003531673469	0.001835577843	0.001946019227
	0.002056064148	0.0002659355293	0.0003811353204	0.0009228309535	0.0006927777892
	0.0003426302107	0.00115529475	0.001657389013	0.001299934827	0.001583207384
	0.001289236356	0.001396239483	0.001583207384	0.003160490223	0.003073137455
	0.003486863208	0.004448565891	0.004590295394	0.004696851215	0.004696851215
	0.004378811237	0.002779737175	0.002763518031	0.001657389013	0.006552628824
	0.01012614649	0.01690720119	0.01602301744	0.0133487237	0.008775699087
	0.004495341378	0.001734402149	0.002509776949	0.005255756319	0.003104132499
	0.005431238114	0.003686768115	0.005263955551	0.003634495435	0.00367283852
	0.003363170046	0.002080889699	0.003507566005	0.003310860182	0.003329403065
	0.001811547687	0.003310860182	0.002552811426	0.002270987893	0.002583554504
	0.002665827421	0.002925167493	0.002975881879	0.003433240862	0.001811547687
	0.002080889699	0.0003298974939	0.0006927777892	0.0006927777892	0.0003426302107
	0.0008548074379	0.00115529475	0.001657389013	0.001178546655	0.001314339364
	0.001396239483	0.0007794667351	0.001314339364	0.002028185388	0.004102374167
	0.004590295394	0.004590295394	0.004772833286	0.003510661334	0.003510661334
	0.002763518031	0.002170099073	0.001723916014	0.008014954853	0.0156478738
	0.008538422506	0.002378740208	0.008538422506	0.00516485283	0.002378740208
	0.002459419224	0.004803837173	0.003992822395	0.001966422394	0.00159209385
	0.001742689614	0.00107628967	0.0007735680479	0.0004232865654	0.003686768115
	0.00292194718	0.002984745863	0.002077821503	0.003654032793	0.003654032793
	0.003769006549	0.003565482774	0.002759471793	0.002080889699	0.003241511491
	0.003310860182	0.001811547687	0.003012729595	0.002410457599	0.002260083276
	0.002665827421	0.002583554504	0.002779318497	0.002895791734	0.003041398547
	0.001796842708	0.00210662552	0.0004482102304	0.0008548074379	0.0004604965322
	0.001250053126	0.001250053126	0.001637067018	0.0007929189336	0.001314339364
	0.0005260790349	0.0007794667351	0.001106652383	0.001439311082	0.002028185388
	0.003384681804	0.003384681804	0.004056526597	0.003510661334	0.002619780357
	0.002619780357	0.001980727746	0.001637067018	0.002863300318	0.006510895538
	0.00468854632	0.001788789226	0.002510910571	0.003331859504	0.001705099572
	0.002863300318	0.001545798591	0.002077821503	0.001246922124	0.00159209385
	0.001617991977	0.001096917713	0.001096917713	0.00292194718	0.00292194718
	0.002254488642	0.001747727963	0.003315706091	0.003654032793	0.003261369434
	0.003565482774	0.003565482774	0.002759471793	0.00210662552	0.003241511491
	0.00196304622	0.003041398547	0.002894431277	0.002204097466	0.00274324358
	0.002422992737	0.002727062405	0.002902282264	0.002820580691	0.001801247725
	0.002098535179	0.001734047258	0.0005836461682	0.001046140415	0.0005836461682
	0.001046140415	0.001394258479	0.0005187316653	0.0005187316653	0.0005260790349
	0.0004157422379	0.001439311082	0.001439311082	0.003108943338	0.002790436564
	0.002862729858	0.002865280133	0.001681776011	0.002438846949	0.002209354297
	0.001681776011	0.003185330923	0.002326159652	0.002239782478	0.001545798591
	0.002007806862	0.001604213655	0.00206944679	0.00205424327	0.001246922124
	0.00171977421	0.001391496899	0.001617991977	0.00205424327	0.002254488642
	0.002532479879	0.002254488642	0.00233366528	0.0015759865	0.003623868222
	0.003017421492	0.003137168381	0.002835973361	0.00233366528	0.001134615261
	0.002098535179	0.002894431277	0.002865940022	0.002894431277	0.002204097466
	0.002205004524	0.002578427179	0.002448522849	0.002552831018	0.002699908478
	0.001734047258	0.002098535179	0.001734047258	0.0005836461682	0.001023005054
	0.0007623208596	0.001023005054	0.001674003859	0.0005187316653	0.000446261977
	0.0004157422379	0.0008494157779	0.0008518326727	0.001866442885	0.0008518326727
	0.002862729858	0.002438846949	0.002281738786	0.001859047972	0.002438846949
	0.001674003859	0.00206944679	0.002326159652	0.002513088492	0.002239782478
	0.002366106226	0.00206944679	0.00205424327	0.001774948208	0.001774948208
	0.002198961376	0.001958209504	0.001528095238	0.002115980033	0.00233366528
	0.0015759865	0.001546068492	0.002914667724	0.002914667724	0.002604473582
	0.002601575964	0.000610591529	0.002069528111	0.001866442885	0.002604473582
	0.002604473582	0.001988913642	0.002552831018	0.002069528111	0.002205004524
	0.002448522849	0.002448522849	0.00222735637	0.001694321553	0.001976205414
	0.001868731422	0.0007715062609	0.001023005054	0.0009553593507	0.001182089925
	0.001556662604	0.0001695508816	0.0002630170123	0.0001621522887	0.0004438828308
	0.000610591529	0.0007666562311	0.0009901977025	0.001866442885	0.0007666562311
	0.001921387843	0.001955809621	0.001859047972	0.002045643303	0.001632952335
	0.002125905781	0.002105720345	0.002394782683	0.002394782683	0.002366106226
	0.001447650645	0.002205126048	0.001774948208	0.001913350885	0.002205126048
	0.001755069287	0.002601575964	0.001546068492	0.001546068492	0.00260408855
	0.002660414407	0.002103353883	0.00197293823	0.000610591529	0.001281905425
	0.002069528111	0.002215350497	0.002215350497	0.001921387843	0.002301504545
	0.002016955049	0.002010992007	0.00219711112	0.002147598132	0.00160514053
	0.001851897345	0.001649473805	0.0009932228059	0.001300514562	0.001300514562
	0.001534225294	0.001556662604	9.843759353e-05	0.0001621522887	0.0002777934752
	0.0001670416299	0.0007666562311	0.001482303509	0.0008146521634	0.001921387843
	0.001955809621	0.001955809621	0.001625601669	0.001597715804	0.001911473885
	0.001911473885	0.001749740727	0.002056519565	0.001567425268	0.002286154176
	0.002205126048	0.001913350885	0.001584814769	0.001805518498	0.001755069287
	0.00197293823	0.001746165376	0.001628381984	0.001915961969	0.002195004703
	0.002103353883	0.002103353883	0.00197293823	0.000374081423	0.001091985741
	0.001747364589	0.002016955049	0.001425726271	0.002147598132	0.002140582768
	0.002016955049	0.002010992007	0.001835023994	0.001834039487	0.001868030936
	0.001478992504	0.001747364589	0.001507459663	0.001242507131	0.001300514562
	0.001559983315	0.001550125057	0.001550125057	0.0001670416299	9.843759353e-05
	0.0004059627123	0.000374081423	0.0008146521634	0.001425726271	0.0005239578814
	0.001560167448	0.001511140508	0.001561999158	0.001625601669	0.001597715804
	0.001375651799	0.001414316368	0.001749740727	0.001749740727	0.001375651799
	0.001509044795	0.001492158692	0.001509044795	0.001414316368	0.001659296691
	0.001822348902	0.001549525502	0.001549525502	0.001492158692	0.001744040167
	0.001964686238	0.001744040167	0.000374081423	0.0007812699874	0.001747364589
	0.001834039487	0.001868030936	0.001579211325	0.001579964509	0.001834039487
	0.001678326656	0.001348476334	0.001507459663	0.001244161779	0.001507235989
	0.001590295016	0.001747378329	0.001550125057	0.00158539913	8.410819771e-05
	0.0001032940781	0.0004174192137	8.410819771e-05	0.0009700996113	0.001154697824
	0.001382089202	0.000517751348	0.001451186981	0.001451186981	0.001410005529
	0.001456417817	0.001375651799	0.00123289939	0.0009096869087	0.001426841135
	0.001324764503	0.001030036802	0.001822348902	0.001729701566	0.001790878715
	0.001549525502	0.001400243663	0.001400243663	0.001678326656	0.001744040167
	0.001592414799	0.001399644477	0.0002330799201	0.0006879938297	0.001579211325
	0.001219437021	0.001588962942	0.001588962942	0.001410838371	0.001579964509
	0.001537980984	0.001678326656	0.001244161779	0.001316450289	0.001177001599
	0.001747378329	0.001609795552	0.001747378329	0.001664620926	0.00158539913
	0.0002895497489	0.000166652572	0.000517751348	0.0001295044572	0.0008047831124
	0.001250405224	0.0008047831124	0.001502808181	0.001451186981	0.001456417817
	0.0009096869087	0.0009096869087	0.001157392811	0.001260429273	0.001030036802
	0.0009752433046	0.001610196407	0.001385313772	0.001610196407	0.001260429273
	0.001301473233	0.001400243663	0.001592414799	0.001592414799	0.00127084389
	0.00045899024	0.0001942977251	0.001316450289	0.001219437021	0.001588962942
	0.001533089875	0.001281638874	0.001302840156	0.001280169352	0.001415259227
	0.001202191391	0.001316450289	0.001177001599	0.002271348181	0.001664620926
	0.00207912517	0.001664620926	0.001578312528	0.001426361525	0.0004660494524
	0.0001865986764	0.0003038525786	0.000166652572	0.0002006481178	0.0008047831124
	0.0006742889927	0.001367510633	0.001298298901	0.0005440275937	0.00073606853
	0.00045899024	0.001260429273	0.00073606853	0.0007918986074	0.0009198250568
	0.001385313772	0.001385313772	0.00126409412	0.001300209651	0.00126409412
	0.001113438047	0.001244292828	0.001244292828	0.001136907975	0.0003823283496
	0.001281638874	0.0008475542509	0.001415259227	0.001408737138	0.00114537735
	0.001145172293	0.001145172293	0.001321561434	0.0009591564868	0.001034447812
	0.001034447812	0.00207912517	0.001910919749	0.00207912517	0.001910919749
	0.001561247129	0.001242419921	0.001242419921	0.0005440275937	0.0003038525786
	0.0002006481178	0.0002530869104	0.0006426975768	0.001071566054	0.001071566054
	0.000764151597	0.0005440275937	0.0005373905507	0.0003823283496	0.0009341656137
	0.0006133483099	0.0009198250568	0.001217373954	0.001096508019	0.001113438047
	0.001078400959	0.001113438047	0.0007707583674	0.001244292828	0.001136907975
	0.001136907975	0.0003903079475	0.00114537735	0.001130152308	0.0009979110602
	0.0009923853448	0.001145172293	0.001130152308	0.001130581478	0.0009011430874
	0.0008773761856	0.0008773761856	0.002641970223	0.001910919749	0.002641970223
	0.001561247129	0.001561247129	0.001242419921	0.001351571011	0.0004172668548
	0.0002705430831	0.0003396814368	0.0003396814368	0.000764151597	0.0009954074109
	0.0008639480077	0.0004172668548	0.0006133483099	0.000846800316	0.0006865595065
	0.0007707583674	0.001023493906	0.001112792057	0.0007707583674	0.0009470826629
	0.0010614926	0.0009500040376	0.0008772651449	0.0003903079475	0.0009923853448
	0.0009050662574	0.000953736923	0.0008148762787	0.0009050662574	0.0009256519482
	0.0009256519482	0.0006356108615	0.0007310918391	0.0007504829529	0.002641970223
	0.001971529799	0.002309443885	0.001574544405	0.001351571011	0.001350413466
	0.001351571011	0.0004172668548	0.0003417080191	0.0003396814368	0.0008639480077
	0.0009954074109	0.0008257395215	0.0004379862843	0.0005385035601	0.0006167816756
	0.0007114141967	0.0007127649589	0.0008772651449	0.0008446448671	0.0009500040376
	0.0008772651449	0.0004751166528	0.0007284986388	0.0006781462342	0.0006686451867
	0.0007556075755	0.0007572338098	0.0008182085015	0.0007123334707	0.0006356108615
	0.0006639889011	0.0005596768572	0.002776403726	0.00177983674	0.002438802624
	0.00177983674	0.001549524647	0.001166404516	0.001549524647	0.0004947496917
	0.0003942701256	0.0004329455732	0.0004329455732	0.0008326182951	0.0008326182951
	0.0006797813677	0.0004947496917	0.0006167816756	0.0006578647772	0.0006694183791
	0.0007979022745	0.0007031424493	0.0006994439808	0.0004751166528	0.0006781462342
	0.0005601258167	0.000614240506	0.0006225089437	0.0006206409033	0.0006486362805
	0.0006994439808	0.0004199501476	0.0005045445924	0.0004149698943	0.002438802624
	0.00178605913	0.002438802624	0.00178605913	0.001549524647	0.001180110692
	0.001334427056	0.0004947496917	0.0005612474989	0.000560507595	0.0008326182951
	0.0009854670741	0.0006454103793	0.000724804545	0.0005441196091	0.000613999015
	0.0005983010251	0.0006189511662	0.0006994439808	0.0005724849907	0.0005601258167
	0.0005601258167	0.0004988020771	0.0005381561667	0.0005634495273	0.0005953644794
	0.0005953644794	0.0003385863193	0.0003703575869	0.0003703575869	0.002948117551
	0.002465440406	0.002482633217	0.001801106546	0.0015722624	0.001334427056
	0.0015722624	0.000582648691	0.000560507595	0.000560507595	0.0006617463121
	0.001154574645	0.0008622769265	0.0007848043615	0.0005724849907	0.0005828620364
	0.0006007469725	0.0006007469725	0.0005724849907	0.0005138743727	0.0004988020771
	0.0004988020771	0.0005067545884	0.0004844992809	0.0005953644794	0.0005773824566
	0.0002777167643	0.0003703575869	0.0002777167643	0.002948117551	0.002482633217
	0.002482633217	0.001832439442	0.0015722624	0.001154574645	0.001264464549
	0.001166574889	0.0006359851981	0.0006812164641	0.0006359851981	0.0007848043615
	0.001154595809	0.0008622769265	0.0006879366662	0.0005828620364	0.0005828620364
	0.0006007469725	0.0005969622446	0.0003982137282	0.0004227465425	0.0004227465425
	0.0004844992809	0.0004844992809	0.0005032976721	0.0005588275543	0.0002327417892
	0.0003250631773	0.0002327417892	0.002515707719	0.002512342251	0.002512342251
	0.001865883565	0.001865883565	0.001264464549	0.001675434977	0.001040732627
	0.001166574889	0.000710281002	0.000888042692	0.0008030449696	0.0007047597777
	0.0006079621306	0.0005588275543	0.0006079621306	0.0003250631773	0.0004101002893
	0.000408603541	0.0006045654747	0.0004101002893	0.0004541735326	0.000526452495
	0.0005588275543	0.0002327417892	0.0003045496125	0.0002363507239	0.002967890211
	0.002514662208	0.002514662208	0.002037667356	0.001207546658	0.001652070563
	0.001070195003	0.001264271628	0.001070195003	0.0008030449696	0.0008109469929
	0.0007111265323	0.0006079621306	0.0003196889144	0.0004101002893	0.0003196889144
	0.0006045654747	0.0006210719156	0.0004541735326	0.0005134697896	0.0002037802305
	0.0002363507239	0.0002363507239	0.002975474806	0.002257227191	0.00254596348
	0.00201574904	0.002257227191	0.001317756132	0.001842257181	0.001198596933
	0.001198596933	0.0009416881362	0.0009416881362	0.0008396795289	0.0008396795289
	0.000314130011	0.0004242490262	0.000314130011	0.0006299755849	0.0006299755849
	0.0005204607707	0.0004242490262	0.0002197443664	0.0002707996615	0.0002197443664
	0.002975474806	0.002257227191	0.002933571663	0.002152206011	0.001651400846
	0.001651400846	0.001905830869	0.001198596933	0.0009771145865	0.001130734878
	0.0008397636136	0.000314130011	0.0004242490262	0.0003152471812	0.000601501431
	0.0008397636136	0.0005784017505	0.0002197443664	0.0002992200795	0.0002702600609
	0.002933571663	0.002152206011	0.002561896337	0.001570294837	0.001651400846
	0.001905830869	0.001130734878	0.0009975377075	0.001130734878	0.0009975377075
	0.0002992200795	0.0004719173462	0.0004562939641	0.0005784017505	0.0005962813013
	0.0004719173462	0.0009975377075	0.0002589195522	0.0004201076754	0.0003335056275
	0.002950842125	0.002062450907	0.002616826746	0.002616826746	0.001570294837
	0.001710565649	0.002188439389	0.001186710034	0.001029756486	0.0008346350225
	0.0004201076754	0.0006527421522	0.0006527421522	0.001415118793	0.001182499064
	0.0003335056275	0.0004201076754	0.0004216234016	0.002886714183	0.002188439389
	0.002420939516	0.001682512013	0.001921883484	0.002165103246	0.001396645939
	0.0008346350225	0.0006816012757	0.0006527421522	0.001682512013	0.001415118793
	0.001116326956	0.0009912485346	0.0005250482251	0.0005250482251	0.002886714183
	0.002603364115	0.002645640998	0.001743144651	0.002189134888	0.001434943599
	0.001378091367	0.0006816012757	0.001378091367	0.0009912485346	0.0005250482251
	0.0005495265008	0.002635841139	0.002645640998	0.002496030736	0.001918221953
	0.002198922444	0.00156188963	0.001378091367	0.001099107509	0.0008527592035
	0.0007062196512	0.0007062196512	0.002841524347	0.002867211988	0.002496030736
	0.002198922444	0.001585200752	0.001585200752	0.0009253330302	0.001114151317
	0.001114151317	0.002867211988	0.002802915115	0.002560775084	0.001925168568
	0.001424389665	0.001114151317	0.002924304696	0.003159895365	0.002273592488
	0.001424389665	0.001424389665	0.003159895365	0.003159895365	0.002273592488
	0.00247837757	0.004295307708	0.00247837757	0.005407719129	0.0009410537796
	0.000908688027	0.0009191166419	0.0009191166419	0.0002229646403	0.001140447606
	0.001011306842	0.0001145338488	0.0002229646403	0.001096790963	0.002679534199
	0.001096790963	0.0008053731856	0.000646007559	0.0006863302908	0.0007973861865
	0.001449324387	0.0009857892254	0.0002958308088	0.001099169049	0.00107026845
	0.001140447606	0.001140447606	0.0001145338488	6.358818518e-05	0.000813841226
	0.0006376623088	0.0003483299456	0.0003483299456	0.0005417451902	0.0003965626661
	0.0007026198913	0.0003039628262	0.001926044585	0.001096790963	0.0008053731856
	0.0008053731856	0.0006863302908	0.0006863302908	0.0007972661475	0.001099169049
	0.0009857892254	0.000782128039	0.0006653522536	0.001099169049	0.0009522832307
	0.0007674787705	0.0006925265636	0.000813841226	0.000813841226	0.0001943961286
	0.0006376623088	0.0006977335366	0.001677494312	0.0005216228375	0.0003940953881
	0.0003483299456	0.0002902934097	0.0006624034789	0.001242371287	0.0006476121654
	0.0006476121654	0.0007026198913	0.0005669900547	0.0006624034789	0.0007732129396
	0.0007556620317	0.000807984764	0.0008328227012	0.0009389023493	0.0007627457211
	0.0009389023493	0.0008122529826	0.0008792913692	0.0008135835162	0.0007556620317
	0.0006653522536	0.0006653522536	0.0006977335366	0.0006312732744	0.0007223858756
	0.0007223858756	0.0002542691374	0.0006574516536	0.0006311763477	0.0003249721658
	0.0003906827182	0.0006524141899	0.001049978614	0.0002542691374	0.0003940953881
	0.0002902934097	0.0003249721658	0.0007506373685	0.0007165581136	0.0007962773587
	0.00115870215	0.0006977912247	0.0007471023365	0.0007732129396	0.001223971364
	0.0006660667969	0.0007732129396	0.000759476153	0.0007471023365	0.000759476153
	0.0009389023493	0.0008016792501	0.0008792913692	0.0006836652959	0.0006591133917
	0.0006054353358	0.0006054353358	0.0006312732744	0.000558305638	0.0005555334737
	0.0007223858756	0.000558305638	0.0004163652994	0.0005150211977	0.0006778179544
	0.0003249721658	0.0006778179544	0.0005047630167	0.0002990780418	0.0002862639178
	0.0002990780418	0.0002833771612	0.0003088404606	0.000959940124	0.0007506373685
	0.0007506373685	0.000795446405	0.0007312584539	0.0006977912247	0.0006977912247
	0.0007958771751	0.0007755697474	0.0007755697474	0.0008164144946	0.0007958771751
	0.0007264347171	0.0006836652959	0.0007649729856	0.0007649729856	0.00065897338
	0.0007694706891	0.0006591133917	0.0006490217816	0.0006490217816	0.0006111322886
	0.0006167659145	0.0005390090885	0.000558305638	0.0004163652994	0.0004163652994
	0.0006251262533	0.002037213626	0.0004865762557	0.001355196405	0.0006137383395
	0.0004212637951	0.0003767837582	0.0002736425521	0.0002454123888	0.0002539977936
	0.0002733396166	0.0002990780418	0.0003767837582	0.0003088404606	0.000531052171
	0.0009096799656	0.0008430108578	0.0007270582925	0.0007875734866	0.0007669625756
	0.0007958771751	0.0008075299538	0.0007755697474	0.0007270582925	0.0007701916184
	0.00065897338	0.00065897338	0.0007190994506	0.000726642062	0.0006894687307
	0.0006232253286	0.0005992129317	0.0006342247739	0.0006633715551	0.0005390090885
	0.0004720733442	0.000409903641	0.0003995225502	0.0002832048163	0.0002832048163
	0.001355196405	0.0008970845187	0.001355196405	0.001179989647	0.001345839223
	0.0004991966636	0.0006137383395	0.0006137383395	0.0005459923759	0.0002767696406
	0.0002707097875	0.0003031473688	0.0004565451221	0.0003727634899	0.0009096799656
	0.0006160107854	0.000531052171	0.0007898561501	0.0009999607988	0.0008430108578
	0.0008430108578	0.0007542442922	0.0007190994506	0.0007542442922	0.0007305025093
	0.0007701916184	0.0007545260391	0.0007701916184	0.0006499050616	0.0006499050616
	0.0007035139382	0.0007001520682	0.0005992129317	0.0005992129317	0.00060251162
	0.00060251162	0.000461536024	0.0004720733442	0.000406913987	0.000316422768
	0.0002960768435	0.0002832048163	0.001008442958	0.001008442958	0.00160977498
	0.001470161776	0.001466302807	0.002237439449	0.0004556992419	0.0005459923759
	0.000944139151	0.0005459923759	0.001048936444	0.0003238620887	0.0003238620887
	0.0002960768435	0.0003700127238	0.0004929922116	0.0003727634899	0.0006903793776
	0.0008401005582	0.0006160107854	0.0007898561501	0.0004067332497	0.000926261608
	0.0005814425267	0.0008100908108	0.0008100908108	0.0007499661055	0.0008147950561
	0.0007035139382	0.0007542442922	0.0007304891588	0.0007247806313	0.0007302380685
	0.0007302380685	0.0006499050616	0.0006834730156	0.0007035139382	0.0005358164834
	0.0004788903266	0.0005790715779	0.0005790715779	0.000332386274	0.0004147189066
	0.0002975814566	0.000316422768	0.0002657219126	0.000944139151	0.001008442958
	0.00160977498	0.00160977498	0.00172706333	0.001084138656	0.002515140519
	0.002458524441	0.0009167375714	0.0004929922116	0.001048936444	0.001048936444
	0.000308488841	0.000308488841	0.0003238620887	0.0003700127238	0.0005118521516
	0.0005383827249	0.0008625818103	0.0008421371373	0.0008557056129	0.001080639482
	0.001080639482	0.000936775867	0.0005731120334	0.0008421371373	0.0008282072837
	0.0007499661055	0.0007499661055	0.0006526886567	0.0006959895824	0.0007074811763
	0.0007074811763	0.0007213899788	0.0006503512096	0.0006331266171	0.0004788903266
	0.0004788903266	0.0005790715779	0.0005924093463	0.00048129792	0.000332386274
	0.0003488820843	0.0002778148316	0.0002911814588	0.0003531624874	0.001297873715
	0.001753310451	0.002527972817	0.002074366943	0.001328318678	0.002901757248
	0.003773898438	0.0009167375714	0.000784921277	0.001216918154	0.001121949407
	0.0004045309092	0.0004045309092	0.0004797431002	0.0005118521516	0.0005118521516
	0.00109395998	0.0008625818103	0.0008421371373	0.0009180991554	0.001080639482
	0.001076498215	0.001076498215	0.0004328552168	0.0008460770542	0.0007540074486
	0.0007540074486	0.0007213899788	0.0006503512096	0.0006590199125	0.0007074811763
	0.0006403483883	0.0006863823778	0.0005924093463	0.0003797954743	0.0003797954743
	0.00049523769	0.0005700445209	0.0004936647717	0.0003400773859	0.0003488820843
	0.0003508249962	0.0003531624874	0.001704121457	0.002155837568	0.002527972817
	0.002527972817	0.001328318678	0.001413251117	0.002996906156	0.003629826861
	0.003629826861	0.0001603074484	0.001216918154	0.000784921277	0.001216918154
	0.001413251117	0.0004100264443	0.0004045309092	0.0004797431002	0.0006771559068
	0.001480067908	0.00109395998	0.001773213525	0.0008460770542	0.0009187096708
	0.0009708829736	0.001263961515	0.0009708829736	0.001076498215	0.0004328552168
	0.0006863823778	0.0008460770542	0.0007540074486	0.0006998659713	0.0006222744976
	0.0005989649423	0.0006474332889	0.0006474332889	0.0005258232455	0.0003917537824
	0.0003529748798	0.0004543470625	0.0004660621095	0.0005258232455	0.0004543470625
	0.0003343822771	0.0003179042326	0.0003508249962	0.0004047613124	0.001733132236
	0.002155837568	0.002507643526	0.001694566297	0.001413251117	0.002643282706
	0.0001372694824	0.003421695648	0.003629826861	0.003840287457	0.001191055681
	0.0009538666593	0.001495602451	0.001237098348	0.0005601335809	0.0004736920483
	0.0005501435458	0.0009222322557	0.001576166317	0.001263961515	0.001576166317
	0.002076796253	0.00075194082	0.0008581379339	0.0008581379339	0.001137241355
	0.001063034173	0.0009283799965	0.0009905083349	0.0003690920222	0.0006998659713
	0.00075194082	0.0006998659713	0.0005989649423	0.0005989649423	0.0006474332889
	0.0006101943943	0.0006403724207	0.0005258232455	0.0003690920222	0.0003529748798
	0.0004543470625	0.0004339358433	0.0005367321674	0.0004207177563	0.0003535457302
	0.0003535457302	0.0004047613124	0.0004047613124	0.002200180691	0.002388251335
	0.00263947994	0.001845580504	0.001694566297	0.00263947994	0.00322992503
	0.005995694362	0.003237651202	0.003421695648	0.003812932637	0.001124850314
	0.0009222322557	0.001514141283	0.001124850314	0.0007250514041	0.0005501435458
	0.0005501435458	0.0007250514041	0.001576166317	0.001658726973	0.001658726973
	0.002321384459	0.00075194082	0.0008581379339	0.001225145261	0.0009905083349
	0.0009004999985	0.0009905083349	0.0003690920222	0.0003604648795	0.000665523115
	0.0006882870014	0.0007536137166	0.0006882870014	0.0005882640797	0.0006101943943
	0.0006064630202	0.0005511985852	0.0003604648795	0.0003654547318	0.0004304038636
	0.0004207177563	0.0004133697191	0.0004207177563	0.0003991661156	0.0004739732709
	0.0004739732709	0.001939465254	0.002452997785	0.002452997785	0.002113430598
	0.002854867937	0.003208914918	0.003549743573	0.005995694362	0.005995694362
	0.004319116156	0.003812932637	0.001784346822	0.001124850314	0.001368369286
	0.001104853559	0.0007250514041	0.0006666239661	0.0008852695946	0.001251965678
	0.001225145261	0.001382072436	0.001657090707	0.002686416707	0.002321384459
	0.001943171827	0.0007536137166	0.0008398423697	0.0009510318354	0.0009510318354
	0.0008932775373	0.0003813334388	0.000665523115	0.0007082529404	0.0006533719041
	0.0006685589072	0.0005766805682	0.0005672981278	0.0006240385425	0.0004892124797
	0.0003568758518	0.0004405700236	0.000451347065	0.0003994626563	0.0003831836158
	0.0003831836158	0.0005626774757	0.0004391393336	0.0004739732709	0.001939465254
	0.001939465254	0.002417890048	0.004666496814	0.00241536916	0.003123030395
	0.003883793995	0.004666496814	0.004527026243	0.003883793995	0.002617720335
	0.001784346822	0.001309430942	0.001215653028	0.001181098582	0.000874921866
	0.0007539258561	0.0009861545565	0.001115472559	0.00139054052	0.001755135446
	0.001943171827	0.001017063381	0.001943171827	0.0009146780176	0.0007877067793
	0.001115472559	0.000936677716	0.0003709055524	0.0007242387459	0.0006338293084
	0.0006685589072	0.0006685589072	0.0005423893122	0.0005113070732	0.0005889055786
	0.0005878073782	0.000451347065	0.0003960297482	0.0004391393336	0.000451347065
	0.0003994626563	0.0003861848276	0.0003861848276	0.0007539258561	0.0005426295223
	0.0005426295223	0.001906204285	0.002057359949	0.006458229852	0.002649969232
	0.003123030395	0.003123030395	0.003883793995	0.00480072749	0.004027921536
	0.002617720335	0.006217413915	0.002490483485	0.002086331086	0.001532777087
	0.001181098582	0.001181098582	0.0009861545565	0.0007539258561	0.0009861545565
	0.001043959434	0.00139054052	0.00139054052	0.001755135446	0.001995270128
	0.003335365553	0.0009207423594	0.001577627042	0.002900382751	0.0007877067793
	0.001043959434	0.0008145455751	0.0003761692681	0.0006567441723	0.0006181615765
	0.0006804612606	0.0005656134108	0.000441550139	0.0005225458643	0.000470665713
	0.0005121809271	0.0005121809271	0.000470665713	0.0004553056515	0.003123671437
	0.003123671437	0.0005238726365	0.0003954386596	0.0004403811695	0.0004096355083
	0.0003861848276	0.0006182236009	0.0006571951649	0.0007980712092	0.002490483485
	0.004908869747	0.002983263401	0.003603592897	0.003316765503	0.004290176166
	0.00480072749	0.006217413915	0.006186748083	0.002490483485	0.002086331086
	0.001806309335	0.001309723351	0.001168049917	0.0007980712092	0.001070555627
	0.001272031435	0.001043959434	0.0009422957988	0.001530307201	0.002900382751
	0.001883401843	0.002153076595	0.001300897357	0.001300897357	0.003162678239
	0.002900382751	0.0008145455751	0.0006840725111	0.0004466836763	0.0006190748974
	0.0005976557144	0.0005976557144	0.0005306596423	0.000430800528	0.0005225458643
	0.0004870810989	0.000470665713	0.000582748156	0.006354153639	0.004435143019
	0.007303166053	0.001800910816	0.0004764705585	0.0004136133655	0.000430800528
	0.0003999415731	0.000582748156	0.0006881415446	0.0007980712092	0.002930172193
	0.004908869747	0.003316765503	0.003316765503	0.004392629223	0.0041698335
	0.006354153639	0.005574373876	0.002397754207	0.002694652355	0.00163436535
	0.001566472318	0.001566472318	0.0008722370717	0.001419196846	0.001172652538
	0.0009422957988	0.001020539234	0.002153076595	0.002688786839	0.002235783566
	0.001300897357	0.000983423418	0.002688786839	0.0007045360382	0.0007875989169
	0.0005195807209	0.0005886642495	0.0005276685774	0.0005276685774	0.0004891623026
	0.000430800528	0.000458017145	0.0004717366037	0.0004891623026	0.0006276691931
	0.006492273108	0.003340126773	0.003340126773	0.007303166053	0.003192326998
	0.0005006315978	0.0004603348603	0.000450099743	0.0006276691931	0.0008089584863
	0.0009708445278	0.003180837514	0.004839263785	0.003748262337	0.004392629223
	0.004392629223	0.005739252658	0.004839263785	0.003308228433	0.00226943114
	0.00226943114	0.0009708445278	0.001847883783	0.001419196846	0.002464796251
	0.001660333762	0.001396223723	0.000877049671	0.0008221068331	0.000983423418
	0.002142949417	0.002142949417	0.001447778673	0.001540008951	0.000983423418
	0.003192326998	0.00257743363	0.0005886642495	0.0006213595811	0.0007045360382
	0.000592120722	0.0005886642495	0.0005133128092	0.0004891623026	0.0004904323753
	0.0004904323753	0.0004878924176	0.0004717366037	0.0006276691931	0.006246461348
	0.003824952613	0.007649586003	0.005860707431	0.004577219112	0.0009574689427
	0.0005509759059	0.000517432125	0.0007248825943	0.0007248825943	0.0009536954421
	0.003573323048	0.004839263785	0.004084294656	0.003461502068	0.005859693127
	0.004563236861	0.002768481424	0.002464796251	0.001373628488	0.002464796251
	0.001680862393	0.001980864561	0.001680862393	0.001617844605	0.0007680931788
	0.0007680931788	0.0008990044005	0.001068439838	0.002142949417	0.002257122908
	0.001540008951	0.001540008951	0.002740311532	0.002257122908	0.000562302756
	0.0006352866137	0.0006352866137	0.000592120722	0.0005868492795	0.0005447291613
	0.0005133128092	0.0004951640835	0.0004904323753	0.0004878924176	0.000524209075
	0.000691051652	0.005992483043	0.007649586003	0.00742401482	0.006058510936
	0.00891677424	0.008120391475	0.0007619198507	0.000517432125	0.0007734889994
	0.0008873035473	0.001318110953	0.003461502068	0.004563236861	0.003204684127
	0.003655403457	0.004967882184	0.00493467669	0.002651377431	0.001368277599
	0.002261218659	0.001680862393	0.001617844605	0.0007680931788	0.0008569238959
	0.001068439838	0.001298116167	0.001898023198	0.001568138818	0.00389281489
	0.002917359613	0.002917359613	0.0006479393625	0.0006277956877	0.0006352866137
	0.0007349055391	0.0005868492795	0.0005868492795	0.0005447291613	0.0005660079041
	0.0005755304431	0.000565819838	0.0005755304431	0.0007349055391	0.006058510936
	0.006912470489	0.006912470489	0.007630173116	0.01471892465	0.01471892465
	0.0008679719368	0.0008449072335	0.002862002826	0.0009108106006	0.0008873035473
	0.001214551569	0.001318110953	0.003655403457	0.004415218562	0.003013514201
	0.003655403457	0.004415218562	0.002597796422	0.00183967598	0.002261218659
	0.00183967598	0.0008569238959	0.0008569238959	0.001177070718	0.001177070718
	0.001845940188	0.001845940188	0.002783892806	0.002783892806	0.002862002826
	0.0006223146947	0.0006479393625	0.0007380013002	0.0007349055391	0.0006152763886
	0.0006039131896	0.0006015973875	0.0006223146947	0.0005755304431	0.0006577003402
	0.001052430947	0.005397363295	0.006934888233	0.006033789529	0.006912470489
	0.006541534011	0.006876041678	0.003663418091	0.003663418091	0.003223561817
	0.001052430947	0.001093459694	0.001512177071	0.001538408055	0.003013514201
	0.004241211998	0.003884294187	0.003013514201	0.005397363295	0.004241211998
	0.002597796422	0.00183967598	0.001838680659	0.001023382991	0.0009047002128
	0.001177070718	0.001023382991	0.001604420695	0.001845940188	0.002647351933
	0.002783892806	0.002647351933	0.000678439888	0.0006665477673	0.0007001713289
	0.0008317304706	0.0008892188741	0.0007794954462	0.0007457310496	0.0008892188741
	0.0007350842556	0.000678439888	0.0007350842556	0.001052430947	0.008581772159
	0.006467196095	0.005397363295	0.005834335881	0.005380704974	0.008581772159
	0.003223561817	0.005008218618	0.001465827906	0.00172659882	0.001465827906
	0.003323446316	0.003448935223	0.003884294187	0.004098209203	0.004098209203
	0.002784316136	0.001761304462	0.0008317304706	0.0008317304706	0.001023382991
	0.001354588545	0.001077084666	0.001659262557	0.001659262557	0.002888106188
	0.002016146619	0.001734103198	0.000678439888	0.0007134192497	0.0008321657734
	0.0008892188741	0.000874844308	0.0008322969917	0.0009730304657	0.0007350842556
	0.0007586673982	0.0007545597419	0.001411935609	0.00919301523	0.006455912696
	0.006467196095	0.00459993972	0.005798079686	0.01773387803	0.0008226602765
	0.003741188778	0.0008322969917	0.001465827906	0.001949731578	0.00172659882
	0.002700428677	0.00323725459	0.003655555376	0.003942941733	0.004361638333
	0.002341646591	0.0009075929086	0.0009747538248	0.001077084666	0.001344290459
	0.001587927126	0.001938814081	0.001659262557	0.002888106188	0.001891051359
	0.0007134192497	0.0008321657734	0.0008321657734	0.001035843438	0.001004424427
	0.001035843438	0.0008775636286	0.0008506047771	0.001411935609	0.006694713461
	0.006694713461	0.006694713461	0.005015935564	0.004753092922	0.004966447107
	0.001065924655	0.0031842846	0.003279413332	0.0031842846	0.001130938465
	0.001390977127	0.001004424427	0.002181890304	0.001672616754	0.001671402925
	0.002630027697	0.00323725459	0.003295650827	0.003295650827	0.003560442702
	0.004137404756	0.002181890304	0.0008959075421	0.001112314555	0.001176577936
	0.001344290459	0.001938814081	0.001938814081	0.001891051359	0.0008911171513
	0.0008911171513	0.0008959075421	0.001130938465	0.001550351081	0.0009769721859
	0.0009873715591	0.001389867888	0.004570794059	0.004448990146	0.006467462953
	0.004448990146	0.004570794059	0.02299042568	0.001065924655	0.003398922325
	0.003398922325	0.002803907014	0.001042553663	0.001550351081	0.0009686921406
	0.001144804804	0.002181890304	0.002115582398	0.003079102867	0.003079102867
	0.003350640482	0.003938441223	0.004359530513	0.00235126885	0.00290907149
	0.001051764304	0.001355739514	0.001355739514	0.001732660432	0.00213679813
	0.0008911171513	0.001051764304	0.001095070612	0.001316029188	0.001550351081
	0.0009873715591	0.001786657036	0.004570794059	0.004217487497	0.004448990146
	0.004935945845	0.008219237254	0.003771766333	0.002388891898	0.003398922325
	0.003299616124	0.001786657036	0.0009731127485	0.001316029188	0.002012458864
	0.00235126885	0.003079102867	0.003350640482	0.003712645857	0.003937280538
	0.004359530513	0.002515151703	0.00290907149	0.001051764304	0.001355739514
	0.002388891898	0.001528913779	0.001738211911	0.0009771973617	0.001135635613
	0.001276412177	0.001316029188	0.001903557791	0.001079264282	0.002012458864
	0.003624446367	0.004217487497	0.004151098744	0.003771766333	0.002567728643
	0.001896852262	0.00350595627	0.00350595627	0.001927021734	0.001245936719
	0.001451653582	0.002510043746	0.002510043746	0.003551116056	0.003088683534
	0.00336893721	0.003596023944	0.003937280538	0.002810075591	0.001135635613
	0.001361583572	0.001896852262	0.001528913779	0.001241394064	0.001289236655
	0.001438254179	0.001488049915	0.001927021734	0.001438254179	0.002210538446
	0.004151098744	0.003624446367	0.003580302788	0.006506040693	0.001277202533
	0.001952343908	0.001952343908	0.003154012183	0.002016698893	0.001445671683
	0.002074715338	0.001840811738	0.002510043746	0.002810075591	0.003580302788
	0.003025586336	0.003025586336	0.003195532511	0.002810075591	0.001289236655
	0.001361583572	0.001610373115	0.001844527153	0.001445671683	0.001438254179
	0.00189206027	0.001641389579	0.002434979585	0.002390632467	0.003580302788
	0.003607863134	0.003611428597	0.008496783192	0.001120620428	0.001884546614
	0.00170852074	0.004031189974	0.004031189974	0.001445671683	0.002074715338
	0.00189206027	0.01724780792	0.002652347777	0.003455926862	0.003077189128
	0.003288387704	0.003077189128	0.00165155319	0.00170852074	0.00170852074
	0.00182866424	0.001838354501	0.001806125286	0.002124723047	0.001957823093
	0.002434979585	0.002390632467	0.003455926862	0.003607863134	0.002326399455
	0.002694934871	0.002694934871	0.003146733025	0.004031189974	0.003146733025
	0.001868690712	0.002124723047	0.001967743293	0.01900522883	0.002646595629
	0.003247863392	0.003077189128	0.003012596684	0.002088831278	0.00233380373
	0.001951037154	0.001868690712	0.001967743293	0.002148146086	0.001868690712
	0.002646595629	0.0022197792	0.003244280257	0.003115275532	0.003097545919
	0.003249745658	0.003334197181	0.003146733025	0.00222439817	0.002724377057
	0.03615148462	0.002646595629	0.00296890718	0.002774902385	0.00233380373
	0.002417150181	0.001951037154	0.002139827985	0.002148146086	0.002148146086
	0.002139827985	0.002545249576	0.00247116114	0.002978839981	0.003054971996
	0.0003169069685	0.003099721503	0.002724377057	0.00270601397	0.004997957887
	0.002978839981	0.002774902385	0.002774902385	0.002610992099	0.002063729624
	0.002160269357	0.002063729624	0.002139827985	0.002400401805	0.002278999879
	0.002400401805	0.003054971996	0.0001850977761	0.002706790711	0.002706790711
	0.03269145619	0.002730988591	0.002610992099	0.002842001113	0.002468619919
	0.00240264616	0.00248883686	0.002710532539	0.00240264616	0.002296720902
	0.002616923271	0.002704968754	0.002706790711	0.002788863002	0.003090520414
	0.01802128209	0.00227240923	0.00227240923	0.002488037099	0.00240264616
	0.002703973837	0.002296720902	0.002296720902	0.002616923271	0.000181456331
	0.002416358434	0.001830881787	0.00227240923	0.002488037099	0.002499257973
	0.002499257973	0.01340356564	0.0022322579	0.001830881787	0.003064611566
	0.0022322579	0.006026416301	0.001286025256	0.003108932972	