5884	
	4.413330146e-09	1.097413893e-08	1.097413893e-08	4.489074712e-08	2.505086716e-08
	2.871133842e-07	1.267610505e-07	4.489074712e-08	1.114835634e-06	2.871133842e-07
	2.871133842e-07	2.185694992e-06	4.214891763e-06	4.214891763e-06	1.661717182e-07
	9.193290476e-07	1.114835634e-06	5.931048188e-06	2.185694992e-06	2.185694992e-06
	1.146519465e-05	5.923818102e-06	1.146519465e-05	1.973842956e-07	1.62887946e-06
	7.708926644e-06	7.708926644e-06	1.23689897e-05	5.275965728e-05	5.199423703e-06
	2.68573321e-05	1.146519465e-05	1.973842956e-07	2.476814992e-06	7.797472745e-06
	1.873585538e-05	1.767044562e-05	8.476277999e-05	8.476277999e-05	2.718943199e-05
	4.487544182e-05	3.63220276e-05	7.105358855e-05	2.476814992e-06	8.98104644e-07
	9.749238358e-05	7.797472745e-06	8.98104644e-07	7.797472745e-06	1.873585538e-05
	1.873585538e-05	4.282866289e-05	8.476277999e-05	0.00012033588	0.0003873547981
	2.904782527e-05	4.678676836e-05	7.105358855e-05	7.105358855e-05	5.834716875e-06
	2.676657077e-05	4.430673235e-06	8.645396095e-05	0.0001561968202	1.762297259e-05
	2.835224142e-05	1.762297259e-05	4.282866289e-05	1.678227109e-05	0.0001039923685
	0.0001590615794	0.0003842748795	0.0005866333796	4.678676836e-05	8.645396095e-05
	0.0001391151997	4.655490514e-05	1.18506853e-05	1.18506853e-05	1.418444026e-05
	0.0002130758259	0.0002772450956	2.835224142e-05	2.835224142e-05	4.999639355e-05
	0.0001039923685	1.678227109e-05	0.0002559499412	0.0004112323067	0.0005810881025
	0.0005866333796	4.655490514e-05	8.021595126e-05	0.0001763237133	3.456705023e-05
	6.964398754e-05	1.418444026e-05	1.18506853e-05	1.909946646e-05	1.418444026e-05
	1.1521247e-05	0.0002772450956	0.0002772450956	9.217014382e-05	0.0001006875606
	0.0002613114339	7.479551618e-05	9.217014382e-05	0.0004112323067	0.0003336666487
	0.0004112323067	0.0008083543327	0.0008083543327	6.964398754e-05	0.0001090745702
	0.0001763237133	3.456705023e-05	1.909946646e-05	3.684136519e-05	6.591748221e-05
	2.296467068e-05	2.296467068e-05	0.0002480557101	0.0003125568824	7.343741263e-05
	7.343741263e-05	9.217014382e-05	0.0001710600199	0.000144095627	0.0001114294031
	0.0003076144118	0.0005330533493	0.0005330533493	0.0001114294031	0.0007115253908
	0.001071072558	0.001001193831	0.0002921222265	9.772782801e-05	0.0001541887464
	6.591748221e-05	3.79526167e-05	6.486522888e-05	0.0001267967431	6.31971673e-05
	3.79526167e-05	0.0003547932778	0.0003547932778	0.0001608561774	0.0001608561774
	6.31971673e-05	0.0001613091763	0.0001114294031	0.0003076144118	0.0004376355487
	0.0005330533493	0.0002283741195	0.001071072558	0.001071072558	0.001791655503
	0.0002945258195	0.0001959522705	0.0001544587241	9.772782801e-05	0.0001267967431
	7.858199584e-05	0.0001267967431	6.486522888e-05	8.917845163e-05	0.0001075759601
	0.0001203915252	0.0003685747251	0.0004708612481	0.0001608561774	0.0002391693432
	0.000100832332	0.0001578048447	0.000339057349	0.0003262087138	0.0004700164045
	0.0004700164045	0.0006427948065	0.0002283741195	0.0002283741195	0.001101646562
	0.001514506365	0.002120334014	0.0003384079385	0.0002198766205	0.0002219075955
	0.0001798710893	0.0001798710893	0.0001075759601	0.0001382733815	0.0001382733815
	0.0001203915252	0.0001771490896	0.0001203915252	0.0003685747251	0.0004708612481
	0.0002391693432	0.0001578048447	0.0002416199966	0.0002448856518	0.0002391693432
	0.0002449327733	0.0003268125065	0.0005915717584	0.0006614366332	0.0009771165105
	0.0004176905856	0.0003214131339	0.001268386274	0.001268386274	0.002120334014
	0.0003384079385	0.0003384079385	0.0002268703234	0.0002219075955	0.0002268703234
	0.0002046670453	0.0001771490896	0.0002809272912	0.0003665708319	0.0001560825243
	0.0001771490896	0.0002280864393	0.0002469423992	0.0003412061266	0.0004505757126
	0.0002416199966	0.0004408578711	0.0002448856518	0.0002416199966	0.0002448856518
	0.0004225458163	0.0004176905856	0.0007373256176	0.0009597188994	0.0009771165105
	0.0004176905856	0.0005836925296	0.001442781917	0.001442781917	0.002622015541
	0.0003663376052	0.0003561738846	0.0002897540863	0.0003029863926	0.000300458198
	0.0002809272912	0.0002809272912	0.0003665708319	0.0003661852832	0.0003221480727
	0.0003221480727	0.000390621162	0.0002469423992	0.0003161213242	0.0004505757126
	0.0004505757126	0.0003058356393	0.0005830905709	0.000324052645	0.0003058356393
	0.0004478831751	0.0006156664436	0.0007373256176	0.0007373256176	0.001053480043
	0.001008254087	0.0007240721558	0.0005830905709	0.001238322866	0.002061458015
	0.002731117429	0.0003721625746	0.0003210898501	0.0003745390717	0.0003661852832
	0.0003661852832	0.000300458198	0.000585626245	0.0003596308329	0.0004595938319
	0.0003221480727	0.0004877875602	0.0005754408706	0.000488816918	0.0004257385681
	0.0004257385681	0.0003735639947	0.0003721625746	0.0003735639947	0.0004086958419
	0.0004086958419	0.0007294339645	0.0004602977633	0.0003362504101	0.00044274552
	0.000605620951	0.000605620951	0.0008461497431	0.001053480043	0.001053480043
	0.001371903279	0.0008319796433	0.0009160218032	0.001694509789	0.002731117429
	0.002731117429	0.0003721625746	0.0003693064234	0.0003693064234	0.0006615309926
	0.0005604268818	0.0005521791689	0.0005521791689	0.0004595938319	0.0005434400644
	0.0006599869987	0.0006599869987	0.000488816918	0.0005240073037	0.0006700219388
	0.000353085266	0.0003735639947	0.000322221758	0.0003525376384	0.0005644904249
	0.0005644904249	0.0006313649348	0.0004291738326	0.0004086958419	0.0004334951934
	0.0008906543307	0.0006752847507	0.0006752847507	0.000605620951	0.001046064526
	0.0009758502591	0.001098862454	0.001098862454	0.001694509789	0.001026929778
	0.001165652588	0.001694509789	0.002824380135	0.002775283714	0.0004041492498
	0.0005588918637	0.0005499257327	0.0006615309926	0.001013344676	0.0007074477371
	0.0005521791689	0.0008289940796	0.0009717716945	0.0009717716945	0.001036821869
	0.001101296416	0.001036821869	0.001074236916	0.00165121124	0.0003927138349
	0.000314278145	0.0002886650202	0.0002886650202	0.0002916358501	0.0005644904249
	0.001415366298	0.00165121124	0.0005660968918	0.0009298673426	0.0006266905366
	0.0004336582861	0.001165652588	0.0009522571791	0.0009522571791	0.00136214783
	0.0008678676902	0.0009758502591	0.001098862454	0.001359132192	0.001284458764
	0.001211540109	0.001165652588	0.001798128756	0.001592007608	0.002135814308
	0.002128747767	0.000605736252	0.0007051023935	0.000605736252	0.001096556803
	0.001237380349	0.000698577622	0.001237380349	0.0009419971943	0.001358904553
	0.0009717716945	0.001074236916	0.001590367394	0.0009319235441	0.001207241237
	0.003183402079	0.002579845032	0.002113905585	0.001428582939	0.00165121124
	0.0005840360215	0.0004655054124	0.0003489327699	0.0002706819913	0.0002490828883
	0.0002341190972	0.00298983347	0.003183402079	0.003183402079	0.0005660968918
	0.001415366298	0.0005660968918	0.0009298673426	0.0006266905366	0.0005542042986
	0.0008702615222	0.001347534984	0.001190252145	0.0009522571791	0.001190252145
	0.001320799811	0.001320799811	0.001485450661	0.001410378315	0.001576378234
	0.001485450661	0.001798128756	0.001592007608	0.002135814308	0.002023927801
	0.000605736252	0.0007051023935	0.001442288845	0.001237380349	0.00160530666
	0.001308627855	0.00126397763	0.006302131712	0.001988151562	0.001767593443
	0.001590367394	0.002139242467	0.001789621183	0.005491779686	0.005491779686
	0.004360428746	0.00335126797	0.00335126797	0.001953862954	0.0004655054124
	0.0003489327699	0.0003489327699	0.0002295844063	0.0002194120681	0.0001589374361
	0.007025263134	0.005717555251	0.005717555251	0.003647426181	0.003647426181
	0.002201239377	0.000625082134	0.00103672825	0.000625082134	0.001542535551
	0.0008812467462	0.0007713510474	0.001186943172	0.001626668983	0.001597377141
	0.001542535551	0.001542535551	0.001320799811	0.001485450661	0.001626668983
	0.001410378315	0.001734158746	0.001580743931	0.001592408424	0.001697702506
	0.00161344161	0.001857938456	0.002195734878	0.0008479135059	0.0007255045858
	0.00160530666	0.001308627855	0.001308627855	0.00126397763	0.00126397763
	0.01669309019	0.006523707764	0.006302131712	0.002244860393	0.002139242467
	0.00264508538	0.002139242467	0.00211343883	0.006236949516	0.00505938762
	0.00505938762	0.00335126797	0.002244860393	0.0005933129713	0.0002970996597
	0.0002194120681	0.0001339765913	0.0001339765913	6.709080604e-05	0.01151341119
	0.0231205207	0.01398447274	0.01071470055	0.005717555251	0.003647426181
	0.001869133554	0.001869133554	0.0007713510474	0.0007972620022	0.001186943172
	0.0008812467462	0.0007713510474	0.001186943172	0.001626668983	0.001597377141
	0.001907043288	0.0014580094	0.001617971808	0.002103508096	0.002311590264
	0.002103508096	0.00169426187	0.001592408424	0.001565327531	0.001565327531
	0.001648025966	0.002195734878	0.0005169157125	0.001132497279	0.002510238791
	0.001696741086	0.002128235182	0.001518947427	0.001234240585	0.004704012491
	0.01007221281	0.006523707764	0.005060574834	0.003106590134	0.00264508538
	0.001998260088	0.002320094337	0.002510238791	0.002510238791	0.00505938762
	0.005060574834	0.004752207781	0.003948754127	0.003577006849	0.0005169157125
	0.0003635124956	0.0002732622068	0.0001339765913	0.0001338684329	6.709080604e-05
	0.03682830149	0.01398447274	0.01071470055	0.005525262625	0.005525262625
	0.002418239025	0.001884923886	0.0007400921634	0.0007400921634	0.001262639208
	0.001290564325	0.001413589581	0.002542591933	0.001907043288	0.002542591933
	0.001617971808	0.001882829481	0.002478231247	0.002249401227	0.00169426187
	0.001522962927	0.001648025966	0.001387561869	0.001648025966	0.001419437312
	0.0007421399865	0.0007011155181	0.00190255761	0.002713865142	0.00190255761
	0.00152965885	0.00142246351	0.004704012491	0.004373345236	0.004704698141
	0.003494701624	0.003648192973	0.003051541275	0.003728018614	0.002922853735
	0.003978349619	0.005237155475	0.003948754127	0.003948754127	0.003978349619
	0.0003635124956	0.0006449372603	0.0003635124956	0.0001879196255	3.711840376e-05
	6.793861687e-05	3.711840376e-05	0.05288426917	0.03844856407	0.009960454153
	0.009960454153	0.004437801676	0.002467899665	0.001497782214	0.001116602415
	0.001413589581	0.002152589238	0.001413589581	0.002644481205	0.002637309418
	0.002835983743	0.002698014147	0.001882829481	0.001882829481	0.002249401227
	0.001731539215	0.001788783673	0.001387561869	0.001393057452	0.001230072555
	0.001419437312	0.001176859717	0.0006449372603	0.0007421399865	0.001002559329
	0.00190255761	0.002922853735	0.002819218683	0.00152965885	0.001722310652
	0.00148110766	0.002308978064	0.001070465108	0.003494701624	0.003494701624
	0.003299496425	0.003082003929	0.003978349619	0.003299496425	0.003745037985
	0.003715496946	0.0006449372603	0.0003968282139	0.0001879196255	0.0001879196255
	5.106603768e-05	0.0001020246605	8.336014796e-05	0.08320437685	0.04150209055
	0.009960454153	0.004437801676	0.004437801676	0.001116602415	0.001945451481
	0.001116602415	0.0018583189	0.001907797387	0.002637309418	0.001486205626
	0.002698014147	0.003548318686	0.003548318686	0.002698014147	0.003455646318
	0.002457924181	0.002975164197	0.001682453442	0.002104275732	0.001354727538
	0.001056673432	0.001056673432	0.002544496777	0.001012084321	0.0009713736459
	0.0005222590152	0.001002559329	0.002544496777	0.003082003929	0.002435469833
	0.002254965326	0.001918226084	0.00148110766	0.002734510164	0.001453263322
	0.001118853466	0.002551084104	0.002966864786	0.002874657051	0.002966864786
	0.002310488401	0.003754149957	0.003715496946	0.0005222590152	0.0004019404075
	0.0002589896783	0.000579430399	0.0001319002118	0.0001020246605	0.0001020246605
	7.406177273e-05	0.06026310199	0.03651049242	0.00867119416	0.003941012815
	0.001732454673	0.001150230506	0.001732454673	0.003654647952	0.0018583189
	0.002104033815	0.001589422559	0.002975164197	0.003686159421	0.003548318686
	0.00441414212	0.002104275732	0.003177232247	0.001635582612	0.002104275732
	0.001354727538	0.002474427254	0.001056673432	0.001030433527	0.0007822834913
	0.0009713975369	0.002874657051	0.000806629264	0.0008806552813	0.002435469833
	0.002525537254	0.002275019133	0.001774398077	0.001416953951	0.002734510164
	0.004024063501	0.001118853466	0.002310488401	0.002966864786	0.002874657051
	0.002443782876	0.003109378164	0.000579430399	0.0003736881957	0.0002336988935
	0.0001732180293	0.000579430399	0.0001319002118	7.406177273e-05	0.0001014743503
	4.2803906e-06	0.003654647952	0.0710868904	0.03515336348	0.01103756895
	0.007355130614	0.001732454673	0.002140684321	0.003117130911	0.001589422559
	0.004108101167	0.00465169698	0.003686159421	0.004376819038	0.003686159421
	0.003177232247	0.002062888256	0.001500971719	0.0011160078	0.002062888256
	0.0006559011955	0.0006559011955	0.000606188141	0.000606188141	0.002421908365
	0.00278473654	0.001151532294	0.002275019133	0.002275019133	0.001774398077
	0.001172009181	0.01247272415	0.002605673925	0.001066396411	0.001878826234
	0.003109378164	0.00201263316	0.0005804120557	0.0005804120557	0.0001732180293
	0.0002233421336	0.0001732180293	0.0003624951938	0.0001161137511	4.2803906e-06
	6.222527709e-05	4.2803906e-06	0.003828277073	0.003624568205	0.08082045066
	0.01409994406	0.006211922208	0.006211922208	0.002140684321	0.002140684321
	0.003231614233	0.004706698407	0.005123038721	0.004143033853	0.0040527446
	0.0040527446	0.003402881509	0.002062888256	0.001450389579	0.0007578557399
	0.003402881509	0.0005070243658	0.0007578557399	0.000448744985	0.000677460594
	0.001769122499	0.002165970038	0.001922823052	0.0008429761994	0.001769122499
	0.001631903013	0.01247272415	0.0005880968961	0.0005107452057	0.0005107452057
	0.002165970038	0.0006583405681	0.0005804120557	0.000542003582	0.0002233421336
	0.0001964409495	0.0001964409495	0.0003272813162	0.0001602054351	0.0001029823882
	5.716955572e-05	6.716967649e-05	7.177596312e-06	0.003231614233	0.08082045066
	0.00929268561	0.006211922208	0.005285723938	0.002001511002	0.002001511002
	0.005123038721	0.004143033853	0.004143033853	0.005114200718	0.004987222186
	0.0040527446	0.003402881509	0.001783435287	0.001450389579	0.0006441220016
	0.001798624918	0.0003603966503	0.0006441220016	0.0003603966503	0.0005881630204
	0.001769122499	0.001922823052	0.001922823052	0.0006507059423	0.0009376801759
	0.001145106007	0.02742587126	0.0005111962469	0.001388697235	0.0005107452057
	0.0007991832491	0.0006507059423	0.000359828543	0.000359828543	0.0006507059423
	0.0003460080299	0.0001964409495	0.0001602054351	0.0003171171285	0.0001931733874
	0.0001817604651	6.778830512e-05	6.716967649e-05	6.716967649e-05	1.562000502e-05
	0.004412929091	0.002736222579	0.07950525983	0.02998595582	0.005285723938
	0.002132962261	0.002132962261	0.005506788903	0.005713812203	0.005114200718
	0.004412929091	0.00387522356	0.005188682726	0.003447086011	0.001844989314
	0.001844989314	0.001280768765	0.001902808938	0.0003603966503	0.0004191293442
	0.001172326653	0.0002258391845	0.0002268331249	0.001388697235	0.001426383892
	0.001522622458	0.001076893856	0.001145106007	0.001426383892	0.01898807747
	0.001397357285	0.001020323181	0.001397357285	0.001020323181	0.0003171171285
	0.0005357923269	0.000359828543	0.0006774312746	0.0003460080299	0.0002965404406
	0.0002964607479	0.0001931733874	0.0004710011662	0.0001104957313	0.0001817604651
	9.989003175e-05	1.241441587e-05	9.989003175e-05	1.562000502e-05	1.562000502e-05
	0.00551671994	0.005675695893	0.00275156486	0.09215761588	0.04031692481
	0.004329674248	0.00275156486	0.005713812203	0.005713812203	0.006262336176
	0.006954049684	0.00590131089	0.004846098645	0.004571595164	0.003437268388
	0.001172326653	0.001777730208	0.001172326653	0.001777730208	0.0004076804388
	0.0002078060291	0.0006864881251	0.0001551274543	0.0001551274543	0.001054530835
	0.001338358047	0.001073247494	0.001076893856	0.001338358047	0.01996995459
	0.001397357285	0.001020323181	0.001391575526	0.000398131398	0.0009559130692
	0.0006774312746	0.0005643802381	0.0002964607479	0.0002964607479	0.0003737985789
	0.0004723081793	0.000466278981	0.000186786981	5.807639375e-05	9.690584383e-06
	4.887905567e-05	9.42307783e-06	9.42307783e-06	0.005675695893	0.004741833366
	0.003474956912	0.06211456053	0.04270734935	0.003474956912	0.006351262702
	0.007027839895	0.007163542473	0.004975385905	0.005315831989	0.0044652328
	0.003437268388	0.001162757541	0.001777730208	0.002451195114	0.002483718204
	0.002483718204	0.000178602833	0.0003965335951	0.0003964356053	0.0001551274543
	0.000178602833	0.0001581685074	0.0001581685074	0.001740537013	0.000947680222
	0.001073247494	0.001171899527	0.01996995459	0.001492364743	0.001391575526
	0.001740537013	0.000466278981	0.0008778279361	0.001169592436	0.0009534704075
	0.00059846411	0.0006935633798	0.0003737985789	0.0001855544986	0.0003507135185
	0.0006935633798	0.0004723081793	0.0004723081793	4.682597477e-06	5.419959014e-05
	0.0002298248729	0.0002298248729	8.690155585e-05	0.0001222427668	7.292281888e-05
	1.517869994e-05	8.38037505e-05	0.005233239765	0.004741833366	0.005093224199
	0.04455314501	0.0129218429	0.006351262702	0.007163542473	0.007163542473
	0.005233239765	0.007027839895	0.0044652328	0.004203506423	0.004243665494
	0.001084405164	0.001624076412	0.002278981636	0.003297485508	0.000178602833
	0.001178590739	0.0004734458313	0.0004734458313	0.000344384328	0.000344384328
	0.0002254040625	0.001740537013	0.001973172494	0.01290912705	0.002495472505
	0.002563008127	0.0008778279361	0.001629693129	0.0008778279361	0.001280110859
	0.00059846411	0.0006935633798	0.0003757959848	0.0004763045544	0.0005885068051
	0.0005885068051	2.652830899e-06	1.517869994e-05	5.419959014e-05	0.0002298248729
	0.0003757959848	0.0002212753554	0.0001155706631	8.342548517e-05	1.517869994e-05
	0.005233239765	0.003808542872	0.0129218429	0.04455314501	0.00643184214
	0.006633225089	0.007847147566	0.004464109839	0.006633225089	0.004203506423
	0.004203506423	0.003297485508	0.001178590739	0.002278981636	0.002278981636
	0.001993297188	0.003387876119	0.0008707552805	0.001178590739	0.0004734458313
	0.001973172494	0.0003514498782	0.0003569019749	0.0004972032504	0.0004972032504
	0.002563008127	0.001629693129	0.005502248398	0.004256762887	0.0004261535873
	0.001302158879	0.001302158879	0.0007918223978	0.0005840451481	0.000428975607
	0.0004763045544	0.0004763045544	7.170656518e-05	2.798707798e-05	7.080867614e-05
	6.196664711e-05	0.000358601985	0.000424232255	0.0001770521297	0.000358601985
	0.000269126916	0.0001064780383	0.003808542872	0.003808542872	0.02172155496
	0.00643184214	0.006298677318	0.00643184214	0.007171517778	0.004958651938
	0.005413840629	0.005415805527	0.0008707552805	0.001169704411	0.002508267153
	0.003440025701	0.002036031395	0.0027133318	0.001022420052	0.0005651765948
	0.000354237515	0.001371383566	0.0004972032504	1.445347223e-05	2.62792311e-05
	0.002670561489	0.002792558165	0.002187749825	0.005595288656	0.0008094836698
	0.0005840451481	0.001302158879	0.001561410453	0.0009727395346	0.0005840451481
	0.000428975607	0.000424232255	7.170656518e-05	7.559685877e-05	8.22040833e-05
	8.050553031e-05	8.980984909e-05	0.000424232255	0.0001770521297	0.0001836266437
	0.0001370815649	0.0004685878539	0.004958651938	0.003815139978	0.02172155496
	0.005413840629	0.006953618166	0.006298677318	0.00725703123	0.00366414622
	0.005413840629	0.004413670946	0.005460229866	0.001722276168	0.003440025701
	0.002508267153	0.002891393574	0.002891393574	0.001722276168	0.001898038016
	0.0008269935276	0.0008269935276	0.0009926446346	0.001405911425	0.001539255751
	4.317722541e-05	5.879523809e-05	5.879523809e-05	5.717547992e-05	0.002792558165
	0.002792558165	0.002559183293	0.00758768211	0.0006708250055	0.0009120373165
	0.002183134496	0.001561410453	0.001391054151	0.0006004565431	0.0005871740194
	0.0005871740194	0.0003923169285	0.0009380596045	0.0007567265034	7.559685877e-05
	7.559685877e-05	8.22040833e-05	9.837361988e-05	0.0001693895369	0.0002306536349
	0.0001693895369	0.0001313619309	0.000231211362	0.004423355306	0.004423355306
	0.06375775637	0.00730863513	0.004456343246	0.007409685381	0.004456343246
	0.00418773659	0.005460229866	0.004823585864	0.00730863513	0.00284687883
	0.003902818912	0.00284687883	0.004823585864	0.002367586377	0.002367586377
	0.001156109711	0.001156109711	0.001273933455	0.00173158704	0.001973371657
	0.001774507209	9.999909831e-05	8.614776928e-05	5.879523809e-05	0.0001034720185
	8.028093894e-05	0.002683423711	0.002802010054	0.002683423711	0.007546696818
	0.001143410589	0.0009120373165	0.001212657737	0.002551078026	0.001585046376
	0.0006997587182	0.0004643190437	0.0004643190437	0.0008570897476	0.001081927757
	7.927765676e-05	9.837361988e-05	0.0001313619309	0.0001456817199	0.0001835605625
	0.0004030122299	0.0002172229849	0.0004621452764	0.004423355306	0.07550448649
	0.00730863513	0.006462932641	0.004456343246	0.006462932641	0.00418773659
	0.006657308849	0.006657308849	0.00284687883	0.003180096776	0.004911681504
	0.003902818912	0.006348970064	0.002626788492	0.001779389454	0.001156109711
	0.001197146255	0.001998188856	0.002317064332	0.002317064332	0.000122094007
	0.0001110267083	8.120014913e-05	0.0001000593013	0.0001058751028	0.0001227243635
	0.002683423711	0.002266451884	0.003956479643	0.001212657737	0.001212657737
	0.002473980833	0.001585046376	0.001024299965	0.0004621452764	0.0008142849141
	0.001081927757	0.001081927757	0.001199189234	0.0001570116214	0.0002608207659
	0.0003431598542	0.0003431598542	0.0004208289461	0.0002946906003	0.0004621452764
	0.0004208289461	0.0006918326374	0.0007529392399	0.004248780247	0.0782720766
	0.007181751524	0.006342427576	0.006462932641	0.006115491557	0.004018453894
	0.006657308849	0.003411840622	0.004495249533	0.003736933199	0.004911681504
	0.006348970064	0.003411840622	0.003411840622	0.006629225177	0.002323020493
	0.001855604116	0.001855604116	0.001973756892	0.002472552392	0.002472552392
	0.0001198700988	0.0001110267083	0.0001115619645	0.000142474578	0.0001227243635
	0.000146657044	0.000146657044	0.0001710598719	0.002266451884	0.003956479643
	0.001900114148	0.001272653298	0.002164026638	0.001243709593	0.0008142849141
	0.001272653298	0.001243709593	0.0001570116214	0.0002298345236	0.0004521027474
	0.0004782568544	0.0006168800307	0.0006168800307	0.0007529392399	0.0008443960041
	0.0008943316776	0.0009789019448	0.009281304798	0.05770693989	0.005909202832
	0.00564699111	0.00564699111	0.004373442421	0.005937783968	0.006629225177
	0.004056999928	0.004529230294	0.004613663463	0.005937783968	0.002834711648
	0.004056999928	0.006629225177	0.006597321328	0.002412578212	0.002412578212
	0.001855604116	0.002347613525	0.002347613525	0.002472552392	0.002905798817
	0.004000039727	0.0001449524738	0.0001460743631	0.0001623500493	0.0001329268669
	0.0001261893083	0.0001257915458	0.0001203392477	0.0001623500493	0.0001292822145
	8.787282851e-05	0.0001292822145	0.0001710598719	0.000146657044	0.0001689523622
	0.0001710598719	0.002164026638	0.004162541158	0.001792821135	0.00150649974
	0.001914499474	0.001355380217	0.001243709593	0.001321451928	0.001380446642
	0.000244645658	0.0005562360303	0.0004782568544	0.0004521027474	0.0008374764069
	0.0006168800307	0.00115900073	0.0008943316776	0.001299310237	0.01321389804
	0.0417261018	0.004507791238	0.002599957056	0.003445093052	0.005937783968
	0.006502028953	0.004517715682	0.004517715682	0.00550684817	0.005657689965
	0.003361380302	0.006502028953	0.006182521556	0.005966710459	0.002423525729
	0.002412578212	0.002901304148	0.002423525729	0.002347613525	0.003214260453
	0.002703652793	0.003361380302	0.004000039727	0.003607280567	0.0001201356945
	0.0001175225885	0.0001359214377	0.0001203392477	0.0001152287849	0.0001980642059
	0.0001201356945	1.867161057e-05	9.062387059e-05	4.730431912e-05	2.557127659e-05
	0.0001249684721	8.787282851e-05	0.0001155900273	8.787282851e-05	1.100850161e-05
	1.867161057e-05	0.0003770075599	0.0001689523622	0.0001689523622	0.0003752178574
	0.005509519897	0.009468473193	0.001605693582	0.001089587642	0.001089587642
	0.00136114481	0.001321451928	0.001321451928	0.001553411565	0.0003770075599
	0.0005562360303	0.0009136007822	0.0008374764069	0.001038722314	0.001472050617
	0.001038722314	0.001299310237	0.007010131652	0.0417261018	0.002599957056
	0.004507791238	0.003445093052	0.005425167173	0.004517715682	0.004191469701
	0.005425167173	0.005558794368	0.005558794368	0.004505616158	0.002613861522
	0.002591266145	0.002786867492	0.003201868652	0.003121605008	0.002607493914
	0.002750181456	0.002750181456	0.003607280567	0.004291557424	0.003607280567
	0.0001201356945	0.0001175225885	0.0001091897756	0.000121216253	0.0001757586731
	0.000214931431	0.0001109403423	1.867161057e-05	4.00459007e-05	2.702557401e-05
	5.171740626e-05	0.0001155900273	6.56803219e-05	8.288316919e-05	1.410622906e-06
	1.410622906e-06	1.076287051e-07	5.769440063e-07	2.032498652e-06	1.201695816e-05
	5.504369268e-06	0.0005034007426	0.0003425929984	0.0003266119075	0.0003266119075
	0.001674142486	0.01830852091	0.00136114481	0.001089587642	0.00136114481
	0.00152254303	0.001579242616	0.001406611611	0.0009185032839	0.0005034007426
	0.001096275488	0.001293946734	0.001038722314	0.001520691103	0.001554309944
	0.009200072068	0.06284911157	0.003553492016	0.003300479653	0.00688214759
	0.005425167173	0.004291557424	0.004191469701	0.004745540941	0.004505616158
	0.004505616158	0.002613861522	0.002613861522	0.002709937813	0.002974899863
	0.003504359975	0.003121605008	0.003121605008	0.002723947839	0.002723947839
	0.003514840571	0.00357194486	0.003457504415	0.0001255039673	0.0001255039673
	9.114320055e-05	0.0001757586731	0.0002092249282	0.000214931431	0.0001005756748
	1.525082235e-05	4.126757298e-05	4.126757298e-05	4.79702937e-05	5.38052748e-05
	5.38052748e-05	1.032556334e-05	1.076287051e-07	9.629959052e-10	2.032498652e-06
	2.402759058e-08	9.446329763e-08	2.402759058e-08	2.54751584e-06	5.504369268e-06
	5.33648159e-06	0.0005034007426	0.0003232757419	0.0003266119075	0.0004744165065
	0.009660579426	0.01830852091	0.001088889096	0.0007844726763	0.001088889096
	0.001520691103	0.001567305298	0.001567305298	0.001362177443	0.001293946734
	0.001096275488	0.000732007347	0.001096275488	0.00140045551	0.00140045551
	0.001643733183	0.00688214759	0.06515851982	0.002447138271	0.003300479653
	0.008540019793	0.00377257993	0.003648668157	0.00377257993	0.003292744974
	0.003118837126	0.002815859748	0.002596588519	0.002646012136	0.002782646924
	0.003011625278	0.003778925007	0.004684523962	0.002718493985	0.002731126262
	0.002723947839	0.003648668157	0.003733881096	0.003432161272	0.0001255039673
	9.97926667e-05	9.97926667e-05	0.0002092249282	0.0002092249282	0.0003641757144
	0.0001086123526	2.317340664e-05	2.317340664e-05	4.79702937e-05	6.336198247e-05
	4.580099959e-05	1.032556334e-05	5.33648159e-06	1.610966995e-07	1.185026095e-07
	2.160051732e-06	2.402759058e-08	2.573522999e-07	1.439530655e-07	5.33648159e-06
	0.0006342196331	0.0003641757144	0.0005981216278	0.005478998468	0.02908296049
	0.001088889096	0.0007434974076	0.001362177443	0.00147360543	0.001567305298
	0.001418379159	0.0007919422162	0.001241113054	0.001225376885	0.001225376885
	0.00140045551	0.001634745299	0.03038775668	0.06959828973	0.003686003349
	0.002761208011	0.008540019793	0.003292744974	0.002749755243	0.002204809094
	0.002920497057	0.002625396071	0.002625396071	0.002670065154	0.002596588519
	0.002596588519	0.002646012136	0.002888798262	0.003778925007	0.004684523962
	0.004684523962	0.002761208011	0.002718493985	0.002449354429	0.002749755243
	0.002579974919	0.002104177169	0.0001086123526	0.0001211070494	8.186651673e-05
	0.0003943984532	0.0002616202865	0.0001628950128	0.0002616202865	0.000141074421
	2.317340664e-05	3.443488559e-05	3.443488559e-05	4.682180666e-05	8.302490482e-07
	9.844428673e-06	4.386631526e-06	1.185026095e-07	1.185026095e-07	1.125705376e-06
	1.276783852e-06	1.276783852e-06	1.439530655e-07	2.185994999e-06	8.302490482e-07
	0.0005981216278	0.0005981216278	0.005478998468	0.0136625235	0.0007168419036
	0.0008948312625	0.0007168419036	0.001407097535	0.00147360543	0.001020648623
	0.000887964993	0.0006621379368	0.00146411234	0.001179853437	0.001111850561
	0.001558623832	0.03038775668	0.07828467044	0.002761208011	0.01048805238
	0.002204809094	0.002204809094	0.002502006814	0.002104177169	0.002324347731
	0.002324347731	0.002004916729	0.00225430249	0.00225430249	0.002581764073
	0.002902530133	0.002877414293	0.004022657897	0.005003753463	0.002423492559
	0.001979289783	0.001979289783	0.00160346047	0.001777960644	0.002104177169
	1.578133824e-05	0.0003891078709	0.0001211070494	9.637114515e-05	0.00036981156
	0.0002616202865	0.0001592397766	0.0001592397766	1.578133824e-05	6.860217674e-05
	3.514962297e-05	4.682180666e-05	2.635033055e-06	3.657450934e-06	1.46700655e-06
	6.003400681e-06	7.288767938e-06	6.003400681e-06	2.185994999e-06	1.834078645e-06
	2.635033055e-06	1.834078645e-06	0.0006621379368	0.0008948312625	0.006246337444
	0.0007168419036	0.0008942927784	0.000886685413	0.001558623832	0.001407097535
	0.001085914627	0.0008543891656	0.0009373069526	0.00146411234	0.001247039328
	0.001247039328	0.001337663367	0.0478954468	0.08092386228	0.006931753749
	0.01048805238	0.00198155597	0.001306759602	0.001900183165	0.002324347731
	0.002176080007	0.002176080007	0.00198155597	0.002306460095	0.00225430249
	0.002581764073	0.002581764073	0.002902530133	0.004022657897	0.005001168789
	0.004022657897	0.004018531357	0.001979289783	0.00160346047	0.001363606764
	0.001733733796	0.001363606764	0.0004886826952	0.0004886826952	9.928739611e-06
	9.17837829e-06	0.0003891078709	0.0001260465326	0.0001260465326	0.0002276758733
	0.0001682939989	0.0001743008762	0.0003517550421	3.514962297e-05	9.839724472e-05
	3.514962297e-05	2.635033055e-06	8.91236051e-06	1.680769499e-05	1.966588243e-05
	2.943008391e-05	1.871433646e-05	1.103949054e-05	1.168785363e-05	1.168785363e-05
	0.0009116156028	0.0008942927784	0.002734991438	0.000886685413	0.0006490142649
	0.000886685413	0.001167806065	0.001372590889	0.001372590889	0.001356999032
	0.0009116156028	0.001366098439	0.001144635463	0.001182530977	0.001521057718
	0.03223567585	0.05268041052	0.004018531357	0.01169208615	0.001306759602
	0.001306759602	0.00138213353	0.001756724576	0.00140265535	0.002974407368
	0.00173431608	0.002303759867	0.002303759867	0.002143635938	0.004904678323
	0.002845877825	0.002844454047	0.005001168789	0.002974407368	0.001229130026
	0.00173431608	0.001041259369	0.001363606764	0.00138213353	0.0006688310922
	0.0009008247275	0.0005600769406	0.0003517550421	1.001480275e-05	1.001480275e-05
	0.0002950455788	0.0001260465326	0.0002276758733	0.0002168877361	2.684144302e-05
	2.684144302e-05	9.161476915e-05	6.691131863e-05	1.82297574e-05	1.680769499e-05
	4.249920281e-05	5.311232817e-05	3.869164981e-05	2.990911352e-05	1.871433646e-05
	5.068868091e-05	5.068868091e-05	0.0005600769406	0.001013677513	0.003230563782
	0.002734991438	0.0009645811223	0.0005997804287	0.001126503668	0.001514082342
	0.001553145268	0.001724366186	0.001013677513	0.001144635463	0.001144635463
	0.001221837782	0.03444206218	0.04286097632	0.00812276454	0.00812276454
	0.001106061033	0.001963383241	0.001125362389	0.00140265535	0.002974407368
	0.001875445811	0.002167011274	0.002167011274	0.002080034088	0.003958683599
	0.003950317536	0.002845877825	0.003275441306	0.004456379503	0.001258519042
	0.001507055779	0.001109798961	0.0009173770585	0.001106061033	0.0009173770585
	0.0006753526901	0.0005864542278	0.0006344652074	0.0005600769406	0.0003087502407
	2.884327348e-05	0.0002168877361	0.0001674478312	0.000245328643	0.000245328643
	5.616747227e-05	2.819776187e-05	0.0001263683639	5.616747227e-05	3.190843771e-05
	4.249920281e-05	4.249920281e-05	4.877801643e-05	8.707262821e-05	7.038967586e-05
	5.068868091e-05	0.0005608033896	0.0009188864369	0.0009188864369	0.001189546418
	0.004168025717	0.0009645811223	0.000978694463	0.001252599103	0.001221837782
	0.001724366186	0.001634238798	0.000953045141	0.001340325839	0.001221837782
	0.025327726	0.04286097632	0.00812276454	0.01160120372	0.002037353545
	0.0006855417476	0.000843578684	0.002663242228	0.00152338102	0.00152338102
	0.001707811926	0.00383221741	0.0019431497	0.003950317536	0.003950317536
	0.002698130557	0.006734811084	0.0008593001243	0.001173499299	0.0008593001243
	0.0009173770585	0.002037353545	0.001109275709	0.000647700117	0.000647700117
	0.0006344652074	0.0004428168493	0.0003457337632	4.652053812e-05	4.652053812e-05
	0.0002185333633	0.0001794404509	0.0001849859059	5.616747227e-05	0.0001171099626
	7.75610807e-05	5.184506219e-05	7.123683392e-05	0.0001285135252	0.0001285135252
	4.877801643e-05	4.877801643e-05	8.707262821e-05	7.038967586e-05	0.0005608033896
	0.0008060448139	0.0008060448139	0.0005608033896	0.000978694463	0.001134300611
	0.001559541371	0.001408731458	0.00223604544	0.001310705237	0.001994315742
	0.00223604544	0.000953045141	0.001021339367	0.001021339367	0.01160120372
	0.03681065151	0.008529680939	0.008529680939	0.002768236982	0.0007098539882
	0.0006007666842	0.004498116884	0.001173499299	0.00136475499	0.004477686859
	0.001572990855	0.003162884198	0.002217670784	0.002686148175	0.002194790652
	0.006734811084	0.000649027369	0.0009173033552	0.001173499299	0.0004942633752
	0.00150284776	0.001629004972	0.000647700117	0.0006288764333	0.0005611556616
	0.0006007666842	0.0004371987739	0.0003457337632	0.0002526517223	4.652053812e-05
	8.386955702e-05	0.0001124324	0.0002432810728	0.0001849859059	0.0001849859059
	0.0001124324	5.184506219e-05	7.658233113e-05	0.0001235111063	0.0001285135252
	0.0001241117387	0.0001514582765	8.554812417e-05	0.0001305456327	0.0001080420259
	0.0003692231508	0.0006553938545	0.0006637315723	0.0006371395425	0.001408731458
	0.002504259456	0.001997453142	0.001408731458	0.00223604544	0.001310705237
	0.002010357258	0.002010357258	0.001021339367	0.001090251855	0.02471292209
	0.02055468225	0.008529680939	0.009436092348	0.004498116884	0.0007098539882
	0.004498116884	0.0009173033552	0.00136475499	0.001572990855	0.004236629515
	0.003675798434	0.002217670784	0.002543055268	0.002217670784	0.002656899197
	0.001065072189	0.006954598147	0.0004942633752	0.0009173033552	0.0004942633752
	0.0004068818418	0.001955714567	0.002948696286	0.0006934927884	0.001955714567
	0.0008117140534	0.0005125066544	0.0004371987739	0.0003364703599	0.0002360135387
	0.0002360135387	6.058774379e-05	8.386955702e-05	0.0001219112055	0.0001565426958
	0.0001565426958	9.103026988e-05	7.658233113e-05	0.0001514837117	0.0001514837117
	0.0001991115924	0.0001991115924	0.0002740560557	0.0002740560557	0.0001132084635
	0.0001202929267	0.0001721343751	0.0003364703599	0.0004292160417	0.0004918745831
	0.0007442769757	0.0006371395425	0.002290039439	0.007408582145	0.002334185219
	0.001962890713	0.002554391016	0.00167382357	0.001278065554	0.001314002968
	0.0008562651503	0.001194147569	0.001784182307	0.009436092348	0.02055468225
	0.008060697248	0.008060697248	0.005097888709	0.005750079808	0.0005036578792
	0.0007486038519	0.001073867785	0.001546135794	0.003551868051	0.003092585891
	0.003092585891	0.002144509652	0.001913814008	0.002227237517	0.001065072189
	0.001065072189	0.00770537331	0.0004068818418	0.0007140442879	0.0005036578792
	0.0004068818418	0.001955714567	0.003030230954	0.001727714081	0.001572075586
	0.0008117140534	0.0005125066544	0.000640857053	0.0003234236501	0.0002684025207
	0.0002010551641	0.0002684025207	0.0001320008711	0.0001219112055	0.0001219112055
	0.0001491483839	0.0001491483839	0.0001720015022	0.0003637033944	0.0002896949791
	0.0002896949791	0.0002740560557	0.0002365741611	0.0002368321714	0.0002368321714
	0.0001720015022	0.0007442769757	0.0004292160417	0.0004019228005	0.0005339494586
	0.0005339494586	0.004663128157	0.004010046029	0.002554391016	0.002554391016
	0.002809725011	0.001194147569	0.001040232995	0.001194147569	0.002064702634
	0.009626873138	0.009626873138	0.003768815929	0.00770537331	0.005370620067
	0.005750079808	0.0004162601524	0.0005147750033	0.001342933404	0.001548160479
	0.003115683245	0.003092585891	0.002573067317	0.002144509652	0.002144509652
	0.001040452172	0.0007140442879	0.006982234873	0.005370620067	0.0003816699651
	0.0007140442879	0.0003816699651	0.0004985391544	0.001639897163	0.003543766292
	0.005148844286	0.003543766292	0.001639897163	0.0009600856669	0.001279865733
	0.000640857053	0.000640857053	0.0003137594207	0.0002684025207	0.0002255934382
	0.0002255934382	0.0001679296978	0.0001879633456	0.0001491483839	0.0001959113952
	0.0001720015022	0.0004019228005	0.0003833599096	0.0004343983714	0.0005397746732
	0.0004320756738	0.0002368321714	0.0003438386993	0.0003438386993	0.0002487930102
	0.0005592566079	0.0004019228005	0.0005339494586	0.0005256105805	0.003047732405
	0.01380450218	0.003617811846	0.003617811846	0.002809725011	0.002064702634
	0.001539147891	0.0006974005059	0.0008715216751	0.001539147891	0.009626873138
	0.007706192018	0.003105988106	0.006982234873	0.005370620067	0.0003786110589
	0.001201253642	0.001201253642	0.003096029337	0.003096029337	0.002462027066
	0.002200732017	0.001877299148	0.0009783393961	0.0006017831439	0.0007748007035
	0.006982234873	0.005373632352	0.0004285579714	0.0004985391544	0.0006017831439
	0.0004133215618	0.0003786110589	0.0004285579714	0.0005445205882	0.002899145515
	0.005148844286	0.003543766292	0.004312412516	0.002012929036	0.001056911118
	0.002269433379	0.001083461797	0.001083461797	0.0003137594207	0.0002936651542
	0.0002727534918	0.0002179383138	0.0002179383138	0.0001603792712	0.0002164246486
	0.0002797346857	0.0003890696909	0.0003833599096	0.0006079872912	0.0004320756738
	0.0004320756738	0.00044365107	0.0003746366866	0.0003776193496	0.0002487930102
	0.0005942015625	0.0005512341891	0.0005512341891	0.0005506304265	0.00913038996
	0.01084843517	0.006030795768	0.004959240302	0.003217940039	0.002513656546
	0.001161207613	0.000638213453	0.001161207613	0.002854264037	0.002907561966
	0.002524546972	0.003827528962	0.00518679516	0.001201253642	0.001483406172
	0.002895789416	0.003096029337	0.003099080958	0.002015142906	0.002015142906
	0.001754939661	0.001476607743	0.001210180804	0.0006137011763	0.0006017831439
	0.0004692533456	0.005868654759	0.005342508691	0.0005302907315	0.0004760008638
	0.0003799091257	0.000381290975	0.000402553467	0.0008409678143	0.005164049826
	0.003496533277	0.003496533277	0.002269433379	0.001252529406	0.002269433379
	0.001083461797	0.001178311729	0.000306867852	0.0002936651542	0.0002727534918
	0.0002727534918	0.000210587924	0.0002797346857	0.0002797346857	0.0004221983642
	0.0004221983642	0.0006481393837	0.0006481393837	0.00044365107	0.00044365107
	0.0003746366866	0.0003916282018	0.0003146797689	0.0005512341891	0.0005421559424
	0.0005421559424	0.00913038996	0.0256856332	0.006441200905	0.004264566463
	0.003628430188	0.002348437126	0.001161207613	0.001030277665	0.001177476707
	0.0009642427004	0.003929403622	0.004109433515	0.004358527517	0.005342508691
	0.001210180804	0.002766072315	0.002766072315	0.002174216361	0.002058411621
	0.001805760739	0.0007746110236	0.001754939661	0.000980035767	0.000980035767
	0.0004692533456	0.0004692533456	0.0003760483813	0.00380673719	0.00329773288
	0.0006561195461	0.000402553467	0.000381290975	0.000381290975	0.00109176726
	0.00109176726	0.005164049826	0.005164049826	0.003181346415	0.002642957252
	0.002642957252	0.002112149971	0.002112149971	0.001222397691	0.0002720035683
	0.000378905007	0.0003651600266	0.0003651600266	0.000317400795	0.0004720844227
	0.0005554995172	0.0005297867798	0.0009510278545	0.0007863827551	0.0006337666045
	0.000595521868	0.0003916282018	0.0003916282018	0.0003761424151	0.0006732637997
	0.0007204414563	0.0005868345464	0.0005971603187	0.01127432451	0.0256856332
	0.006441200905	0.005431478429	0.003381095428	0.002473491623	0.001177476707
	0.001204876591	0.001226539576	0.001241533239	0.004109433515	0.0019376931
	0.003885057637	0.0006450950086	0.000782386799	0.002634218755	0.002766072315
	0.002756717954	0.002058411621	0.004610707231	0.001805760739	0.001665303954
	0.0007596012156	0.001221443722	0.0009627458783	0.000516311109	0.0004270634825
	0.0003760483813	0.00380673719	0.00380673719	0.000782386799	0.0004829073188
	0.0004016271798	0.00109176726	0.001145593533	0.001916391521	0.004311482939
	0.004582288514	0.002844106576	0.002426700517	0.002112149971	0.001916391521
	0.0003361089489	0.0003990969902	0.0003651600266	0.0003761424151	0.0006297079021
	0.0006972103749	0.0005930168418	0.0009210002983	0.0009210002983	0.0008329884697
	0.000595521868	0.000508317725	0.0004249485652	0.000449051875	0.0007816640988
	0.000705610347	0.0007089282474	0.0007812577262	0.01780727432	0.03282226295
	0.005431478429	0.005431478429	0.003635107741	0.001043106333	0.00128488115
	0.0008497083452	0.002150062979	0.002173699183	0.0019376931	0.008113344836
	0.0019376931	0.003885057637	0.004610707231	0.000782386799	0.0004429893887
	0.00279413031	0.002621220714	0.002621220714	0.002045999084	0.001665303954
	0.004311482939	0.001171107776	0.001171107776	0.000516311109	0.0009627458783
	0.0009627458783	0.0004158926756	0.0003616429013	0.0003616429013	0.003684863655
	0.002154159235	0.0007426398664	0.0004429893887	0.0009796701605	0.001505154911
	0.0009796701605	0.002005359102	0.002005359102	0.003626363713	0.003132755405
	0.002831082379	0.002353388833	0.0004913091096	0.0004289181109	0.0004913091096
	0.0006798732698	0.0007816640988	0.0005930168418	0.0007816640988	0.001063064192
	0.0008329884697	0.0008329884697	0.0005644272012	0.0005644272012	0.0005805137129
	0.0005530676501	0.0008497083452	0.000734504293	0.000734504293	0.01780727432
	0.02551400676	0.01133046541	0.003635107741	0.003635107741	0.00128488115
	0.0008497083452	0.0009724075237	0.00116236455	0.001381805347	0.001746776236
	0.001418525124	0.01772720654	0.001997833027	0.003684863655	0.003941682668
	0.003796298309	0.0006499075263	0.0003494884142	0.0004158926756	0.002553327121
	0.002664924674	0.002334106533	0.002334106533	0.001701765439	0.001422184082
	0.003626363713	0.001171107776	0.00052209384	0.0007782575034	0.0004158926756
	0.0003103386578	0.0004342024791	0.002765514344	0.001304270281	0.0006997030704
	0.0004800227152	0.0009796701605	0.00142199836	0.00120700356	0.002353388833
	0.001819287912	0.003626363713	0.003076526259	0.002353388833	0.003135872029
	0.000801509981	0.0005414654931	0.0004913091096	0.0006798732698	0.0006809234845
	0.000801509981	0.001179785334	0.0009163174115	0.0009163174115	0.0007821380083
	0.0007821380083	0.0005530676501	0.0005530676501	0.0009500980259	0.000734504293
	0.001265624945	0.01133046541	0.05586413565	0.009148378095	0.003595242547
	0.005001543543	0.00116236455	0.001287567207	0.001287567207	0.001340235699
	0.005708926843	0.001418525124	0.01426757889	0.001304270281	0.002892189359
	0.002813307165	0.003135872029	0.0006997030704	0.0003141666542	0.0003767453018
	0.0003767453018	0.001865742637	0.003131480416	0.00203265209	0.002535101774
	0.001826358628	0.00203265209	0.001197237265	0.001197237265	0.0009492938995
	0.003330319568	0.0007782575034	0.0003103386578	0.0003103386578	0.0003482679302
	0.0003482679302	0.001304270281	0.0006997030704	0.0006111539889	0.0004803820445
	0.001036974812	0.00149605341	0.00120700356	0.001140317398	0.002527181212
	0.001687094395	0.002706645489	0.002513331382	0.003135872029	0.001009942809
	0.0006020082782	0.0006020082782	0.0007976547686	0.0007817215017	0.001012120521
	0.00168287329	0.00136277025	0.001047204454	0.0007821380083	0.0008408494539
	0.0006635286886	0.0006814318125	0.0006814318125	0.001113559616	0.001113559616
	0.001605820769	0.01130057986	0.05586413565	0.008607414142	0.003595242547
	0.005594998487	0.001340235699	0.001224459741	0.001605820769	0.001287567207
	0.002031634064	0.005708926843	0.001734696157	0.01426757889	0.001157341938
	0.002675751878	0.002813307165	0.002813307165	0.002675751878	0.0003767453018
	0.0004758444457	0.002706645489	0.001865742637	0.0009492938995	0.003131480416
	0.003131480416	0.00203265209	0.002252510423	0.001244278968	0.00160831014
	0.001197237265	0.0005640094187	0.002810824151	0.0004758444457	0.0002479697231
	0.0002465182643	0.0002808980046	0.0003367234136	0.0003367234136	0.001157341938
	0.0008258057029	0.0006592467528	0.0005267982813	0.0009892513608	0.00149605341
	0.001140317398	0.001140317398	0.001864191523	0.002347324536	0.002706645489
	0.002557405682	0.001012120521	0.0009221334297	0.0009221334297	0.001012120521
	0.001918645377	0.001918645377	0.001047204454	0.0008408494539	0.0007608979629
	0.0007608979629	0.0008404198985	0.0007565245778	0.001113559616	0.001605820769
	0.02395115364	0.05833616692	0.008607414142	0.003512584052	0.001798017135
	0.003512584052	0.002074642238	0.002074642238	0.001835797741	0.002164541111
	0.00249634499	0.009039669094	0.001734696157	0.02395155814	0.001149860758
	0.002675751878	0.002065635325	0.001620927368	0.00198750131	0.001852326605
	0.0004758444457	0.00245758887	0.001422234026	0.0007427636433	0.003718967181
	0.002240993555	0.002016138817	0.00160831014	0.001472497521	0.001008684606
	0.001155030356	0.001008684606	0.0007427636433	0.0005640094187	0.002352207759
	0.0003349245731	0.0002195256611	0.0002211299093	0.0002211299093	0.0002386881697
	0.0003367234136	0.0004062544062	0.001583696631	0.001288046065	0.0008258057029
	0.00063068307	0.0005155352567	0.0009892513608	0.001624894884	0.001399019362
	0.00125196292	0.00192770665	0.001716331692	0.002352207759	0.002190263934
	0.00192770665	0.002557405682	0.001620927368	0.001371593339	0.001354511857
	0.0009935940028	0.001918645377	0.001058346797	0.0008397726116	0.0009935940028
	0.0008397726116	0.0007548644102	0.0007773277946	0.0007773277946	0.001401073858
	0.001481512887	0.02395115364	0.05833616692	0.006311304845	0.003895170058
	0.002314393961	0.002377697051	0.003013229111	0.002074642238	0.002162258636
	0.003013229111	0.009285878911	0.002752950491	0.02395155814	0.001583696631
	0.001894385535	0.001823366855	0.001620927368	0.001852326605	0.001450100479
	0.001450100479	0.0008917411204	0.001008684606	0.0009242599775	0.0007035220248
	0.0004864213323	0.000336437009	0.001917198283	0.0002122644651	0.0002177879175
	0.0002211299093	0.0002517972741	0.0003114825827	0.0003452483985	0.001288046065
	0.001288046065	0.001592373074	0.00063068307	0.0005155352567	0.0005155352567
	0.0007680287946	0.001471733539	0.00125196292	0.0009527559135	0.00192770665
	0.001640563786	0.001850347951	0.002190263934	0.001850347951	0.001528404429
	0.001401073858	0.0009935940028	0.001987809988	0.0008927861553	0.001410325452
	0.0008672778087	0.0008927861553	0.0007548644102	0.000770040223	0.0007773277946
	0.002141324513	0.001481512887	0.001481512887	0.0377749842	0.05197147349
	0.006311304845	0.004074648972	0.002740253171	0.002141324513	0.002500401386
	0.002740253171	0.003397593288	0.007237198021	0.003716735416	0.01489359315
	0.003716735416	0.001635866229	0.001592373074	0.001481949176	0.0008917411204
	0.000356283978	0.0006798345449	0.0009242599775	0.0003881117698	0.000356283978
	0.001917198283	0.0001586763345	0.0001851323612	0.0002163466745	0.0003452483985
	0.0002286038433	0.0003452483985	0.002064659785	0.001385564017	0.002064659785
	0.001592373074	0.0004352060046	0.0006057270899	0.0005519576344	0.0007471829802
	0.001183434734	0.001183434734	0.000829718299	0.001649818204	0.001387783341
	0.001222248609	0.001850347951	0.001537990228	0.001635866229	0.001506198699
	0.001467984278	0.001236009034	0.001096240497	0.001419902681	0.0008881942633
	0.001354837273	0.001045400735	0.0008468847968	0.000770040223	0.000770040223
	0.001967067943	0.002089601644	0.001563148678	0.001364341228	0.007773229692
	0.05197147349	0.004096534892	0.003809351472	0.003787380884	0.004096534892
	0.002740253171	0.003150398019	0.003150398019	0.003397593288	0.003361058841
	0.003428167454	0.007219547154	0.004943172113	0.01319985092	0.004943172113
	0.001481949176	0.001496172389	0.001481949176	0.0002692517355	0.0005036779117
	0.0003881117698	0.0002607538689	0.0002607538689	0.001508456856	0.0001586763345
	0.0001586763345	0.0003137316231	0.0001441459623	0.000167353044	0.0002860222881
	0.0002664346922	0.001298676341	0.002064659785	0.003828938856	0.001686894745
	0.002109973852	0.001257709746	0.0004785607801	0.0005519576344	0.0005519576344
	0.000829718299	0.001036112685	0.001036112685	0.000829718299	0.001387783341
	0.001219298563	0.001079894424	0.001508456856	0.001281237363	0.001302451332
	0.001257709746	0.00134311276	0.001302451332	0.001096240497	0.0008881942633
	0.001354837273	0.0008881942633	0.001354837273	0.001015968483	0.0007935745976
	0.0007935745976	0.002089601644	0.002089601644	0.001364341228	0.001275709007
	0.01485981807	0.01873280782	0.003170233183	0.003787380884	0.003551970525
	0.002753290438	0.003729059471	0.003150398019	0.002753290438	0.003452378409
	0.003729059471	0.004508652628	0.004522951093	0.006536944211	0.004943172113
	0.01056916626	0.003828938856	0.001356308299	0.001356308299	0.001508456856
	0.0001435758884	0.0003137316231	0.0003781307888	0.0001657213209	0.0002009227738
	0.0002515784058	0.001252237439	0.002458369335	0.001261717435	0.002141013815
	0.002109973852	0.001257709746	0.000382994609	0.0004785607801	0.0006021616158
	0.0006223010046	0.0009254185502	0.0007908474175	0.0008028948702	0.001388802009
	0.001229693626	0.0009530927448	0.00139701379	0.001281237363	0.001281237363
	0.001302451332	0.00134311276	0.001261717435	0.001195413031	0.001087043251
	0.0008360712636	0.001277665977	0.000737864068	0.001279496727	0.0009402440651
	0.0007935745976	0.00130414875	0.0009833596184	0.001275709007	0.003827637844
	0.01873280782	0.003827637844	0.003551970525	0.004556206278	0.00197256136
	0.002448441066	0.003871579524	0.003294823854	0.003871579524	0.005351917688
	0.006536944211	0.00665960934	0.01118014476	0.004482289117	0.003781067352
	0.001254449822	0.001356308299	0.001230906696	0.002867222147	0.001261717435
	0.002105522387	0.00132346629	0.000506752246	0.0005639159489	0.0006223010046
	0.0009530927448	0.000712911844	0.0006029766726	0.001229693626	0.001106385495
	0.0009530927448	0.00115979718	0.00115979718	0.001207686419	0.001195413031
	0.00134356949	0.001308600301	0.001257017304	0.001408507301	0.0018935869
	0.001211321526	0.0008265373406	0.0008265373406	0.001713201831	0.0007503462258
	0.0008626948272	0.0008844793918	0.001454292941	0.001314314009	0.0009833596184
	0.000805700632	0.01382597502	0.003827637844	0.009558865977	0.003116330001
	0.00393470385	0.004556206278	0.004749974844	0.00197256136	0.002493811107
	0.004089666309	0.003294823854	0.004089666309	0.004482289117	0.005761599644
	0.01170840504	0.004587694557	0.002568679946	0.001185719024	0.001245515799
	0.001408507301	0.00129363769	0.000564961138	0.0006157388494	0.000712911844
	0.0006029766726	0.0006029766726	0.001428064193	0.0009786028188	0.0008825678849
	0.0008705935209	0.001043917314	0.001043917314	0.001125153152	0.001298223638
	0.001257017304	0.002881332636	0.001871969026	0.001363638192	0.001871969026
	0.00108091149	0.001122125874	0.001185719024	0.000805700632	0.0006096895156
	0.001556898833	0.0007661920019	0.0007661920019	0.001462178505	0.001088561937
	0.001088561937	0.0007917282609	0.0007645329523	0.01382597502	0.003168049156
	0.006511509051	0.003168049156	0.003148806447	0.004742832588	0.004749974844
	0.004749974844	0.001967607258	0.003432695749	0.00416519245	0.002584379026
	0.003432695749	0.004089666309	0.004587694557	0.006205943489	0.01151938634
	0.004313001767	0.001213125451	0.001213125451	0.0007622121445	0.0006591676643
	0.001399572308	0.001363638192	0.0008825678849	0.0008825678849	0.0008328413305
	0.001004779046	0.0009302177263	0.001034806235	0.001306097847	0.001272468246
	0.002881332636	0.001871969026	0.001733496234	0.001363638192	0.001051095718
	0.001121693817	0.001160983178	0.0006096895156	0.0006096895156	0.0009067451054
	0.0006747878252	0.001462178505	0.001462178505	0.0006843619687	0.0006843619687
	0.0006843619687	0.06518665669	0.006190858755	0.002924158904	0.003168049156
	0.003260248788	0.003716952624	0.003935839286	0.005289215353	0.004518415804
	0.001967607258	0.004518415804	0.003498462592	0.003498462592	0.004982507933
	0.006563450242	0.01112047291	0.004982507933	0.01112047291	0.001272468246
	0.0007428013346	0.001323123872	0.001399572308	0.001511118305	0.0007428013346
	0.0009302177263	0.0008328413305	0.0009634342499	0.0008984171548	0.0009980761427
	0.001286049335	0.002746918063	0.001733496234	0.001733496234	0.001795015149
	0.001470740745	0.001084105501	0.001131508287	0.001205361422	0.001205361422
	0.0004623241837	0.0005629323198	0.0007400346973	0.0007639021523	0.001506894725
	0.001057868553	0.0005444105078	0.0005444105078	0.04081254571	0.006190858755
	0.003615707063	0.003260248788	0.003278007247	0.00446310824	0.005289215353
	0.004296646068	0.002054470979	0.002842712082	0.003498462592	0.001506894725
	0.004982507933	0.006569136405	0.006569136405	0.003872077179	0.003872077179
	0.006533640462	0.01205380732	0.001351270323	0.001323123872	0.001445254181
	0.0007888046523	0.0008984171548	0.0009498352304	0.0008984171548	0.0009947912568
	0.001351270323	0.001344806248	0.001795015149	0.002460642423	0.001798781208
	0.001798781208	0.001404055079	0.001347139061	0.00144445263	0.001084105501
	0.001107895296	0.001223174949	0.001205361422	0.0004197544184	0.0004703407742
	0.0007407059004	0.0007407059004	0.001506894725	0.0007322490697	0.001064768413
	0.0005444105078	0.0007227248218	0.0003973912663	0.06031163586	0.009538417394
	0.002748144251	0.002646230381	0.003615707063	0.00446310824	0.00446310824
	0.0047206625	0.004277930259	0.002822474364	0.002101755634	0.002822474364
	0.002101755634	0.005774662823	0.00240777983	0.003787339694	0.005774662823
	0.006711418102	0.01205380732	0.001334123789	0.001340842282	0.0008747035967
	0.0009781185124	0.0009193363857	0.0009639953135	0.001344806248	0.001344806248
	0.001404055079	0.001255689041	0.001804851112	0.001641196212	0.001641196212
	0.001484229719	0.00144445263	0.001298318381	0.001501153536	0.0009639953135
	0.001066518221	0.001107895296	0.001201215711	0.0003706834772	0.000468260748
	0.0007407059004	0.0008189236321	0.0003952871218	0.0007322490697	0.0008194181579
	0.0003952871218	0.0003081482178	0.0556997798	0.007287206561	0.00607664201
	0.002919755275	0.002919755275	0.002919755275	0.004007501713	0.004552098726
	0.004063405059	0.002822474364	0.003607837025	0.002101755634	0.001717908548
	0.001726563231	0.01760076683	0.02062719534	0.003787339694	0.002941153906
	0.004173217819	0.002681321175	0.003165887	0.006711418102	0.001261357798
	0.0009193363857	0.0009639953135	0.001365320489	0.001485321496	0.001204686273
	0.001692945988	0.001641196212	0.001594171828	0.001261357798	0.001384324478
	0.001298318381	0.001298318381	0.001347503509	0.001037268154	0.00101439799
	0.001088266231	0.001201215711	0.0003708733539	0.0003708733539	0.0005905402175
	0.0003952871218	0.0005405433496	0.0003081482178	0.0003081482178	0.0009861756638
	0.0556997798	0.007287206561	0.07357526314	0.07630114225	0.007287206561
	0.00316883498	0.00316883498	0.002761708755	0.002912053581	0.004217767434
	0.003802169646	0.003509526473	0.003509526473	0.002837862654	0.001717908548
	0.001810395884	0.001410955514	0.07630114225	0.01395653082	0.003560951415
	0.00362085947	0.01125895269	0.002681321175	0.003165887	0.002745067914
	0.001914889912	0.003165887	0.00362085947	0.001261357798	0.001365320489
	0.001204686273	0.002115764625	0.001692945988	0.001594171828	0.001116383068
	0.001347503509	0.001285029686	0.001245773583	0.001285029686	0.001384324478
	0.001374312892	0.001359399117	0.001347503509	0.001058687261	0.001116383068
	0.001149263233	0.0004810963094	0.0003163067167	0.0005905402175	0.0004753179432
	0.0003304253286	0.0007607041992	0.001120266972	0.009869779379	0.003978220091
	0.01261854258	0.01278616605	0.003978220091	0.00316883498	0.002522348301
	0.002744680573	0.003252625121	0.003426915791	0.003300457173	0.003300457173
	0.002837862654	0.001810395884	0.001908775915	0.001120266972	0.04429243176
	0.06091708884	0.01125895269	0.01072504554	0.008742605786	0.006016587934
	0.003195128023	0.001809909811	0.002062111907	0.003560951415	0.00182868584
	0.00362085947	0.002251156665	0.002378601816	0.001494401576	0.001362826262
	0.001415472833	0.001130650338	0.001231284292	0.001182388027	0.001134982515
	0.001025979321	0.001182388027	0.001285029686	0.001172609747	0.001138727912
	0.001145737148	0.001154270209	0.001105214041	0.001266559199	0.001025979321
	0.001130650338	0.0004333957115	0.0004753179432	0.0004753179432	0.0003304253286
	0.0005988241894	0.0007607041992	0.001120266972	0.004828893068	0.003107690343
	0.01278616605	0.006715110995	0.003107690343	0.00258849275	0.003278562448
	0.003426915791	0.003426915791	0.003443730316	0.002554847154	0.002554847154
	0.001908775915	0.001525184321	0.001241309847	0.03703469956	0.04382714599
	0.01679590198	0.003390105476	0.01679590198	0.007169695831	0.003390105476
	0.01512795941	0.02520777164	0.002530642129	0.001161990799	0.001160216226
	0.00104768898	0.002221955719	0.0006641762367	0.0007672065135	0.002251156665
	0.001570648877	0.00134938983	0.001283774824	0.001294204148	0.001294204148
	0.001509643993	0.001406638184	0.001244683213	0.001130650338	0.001097355617
	0.001182388027	0.001025979321	0.001075650977	0.001149205741	0.001107657652
	0.001145737148	0.001138727912	0.001063966764	0.001067769226	0.0010673219
	0.0009927674899	0.001098389356	0.0004088742788	0.0005988241894	0.0004173581145
	0.0008735004678	0.0008735004678	0.00122923358	0.003747836872	0.003107690343
	0.004342911559	0.006715110995	0.001855063367	0.001937414285	0.00258849275
	0.002758232728	0.002758232728	0.00295127424	0.002554847154	0.001930724058
	0.001930724058	0.001475126706	0.00122923358	0.01392759021	0.02134279676
	0.01276699466	0.003862554924	0.008211229228	0.007079443588	0.007400667803
	0.01392759021	0.003335539221	0.001283774824	0.000947331095	0.001160216226
	0.002004956486	0.001618100175	0.001618100175	0.001570648877	0.001570648877
	0.001148100546	0.0012946933	0.001144272247	0.001294204148	0.001165514433
	0.001406638184	0.001406638184	0.001244683213	0.001098389356	0.001097355617
	0.001030866098	0.0010673219	0.002614065582	0.00103055214	0.001128720637
	0.001099455199	0.001040919357	0.001043512712	0.001014645859	0.0009567087163
	0.0009957322989	0.0008950017764	0.000674388956	0.0007765804367	0.000674388956
	0.0007765804367	0.001056986237	0.0029342925	0.0029342925	0.004342911559
	0.002881828762	0.001937414285	0.001937414285	0.00277685403	0.002308566429
	0.002377375591	0.002233070206	0.001314156383	0.002014462774	0.001693194444
	0.001314156383	0.01306578024	0.006659818684	0.005648279089	0.003335539221
	0.005877715229	0.005650275021	0.005199589624	0.003135823098	0.000947331095
	0.001733639306	0.001514265529	0.002004956486	0.003135823098	0.001148100546
	0.001560571772	0.001148100546	0.001269778793	0.00137604381	0.00136086647
	0.00108168912	0.001196279561	0.00118267038	0.001269778793	0.003871038827
	0.0009957322989	0.002614065582	0.001014625848	0.002614065582	0.00103055214
	0.0009220714532	0.001012372508	0.0009352747717	0.0009807625346	0.0009695279344
	0.0008950017764	0.0009957322989	0.0008950017764	0.000674388956	0.000858375109
	0.0007030386411	0.000858375109	0.001346410655	0.0029342925	0.001737352708
	0.002881828762	0.002485708087	0.00152483121	0.001972718993	0.00152483121
	0.002377375591	0.002014462774	0.002092249329	0.001545838051	0.002014462774
	0.001346410655	0.005199589624	0.006659818684	0.004002377482	0.005648279089
	0.003584341055	0.005199589624	0.003135823098	0.00180238287	0.00180238287
	0.002527142092	0.002300262944	0.001311869381	0.001477255098	0.001269778793
	0.00137604381	0.001583640122	0.001246057964	0.001246057964	0.001001472774
	0.001434707027	0.001879703034	0.0008812008313	0.001972718993	0.001001472774
	0.001001472774	0.002032759382	0.0009807625346	0.0008812008313	0.0009220714532
	0.0009352747717	0.0009352747717	0.0008544632626	0.000836768263	0.0008954602583
	0.0008618490655	0.0008785784051	0.000858375109	0.0009072324186	0.001024661845
	0.001321748828	0.001610212897	0.002148225721	0.001526413945	0.001493746184
	0.001879703034	0.001520881463	0.001659979089	0.001972718993	0.001520881463
	0.001866335699	0.001863666487	0.001545838051	0.001778434853	0.001408774465
	0.003582579788	0.003437047117	0.003105953327	0.003105953327	0.003584341055
	0.003304613017	0.002582470529	0.00180238287	0.002064670235	0.002582470529
	0.001603626609	0.001434707027	0.001583640122	0.001583640122	0.001247521731
	0.00132700492	0.001072392875	0.001377851374	0.001879703034	0.002456986235
	0.0008812008313	0.0009813452301	0.0009813452301	0.001866335699	0.0008765574442
	0.000892189434	0.0007980325738	0.0008461490572	0.0008266685509	0.0007272739659
	0.0008093586589	0.0007104158988	0.001128014268	0.001143071999	0.001143071999
	0.001293609337	0.001321748828	0.001092748336	0.001526413945	0.0009885218971
	0.0009586128533	0.001520881463	0.001764191846	0.001418728044	0.001866335699
	0.001863666487	0.001863666487	0.001471093818	0.001414741732	0.002878092645
	0.002878092645	0.002206430384	0.002860131935	0.002671382341	0.002761854935
	0.002582470529	0.002064670235	0.001856402304	0.001572963212	0.001603626609
	0.001377851374	0.001814268371	0.001826121056	0.001272303216	0.001292102281
	0.001072392875	0.001072392875	0.001377851374	0.001178948837	0.001844484867
	0.0007414531754	0.000892189434	0.001618382344	0.0008266685509	0.0008603054961
	0.000892189434	0.0007980325738	0.0007413347932	0.0007744501433	0.0009032513663
	0.0006506684063	0.0007414531754	0.0006362360326	0.001387345745	0.001143071999
	0.001500445816	0.001344471904	0.001344471904	0.0009586128533	0.001092748336
	0.001112154083	0.001178948837	0.001418728044	0.001618382344	0.001047413184
	0.001547336965	0.00148596182	0.001486394433	0.001471093818	0.001414741732
	0.001953190431	0.001754473028	0.002206430384	0.002206430384	0.001953190431
	0.001793902753	0.00173294811	0.001793902753	0.001754473028	0.001562339148
	0.001393659151	0.001709151399	0.001709151399	0.00173294811	0.001194684999
	0.001166598281	0.001194684999	0.001178948837	0.001261275968	0.0007414531754
	0.0007744501433	0.0009032513663	0.0006429476147	0.0006785918763	0.0007744501433
	0.001004486663	0.0005811060914	0.0006362360326	0.0005424306636	0.001652332577
	0.001422971538	0.001671922259	0.001344471904	0.001379373288	0.0006876423546
	0.0007845415304	0.0009892254609	0.0006876423546	0.001307267456	0.001476658185
	0.001509392417	0.0009588373446	0.001382273133	0.001382273133	0.001335358851
	0.001316479993	0.001953190431	0.001589665279	0.001434477439	0.001676240909
	0.001591819325	0.001369883534	0.001393659151	0.001705752156	0.001525883386
	0.001709151399	0.001602856229	0.001602856229	0.001004486663	0.001194684999
	0.001149552247	0.001241622727	0.0006705167434	0.001332826191	0.0006429476147
	0.001236022046	0.0008086670385	0.0008086670385	0.0005869539094	0.0006785918763
	0.0007233822869	0.001004486663	0.0005424306636	0.0005501822506	0.0004972533061
	0.001671922259	0.001398248874	0.001671922259	0.00143824614	0.001379373288
	0.0008598624487	0.0006640499947	0.0009588373446	0.0006098334481	0.001083156701
	0.001329820772	0.001083156701	0.001323943446	0.001382273133	0.001316479993
	0.001434477439	0.001434477439	0.001426921799	0.001473404455	0.001369883534
	0.001229955697	0.001607137726	0.001334410023	0.001607137726	0.001473404455
	0.001385959434	0.001602856229	0.001149552247	0.001149552247	0.001045637026
	0.0007700860105	0.0006235164269	0.0005501822506	0.001236022046	0.0008086670385
	0.0007889036016	0.0005538726386	0.0006340186334	0.0006768084269	0.0008794871847
	0.0005121532145	0.0005501822506	0.0004972533061	0.002296673817	0.00143824614
	0.001928152907	0.00143824614	0.001335386782	0.001226695647	0.000780899304
	0.0005664974383	0.0006133659135	0.0006640499947	0.000469176341	0.001083156701
	0.0008900077151	0.001246621376	0.001254546479	0.0007230761629	0.0009711151368
	0.0007700860105	0.001473404455	0.0009711151368	0.0009626689949	0.001086577857
	0.001334410023	0.001334410023	0.00133177236	0.001489472913	0.00133177236
	0.001122234469	0.000958362133	0.000958362133	0.0009486444594	0.0005815287631
	0.0005538726386	0.0009398646686	0.0008794871847	0.0007770285041	0.000516564498
	0.0006054347969	0.0006054347969	0.0008437596988	0.000413485631	0.0004476951186
	0.0004476951186	0.001928152907	0.001678499575	0.001928152907	0.001678499575
	0.001303502878	0.001073060214	0.001073060214	0.0007230761629	0.0006133659135
	0.000469176341	0.0005329928486	0.0008524955964	0.001018847688	0.001018847688
	0.0008460692146	0.0007230761629	0.0007588230726	0.0005815287631	0.00106071888
	0.0007776966782	0.001086577857	0.001152632199	0.001074456035	0.001122234469
	0.001138247003	0.001122234469	0.0007652002708	0.000958362133	0.0009486444594
	0.0009486444594	0.0004673856862	0.000516564498	0.0006930781869	0.0006684479138
	0.0004747153047	0.0006054347969	0.0006930781869	0.0008473026715	0.0003920838913
	0.0003939222327	0.0003939222327	0.002518868793	0.001678499575	0.002518868793
	0.001303502878	0.001303502878	0.001073060214	0.001092020341	0.0004970834843
	0.0004739844541	0.0003988904317	0.0003988904317	0.0008460692146	0.0008535794154
	0.0008018892544	0.0004970834843	0.0007776966782	0.0009040578159	0.0007456885136
	0.0007652002708	0.0009803681231	0.001116653404	0.0007652002708	0.0009833569325
	0.0007801933155	0.0007952840571	0.0007854996293	0.0004673856862	0.0004747153047
	0.0005895801074	0.0005073045101	0.0004652751419	0.0005895801074	0.000656676705
	0.000656676705	0.0002970050192	0.0003686868084	0.0003542805569	0.002518868793
	0.001702516059	0.002052097909	0.00127820629	0.001092020341	0.001089724653
	0.001092020341	0.0004970834843	0.0004124741715	0.0003988904317	0.0008018892544
	0.0008535794154	0.0007226845197	0.0004543341277	0.0006040127018	0.0005900309018
	0.0006724153359	0.0006692340113	0.0007854996293	0.0008040269473	0.0007952840571
	0.0007854996293	0.0003942590666	0.0004056724618	0.0003809982698	0.000412517824
	0.000496871065	0.0005473729922	0.0006119837631	0.0005752233536	0.0002970050192
	0.000340920389	0.0002815320896	0.002568067019	0.001445709385	0.002052959038
	0.001445709385	0.001197741639	0.0009307674649	0.001197741639	0.000409708792
	0.0004047398699	0.0003886495126	0.0003886495126	0.0006751658322	0.0006751658322
	0.0005526690806	0.000409708792	0.0005900309018	0.0005584048127	0.0005581961818
	0.0007186289741	0.0005906602947	0.0005753744018	0.0003942590666	0.0003809982698
	0.0003380467047	0.000398037679	0.0004399911064	0.0004645097927	0.000503941076
	0.0005753744018	0.0002212007854	0.0002958610424	0.0002376649243	0.002052959038
	0.001418671736	0.002052959038	0.001418671736	0.001197741639	0.0009129931336
	0.000964031366	0.000409708792	0.0003886505423	0.0003743640356	0.0006751658322
	0.0007071803051	0.000454953424	0.0005335139051	0.0004030509012	0.0004960183353
	0.0004582100393	0.0004861058589	0.0005753744018	0.0004008231552	0.0003380467047
	0.0003380467047	0.0003426430223	0.0003903381777	0.0004230944644	0.000458428508
	0.000458428508	0.0001888930114	0.0002135007901	0.0002135007901	0.00246253021
	0.002017014711	0.001966320513	0.00139571897	0.001135535256	0.000964031366
	0.001135535256	0.0004016375212	0.0003743640356	0.0003743640356	0.0004388887726
	0.0008082573975	0.0005954330829	0.0005266084837	0.0004008231552	0.0004174761964
	0.0004502629147	0.0004502629147	0.0004008231552	0.0003252929355	0.0003426430223
	0.0003426430223	0.0003669761635	0.0003514763667	0.000458428508	0.0004292911262
	0.0001648160538	0.0002135007901	0.0001648160538	0.00246253021	0.001966320513
	0.001966320513	0.001325842368	0.001135535256	0.0008082573975	0.0008485374762
	0.0007525252852	0.0003915242532	0.0004304061227	0.0003915242532	0.0005266084837
	0.0007693525867	0.0005954330829	0.0004028585438	0.0004174761964	0.0004174761964
	0.0004502629147	0.0003752933755	0.0002672666977	0.0002977375028	0.0002977375028
	0.0003514763667	0.0003514763667	0.0003554232164	0.000355844162	0.000145027001
	0.0002133285585	0.000145027001	0.001928510916	0.001925876017	0.001925876017
	0.001317669497	0.001317669497	0.0008485374762	0.001158338753	0.0006523226023
	0.0007525252852	0.0004471468663	0.0005410452144	0.0004611936756	0.0004041944945
	0.0003646322226	0.000355844162	0.0003646322226	0.0002133285585	0.00028023573
	0.0002896323255	0.000356842517	0.00028023573	0.0003041549144	0.0003565084819
	0.000355844162	0.000145027001	0.0002041796824	0.000154016753	0.002298937459
	0.001859023779	0.001859023779	0.001385856572	0.000758376467	0.001094413788
	0.0006494019813	0.000781157154	0.0006494019813	0.0004611936756	0.0004586622386
	0.0004040121191	0.0003646322226	0.0002129135835	0.00028023573	0.0002129135835
	0.000356842517	0.0003560641838	0.0003041549144	0.000325885152	0.0001298099525
	0.000154016753	0.000154016753	0.002140657914	0.001566388326	0.001832447226
	0.001333384093	0.001566388326	0.0008110065972	0.001176489021	0.0007149642774
	0.0007149642774	0.0005418521938	0.0005418521938	0.000471375757	0.000471375757
	0.0001977753128	0.0002570003779	0.0001977753128	0.000360290219	0.000360290219
	0.0003016369692	0.0002570003779	0.000136030285	0.0001751823881	0.000136030285
	0.002140657914	0.001566388326	0.002032896752	0.00140012582	0.001029824988
	0.001029824988	0.001197952955	0.0007149642774	0.0005533912607	0.0006527490865
	0.0004707472013	0.0001977753128	0.0002570003779	0.0001926419831	0.0003422479829
	0.0004707472013	0.0003280515052	0.000136030285	0.0001806192757	0.000163466202
	0.002032896752	0.00140012582	0.001714055233	0.0009434502916	0.001029824988
	0.001197952955	0.0006527490865	0.0005659144348	0.0006527490865	0.0005659144348
	0.0001806192757	0.000274287627	0.0002622111064	0.0003280515052	0.000337319808
	0.000274287627	0.0005659144348	0.0001557319179	0.0002427741952	0.0001961368143
	0.00197527312	0.001307455613	0.001710892096	0.001710892096	0.0009434502916
	0.00102542779	0.001360330459	0.0006833480748	0.0005849439003	0.0004712513361
	0.0002427741952	0.0003687702249	0.0003687702249	0.0008234895582	0.0006809860178
	0.0001961368143	0.0002427741952	0.0002457388446	0.001831763431	0.001360330459
	0.001492534416	0.0009968560575	0.001171496088	0.001320605874	0.0008213480115
	0.0004712513361	0.000388731865	0.0003687702249	0.0009968560575	0.0008234895582
	0.0006436328425	0.0005741299343	0.0003046475076	0.0003046475076	0.001831763431
	0.001624709815	0.001617648954	0.001041713674	0.001320387596	0.0008363857065
	0.0008057322692	0.000388731865	0.0008057322692	0.0005741299343	0.0003046475076
	0.0003200302449	0.001615433716	0.001617648954	0.001492708152	0.001138746401
	0.001307621692	0.0009183412952	0.0008057322692	0.000639413317	0.0004977033857
	0.0004129780227	0.0004129780227	0.001734867984	0.001726878522	0.001492708152
	0.001307621692	0.0009329861354	0.0009329861354	0.0005411444256	0.0006552166657
	0.0006552166657	0.001726878522	0.001675261691	0.00151564778	0.001138668527
	0.0008402792916	0.0006552166657	0.001744366217	0.001870690258	0.001344782666
	0.0008402792916	0.0008402792916	0.001870690258	0.001870690258	0.001344782666
	0.001465192798	0.002545311907	0.001465192798	0.003210608786	0.001699697279
	0.001165812679	0.001450602221	0.001450602221	0.0007357949196	0.001470026665
	0.00106511092	0.000177796005	0.0007357949196	0.001937962458	0.003725712876
	0.001937962458	0.001790244368	0.003348443573	0.001967300572	0.00193989027
	0.003717372444	0.001448611977	0.001195863617	0.00140370692	0.001354732413
	0.001470026665	0.001470026665	0.000177796005	0.0001206031885	0.001115934269
	0.001073200045	0.0007315347618	0.0007315347618	0.004657131895	0.0009290811386
	0.002133887015	0.001189769696	0.002292513371	0.001937962458	0.001790244368
	0.001790244368	0.001967300572	0.001967300572	0.001627619102	0.00140370692
	0.001448611977	0.001134957002	0.0009291301508	0.00140370692	0.001171211914
	0.001071451396	0.0009717703246	0.001115934269	0.001115934269	0.0003499821652
	0.001073200045	0.0009060029025	0.001497241537	0.0005715640232	0.0007262676959
	0.0007315347618	0.0006177667089	0.002812531465	0.003983118176	0.002019432223
	0.002019432223	0.002133887015	0.002318235117	0.002812531465	0.001821017479
	0.001163130301	0.001793609077	0.001584898393	0.001629741617	0.001645751703
	0.001629741617	0.001067342984	0.001187542639	0.001126784458	0.001163130301
	0.0009291301508	0.0009291301508	0.0009060029025	0.0008290332968	0.0008904327518
	0.0008904327518	0.000597080267	0.0008098753202	0.0008018207805	0.0005599694981
	0.0005122029282	0.0003189002781	0.0005479809197	0.000597080267	0.0007262676959
	0.0006177667089	0.0005599694981	0.002248576704	0.002099375212	0.001910656245
	0.003391807581	0.001257254243	0.001417803279	0.001821017479	0.003388683039
	0.001609771253	0.001821017479	0.00124089363	0.001417803279	0.00124089363
	0.001629741617	0.001421157827	0.001187542639	0.0009829743355	0.0008376930976
	0.0008113100529	0.0008113100529	0.0008290332968	0.0007319242771	0.0007109390332
	0.0008904327518	0.0007319242771	0.0006212679327	0.0002432220889	0.0005357945771
	0.0005599694981	0.0005357945771	0.0006563750646	0.000599953807	0.0005952747715
	0.000599953807	0.0005985679929	0.0005349900448	0.007682000618	0.002248576704
	0.002248576704	0.001719176996	0.001477522707	0.001257254243	0.001257254243
	0.001565820575	0.001437201908	0.001437201908	0.001633335504	0.001565820575
	0.001141873444	0.0009829743355	0.001119407927	0.001119407927	0.0008572070654
	0.001053738568	0.0008376930976	0.0008282664763	0.0008282664763	0.0007338045608
	0.0007520010603	0.0006630435173	0.0007319242771	0.0006212679327	0.0006212679327
	0.0007416656399	0.0008450040956	0.0002355068539	0.0005355433158	0.0004977509392
	0.0005095467345	0.0005264125299	0.0005490006218	0.0005358837609	0.0005530751033
	0.0006271004808	0.000599953807	0.0005264125299	0.0005349900448	0.002609127896
	0.001738358739	0.001451243235	0.001059187453	0.001328516962	0.001330537372
	0.001565820575	0.001286298134	0.001437201908	0.001059187453	0.001110395617
	0.0008572070654	0.0008572070654	0.0008807053052	0.0008911907248	0.0008288892252
	0.0007425101255	0.0006740112904	0.0007430039584	0.0008150284558	0.0006630435173
	0.0005707882678	0.0005818592712	0.000557443379	0.0005328668185	0.0005328668185
	0.0005355433158	0.0005233727919	0.0005355433158	0.0006415193685	0.0007081719064
	0.001564532412	0.0004977509392	0.0004977509392	0.0004932764486	0.0005481970774
	0.0005298324483	0.000556758273	0.0005019702441	0.000527954625	0.001738358739
	0.00113657438	0.002609127896	0.001411210395	0.001636148905	0.001451243235
	0.001451243235	0.0009456156355	0.0008807053052	0.0009456156355	0.0008037151638
	0.001110395617	0.0008982321952	0.001110395617	0.0007260081471	0.0007260081471
	0.0007513087364	0.000771686026	0.0006740112904	0.0006740112904	0.0006471877582
	0.0006471877582	0.000582138943	0.0005707882678	0.0005686701487	0.0005028420031
	0.0004840695209	0.0005328668185	0.0005610764455	0.0005610764455	0.0007213372877
	0.0007798077201	0.0007607240607	0.0009064994581	0.001112624537	0.0004932764486
	0.0005213030223	0.0004932764486	0.0005424300739	0.0004899747085	0.0004899747085
	0.0004840695209	0.0004993696515	0.0005580326784	0.000527954625	0.001378519811
	0.001171038559	0.00113657438	0.001411210395	0.0005576364968	0.00130155411
	0.0006340848503	0.001028278658	0.001028278658	0.0007472271958	0.0008777483134
	0.0007513087364	0.0009456156355	0.0008268866105	0.0007529133506	0.0008109108342
	0.0008109108342	0.0007260081471	0.00074727581	0.0007513087364	0.0005645945959
	0.0005291557794	0.0005703095804	0.0005703095804	0.000488746614	0.0005002178806
	0.000516738402	0.0005028420031	0.0004962750178	0.0005213030223	0.0005610764455
	0.0007213372877	0.0007213372877	0.0007433178631	0.0005728216381	0.001205946975
	0.001078024214	0.001439353296	0.0005580326784	0.0005424300739	0.0005424300739
	0.0004653173533	0.0004653173533	0.0004899747085	0.0004993696515	0.0004957156877
	0.0005150337849	0.001063756183	0.0009808797577	0.001187946575	0.001345511969
	0.001345511969	0.001060034903	0.0005893810793	0.0009808797577	0.0007367422201
	0.0007472271958	0.0007472271958	0.0005977285517	0.000654639525	0.0006256922101
	0.0006256922101	0.0006130282164	0.0005728728131	0.0006373142554	0.0005291557794
	0.0005291557794	0.0005703095804	0.0005350625443	0.0004834125874	0.000488746614
	0.0004743513317	0.0004741940334	0.000466248846	0.0004598103795	0.0006619549152
	0.0007453808896	0.0009615808797	0.0007946808052	0.0007464382233	0.001114374441
	0.001496151071	0.001439353296	0.0005222953239	0.0006287152666	0.000577606318
	0.0004782557086	0.0004782557086	0.0004950687932	0.0004957156877	0.0004957156877
	0.001309888489	0.001063756183	0.0009808797577	0.000968605624	0.001345511969
	0.001062229648	0.001062229648	0.0004702072961	0.0007109974923	0.0006540671198
	0.0006540671198	0.0006130282164	0.0005728728131	0.0005677557304	0.0006256922101
	0.0005199391519	0.0005299481725	0.0005350625443	0.0004539559355	0.0004539559355
	0.0004703693754	0.000482512886	0.0004674365854	0.0004429257045	0.0004743513317
	0.0004519779995	0.0004598103795	0.0007319725063	0.0008452155395	0.0009615808797
	0.0009615808797	0.0007464382233	0.0006973842483	0.001169159998	0.001571620266
	0.001571620266	0.0001555692081	0.0006287152666	0.0005222953239	0.0006287152666
	0.0006973842483	0.0004685445326	0.0004782557086	0.0004950687932	0.0005130510305
	0.001453307623	0.001309888489	0.001564281571	0.0007109974923	0.0007946418091
	0.0009139194541	0.001181476533	0.0009139194541	0.001062229648	0.0004702072961
	0.0005299481725	0.0007109974923	0.0006540671198	0.0005132823074	0.0005172349303
	0.0004693845307	0.0005037246759	0.0005037246759	0.0004445284603	0.0004422437499
	0.0004344690324	0.0004452215927	0.0004360926949	0.0004445284603	0.0004452215927
	0.0004346787148	0.0004445943135	0.0004519779995	0.0004619201756	0.0007406881491
	0.0008452155395	0.0009306378987	0.0007472392915	0.0006973842483	0.00103735843
	0.0001275103799	0.001309060507	0.001571620266	0.001667995811	0.0006628169423
	0.0005685677458	0.0007136347245	0.0006506206119	0.0005075397622	0.0004772791006
	0.0004962925602	0.0005800133258	0.001225505176	0.001181476533	0.001225505176
	0.001682912349	0.0005711079145	0.0006822517432	0.0006822517432	0.000848803417
	0.0008223619932	0.0007166457217	0.0006913554607	0.0004292589985	0.0005132823074
	0.0005711079145	0.0005132823074	0.0004693845307	0.0004693845307	0.0005037246759
	0.0004543197812	0.000466889642	0.0004445284603	0.0004292589985	0.0004344690324
	0.0004452215927	0.0004223875863	0.0004457521167	0.0004275890463	0.0004436494026
	0.0004436494026	0.0004619201756	0.0004619201756	0.0008312240534	0.0009247423824
	0.001027936836	0.0007995103931	0.0007472392915	0.001027936836	0.001234152686
	0.00255481283	0.001601513823	0.001309060507	0.001640072107	0.0006312096847
	0.0005800133258	0.0007264163565	0.0006312096847	0.0005425049614	0.0004962925602
	0.0004962925602	0.0005425049614	0.001225505176	0.001208530778	0.001208530778
	0.001690208785	0.0005711079145	0.0006822517432	0.0008728452776	0.0006913554607
	0.0006305060474	0.0006913554607	0.0004292589985	0.0004273050821	0.0004743717384
	0.0004812410057	0.0005121696952	0.0004812410057	0.000471134909	0.0004543197812
	0.0004464519215	0.0004446257465	0.0004273050821	0.000430850908	0.0004152223002
	0.0004275890463	0.0004172007134	0.0004275890463	0.0004499849316	0.0004722826962
	0.0004722826962	0.0008402021219	0.0009405812888	0.0009405812888	0.0008786895814
	0.001094065864	0.001199684944	0.00137813823	0.00255481283	0.00255481283
	0.001793376026	0.001640072107	0.000815965496	0.0006312096847	0.0006994051916
	0.0006388525235	0.0005425049614	0.0005305708897	0.0005895540056	0.0008264308957
	0.0008728452776	0.0009646447612	0.00119189166	0.002045484939	0.001690208785
	0.0011749234	0.0005121696952	0.0005678583312	0.0006463144519	0.0006463144519
	0.0006401330524	0.0004238626792	0.0004743717384	0.0004819813945	0.0004571360132
	0.0004586020935	0.0004405071241	0.0004300238283	0.0004472706226	0.0004178359174
	0.0004257521776	0.0004595716068	0.0004171092821	0.0004181262949	0.0004181496488
	0.0004181496488	0.0004997202029	0.0004597910733	0.0004722826962	0.0008402021219
	0.0008402021219	0.000951329865	0.002124892731	0.000965319412	0.001180539554
	0.00155709417	0.002124892731	0.001943974708	0.00155709417	0.002782728266
	0.000815965496	0.0006985804918	0.0006700903451	0.0006739115242	0.0005922931536
	0.0005561983601	0.0006206944733	0.0006854850126	0.0008295005882	0.001021715879
	0.0011749234	0.0008082376093	0.0011749234	0.0005891887858	0.0005065806459
	0.0006854850126	0.0005979039701	0.0004208178111	0.0004813648891	0.0004535520379
	0.0004586020935	0.0004586020935	0.0004264233113	0.0004204823359	0.0004369708277
	0.0004341287784	0.0004171092821	0.0004395354882	0.0004597910733	0.0004171092821
	0.0004181262949	0.0004241824666	0.0004241824666	0.0005561983601	0.000493396242
	0.000493396242	0.0008397333921	0.0008623134881	0.002651247295	0.00106566055
	0.001180539554	0.001180539554	0.00155709417	0.002044557849	0.001646273495
	0.002782728266	0.002605025133	0.001040827719	0.0009352932065	0.0007632571757
	0.0006739115242	0.0006739115242	0.0006206944733	0.0005561983601	0.0006206944733
	0.0006327372983	0.0008295005882	0.0008295005882	0.001021715879	0.001186966758
	0.001824204091	0.000602835977	0.0009012749122	0.001697357893	0.0005065806459
	0.0006327372983	0.0005200916242	0.0004252128669	0.0004605796055	0.000445990386
	0.0004651736197	0.0004411680866	0.0004229654287	0.0004352712959	0.0004254515062
	0.0004274895509	0.0004274895509	0.0004254515062	0.0004638993969	0.003735313387
	0.003735313387	0.0004869657091	0.0004263646249	0.0004377522136	0.000418328039
	0.0004241824666	0.0005236689764	0.0005293006262	0.0005821864274	0.001040827719
	0.001918939766	0.001163733558	0.001451880147	0.001349515769	0.00176002889
	0.002044557849	0.002605025133	0.002525214124	0.001040827719	0.0009352932065
	0.0008470555926	0.0007040223949	0.000673158491	0.0005821864274	0.0006514426344
	0.0007341598827	0.0006327372983	0.0005972941522	0.000884252604	0.001697357893
	0.001070995423	0.001196698332	0.0007786697146	0.0007786697146	0.001874047094
	0.001697357893	0.0005200916242	0.0004791603559	0.0004594578718	0.000461479311
	0.0004533519589	0.0004533519589	0.0004426035392	0.0004428601596	0.0004352712959
	0.0004480580165	0.0004254515062	0.000512929448	0.002604499651	0.005899069038
	0.002946075918	0.001209287158	0.0004720315059	0.0004393235842	0.0004428601596
	0.0004261718942	0.000512929448	0.0005442042289	0.0005821864274	0.001188347359
	0.001918939766	0.001349515769	0.001349515769	0.001801175539	0.001707285643
	0.002604499651	0.002237341652	0.001044082899	0.00116990747	0.0008179231229
	0.0008116974349	0.0008116974349	0.0006010860748	0.0007944377875	0.0007091074455
	0.0005972941522	0.0006448710848	0.001196698332	0.001510539381	0.001252950343
	0.0007786697146	0.0006450669693	0.001510539381	0.000507618483	0.0005301859298
	0.0004873738534	0.0004848252259	0.0004608697027	0.0004608697027	0.0004525457223
	0.0004428601596	0.0004524415477	0.0004582164012	0.0004525457223	0.0005330456412
	0.002603161016	0.004847115362	0.004847115362	0.002946075918	0.001885938195
	0.000480738711	0.0004638049175	0.0004533341982	0.0005330456412	0.0005862250573
	0.0006403612443	0.001322076252	0.001912517751	0.001531942579	0.001801175539
	0.001801175539	0.002313911336	0.001912517751	0.001438923205	0.001032141505
	0.001032141505	0.0006403612443	0.0009051140869	0.0007944377875	0.001137532526
	0.0008769969117	0.0007873350062	0.0005837221129	0.0005546477928	0.0006450669693
	0.001200325063	0.001200325063	0.0008531616797	0.0009279096359	0.0006450669693
	0.001885938195	0.001435302878	0.0004848252259	0.0004904053512	0.000507618483
	0.0005224153132	0.0004848252259	0.0004753357054	0.0004525457223	0.0004803652498
	0.0004803652498	0.0004779145076	0.0004582164012	0.0005330456412	0.002560208521
	0.003410504464	0.003352327623	0.002381252091	0.00527693895	0.0007242493275
	0.0005034040453	0.0004914052527	0.0005718139947	0.0005718139947	0.0006510605374
	0.00151230805	0.001912517751	0.001691292042	0.001529598079	0.002413975647
	0.001873414548	0.001270376785	0.001137532526	0.0007875669097	0.001137532526
	0.0008780298197	0.000997446652	0.0008780298197	0.0008740932429	0.0005590041776
	0.0005590041776	0.0006135823493	0.0007068248004	0.001200325063	0.001326260248
	0.0009279096359	0.0009279096359	0.001585010695	0.001326260248	0.0005021050106
	0.0005185976297	0.0005185976297	0.0005224153132	0.0005309993262	0.0005008575147
	0.0004753357054	0.0004728617071	0.0004803652498	0.0004779145076	0.0004945472036
	0.0005629640548	0.002422741756	0.003352327623	0.002584252816	0.00260407216
	0.003879843544	0.00203887212	0.000588588342	0.0004914052527	0.0005996200847
	0.0006226762572	0.000785463325	0.001529598079	0.001873414548	0.001425722534
	0.001615342639	0.002028507014	0.002040398559	0.001246985947	0.0007929274717
	0.001103191679	0.0008780298197	0.0008740932429	0.0005590041776	0.0006337782497
	0.0007068248004	0.0008649632635	0.001142264812	0.0009609002278	0.002328681267
	0.001718709591	0.001718709591	0.0005641389207	0.0005340243324	0.0005185976297
	0.0005902555264	0.0005309993262	0.0005309993262	0.0005008575147	0.0005267977386
	0.0005323000188	0.0005260041779	0.0005323000188	0.0005902555264	0.00260407216
	0.003070993845	0.003070993845	0.003405734324	0.00627708015	0.00627708015
	0.0006762876636	0.0007093323465	0.001649172731	0.0006557344983	0.0006226762572
	0.0007412650334	0.000785463325	0.001615342639	0.001918389972	0.001389042363
	0.001615342639	0.001918389972	0.001230830504	0.0009728087279	0.001103191679
	0.0009728087279	0.0006337782497	0.0006337782497	0.0008142656742	0.0008142656742
	0.001148150378	0.001148150378	0.001618045725	0.001618045725	0.001649172731
	0.0005569475969	0.0005641389207	0.0005978227499	0.0005902555264	0.0005414033452
	0.0005407438243	0.0005499457602	0.0005569475969	0.0005323000188	0.0005696700836
	0.0007108474783	0.002339335221	0.004074537901	0.002700585663	0.003070993845
	0.00304068198	0.006352574768	0.002727030967	0.002727030967	0.001858734614
	0.0007108474783	0.0007134364053	0.0008638342532	0.0008612144311	0.001389042363
	0.001917092578	0.001718707909	0.001389042363	0.002339335221	0.001917092578
	0.001230830504	0.0009728087279	0.0009700803717	0.0007649227353	0.0006834660905
	0.0008142656742	0.0007649227353	0.001025089864	0.001148150378	0.001601301346
	0.001618045725	0.001601301346	0.0005926605303	0.0005914030522	0.0006038641153
	0.0006756619261	0.0006637643686	0.0006166830343	0.0006069285283	0.0006637643686
	0.000608863514	0.0005926605303	0.000608863514	0.0007108474783	0.00330730253
	0.003842284729	0.002339335221	0.003049292227	0.002501241704	0.00330730253
	0.001858734614	0.002928784525	0.0008606835775	0.000955339649	0.0008606835775
	0.001519279477	0.001559832518	0.001718707909	0.001969061149	0.001969061149
	0.001357725206	0.0009530799645	0.0006756619261	0.0006756619261	0.0007649227353
	0.0009737066559	0.0008202058456	0.001100674598	0.001100674598	0.001850831477
	0.001273531603	0.0011131984	0.0005926605303	0.0006172674162	0.0006908792187
	0.0006637643686	0.0006572964497	0.0006450642145	0.0006763888634	0.000608863514
	0.000630719919	0.0006291861947	0.0008485934437	0.003930240518	0.00492630719
	0.003842284729	0.002205373938	0.002789707319	0.004246485289	0.000644333725
	0.002187607323	0.0006450642145	0.0008606835775	0.001051709682	0.000955339649
	0.001358508721	0.001529506705	0.0017310624	0.00190046811	0.002124559738
	0.001194030471	0.0007341796017	0.0007652893515	0.0008202058456	0.0009785555578
	0.001104058046	0.001325726703	0.001100674598	0.001850831477	0.001284120475
	0.0006172674162	0.0006908792187	0.0006908792187	0.00071078817	0.000730121064
	0.00071078817	0.0006741255204	0.0006787076166	0.0008485934437	0.004184896203
	0.004184896203	0.004184896203	0.002775514572	0.002427537828	0.003614424614
	0.0008424317381	0.00198865702	0.002093888143	0.00198865702	0.0007687982513
	0.0008466515676	0.000730121064	0.00116198151	0.0009461271544	0.0009426447351
	0.001344358396	0.001529506705	0.001691569065	0.001691569065	0.001885134077
	0.002404401242	0.00116198151	0.0007259688595	0.0008481451252	0.0008822142535
	0.0009785555578	0.001325726703	0.001325726703	0.001284120475	0.0007078180668
	0.0007078180668	0.0007259688595	0.0007687982513	0.0009347487269	0.0007252823735
	0.0007525156983	0.0008482012762	0.003919997498	0.002764822393	0.003941011228
	0.002764822393	0.003919997498	0.004600190058	0.0008424317381	0.002164418986
	0.002164418986	0.001785496637	0.0007478013236	0.0009347487269	0.0007510931478
	0.0007853301184	0.00116198151	0.001158000992	0.001648747184	0.001648747184
	0.001847714626	0.002443373243	0.002859953512	0.00130128178	0.001604685174
	0.0008116680522	0.000978775783	0.000978775783	0.00117957843	0.001433831133
	0.0007078180668	0.0008116680522	0.0007842329175	0.0008567885591	0.0009347487269
	0.0007525156983	0.001031661333	0.003919997498	0.003195390676	0.002764822393
	0.007501951454	0.005561999868	0.002487035804	0.001543416648	0.002164418986
	0.002163348654	0.001031661333	0.0007477150291	0.0008567885591	0.001142032161
	0.00130128178	0.001648747184	0.001847714626	0.002178136415	0.002751569171
	0.002859953512	0.001438366046	0.001604685174	0.0008116680522	0.000978775783
	0.001543416648	0.001066046725	0.001186841104	0.0007596205994	0.0008623577529
	0.0008560233574	0.0008567885591	0.001140124466	0.0007877610955	0.001142032161
	0.003361743008	0.003195390676	0.003800434687	0.002487035804	0.001634380384
	0.001250595845	0.002415272532	0.002415272532	0.001127138718	0.0008965912033
	0.0009323992022	0.001422622621	0.001422622621	0.002755750207	0.001842226449
	0.00201574985	0.002290495939	0.002751569171	0.001608723508	0.0008623577529
	0.001021773256	0.001250595845	0.001066046725	0.0009013521096	0.0009476048036
	0.0009440212656	0.0009340449185	0.001127138718	0.0009440212656	0.001285885916
	0.003800434687	0.003361743008	0.003068636587	0.005069886485	0.0007402409004
	0.001313282177	0.001313282177	0.002505362125	0.001393454557	0.0009844680871
	0.001332366185	0.00116036519	0.001422622621	0.001608723508	0.003068636587
	0.001978194764	0.001978194764	0.002244311686	0.001608723508	0.0009476048036
	0.001021773256	0.001160229973	0.001226964871	0.0009844680871	0.0009440212656
	0.001157973876	0.001054771717	0.001596411768	0.001475628736	0.003068636587
	0.003639059097	0.004050362273	0.002730627906	0.0007719443118	0.001343784795
	0.001234181188	0.002592455966	0.002592455966	0.0009844680871	0.001332366185
	0.001157973876	0.004102323757	0.001824240511	0.00275006551	0.002060591201
	0.002123163322	0.002060591201	0.001166691146	0.001234181188	0.001234181188
	0.001210866939	0.001235930346	0.001151832317	0.001324821678	0.00135633964
	0.001596411768	0.001475628736	0.00275006551	0.003639059097	0.003832394385
	0.002026896101	0.002026896101	0.002046111987	0.002592455966	0.002046111987
	0.001278929531	0.001324821678	0.00131564173	0.004106346844	0.001858505744
	0.002379695791	0.002060591201	0.002257665158	0.001345783468	0.001605866914
	0.001322788788	0.001278929531	0.00131564173	0.00151137051	0.001278929531
	0.001858505744	0.001476945908	0.002967840942	0.003284508151	0.003831019698
	0.002921928411	0.002218651938	0.002046111987	0.001512295859	0.001891938995
	0.008052874752	0.001858505744	0.002394956583	0.002614382346	0.001605866914
	0.001759993206	0.001322788788	0.001567122999	0.00151137051	0.00151137051
	0.001567122999	0.002208979322	0.001870234225	0.003156880655	0.003781464188
	0.0001840775523	0.002693678966	0.001891938995	0.002119935098	0.005198213513
	0.003156880655	0.002614382346	0.002614382346	0.002283532747	0.001590664685
	0.001761990276	0.001590664685	0.001567122999	0.002049631829	0.001719232561
	0.002049631829	0.003781464188	0.0001331985003	0.002279200323	0.002279200323
	0.007579164535	0.002622040607	0.002283532747	0.002639098897	0.002085231581
	0.002017296461	0.002398925357	0.002897340521	0.002017296461	0.002131539288
	0.003834920083	0.002446515315	0.002279200323	0.00260198835	0.002847926856
	0.005383477265	0.002988608131	0.002988608131	0.002282969655	0.002017296461
	0.002937033992	0.002131539288	0.002131539288	0.003834920083	0.0002862734467
	0.00241083582	0.001979826189	0.002988608131	0.002282969655	0.002483762834
	0.002483762834	0.00646832355	0.002563362283	0.001979826189	0.003727790559
	0.002563362283	0.002908078735	0.001504010149	0.002826270212	