5884	
	1.99975816	2.000187304	2.000187304	2.001885667	2.000837845
	1.998697957	1.995982951	2.001885667	2.000997185	1.998697957
	1.998697957	1.994301014	2.000540802	2.000540802	2.0015842
	2.001524314	2.000997185	1.999822448	1.994301014	1.994301014
	1.999767249	2.000793016	1.999767249	2.00479467	2.001053007
	2.002141583	2.002141583	1.998008316	1.995682328	2.001315652
	2.001544163	1.999767249	2.00479467	2.007318549	2.006857001
	2.003552748	2.000926121	2.000593369	2.000593369	1.995453175
	1.994387124	1.997686185	1.990245428	2.007318549	2.007604165
	1.99269687	2.006857001	2.007604165	2.006857001	2.003552748
	2.003552748	2.006312243	2.000593369	1.996583774	2.000703322
	1.997830713	1.991380508	1.990245428	1.990245428	2.012808538
	2.002379987	2.022747774	1.993262354	1.977036501	2.009069184
	2.022800597	2.009069184	2.006312243	2.026968443	2.013493695
	2.002262572	2.004411381	2.000902317	1.991380508	1.993262354
	1.983594283	1.999524189	2.023408255	2.023408255	2.036486768
	1.967957885	1.969373483	2.022800597	2.022800597	2.024420708
	2.013493695	2.026968443	2.01565485	2.010990569	2.005494952
	2.000902317	1.999524189	1.991606579	1.96599951	2.025449463
	1.998785029	2.036486768	2.023408255	2.032588418	2.036486768
	2.039125519	1.969373483	1.969373483	2.041023818	2.023396625
	2.025328674	2.055833463	2.041023818	2.010990569	2.029100974
	2.010990569	2.004031036	2.004031036	1.998785029	1.987031093
	1.96599951	2.025449463	2.032588418	2.038845149	2.022754404
	2.055717971	2.055717971	1.959853084	1.94442416	2.073816924
	2.073816924	2.041023818	2.047369542	2.064681306	2.067328997
	2.046277859	2.023661742	2.023661742	2.067328997	2.01217107
	2.001960004	2.002360618	1.953846059	2.001317704	1.986971915
	2.022754404	2.069586559	2.060377701	2.027767913	2.098625102
	2.069586559	1.930298077	1.930298077	2.108037721	2.108037721
	2.098625102	2.056580942	2.067328997	2.046277859	2.037632333
	2.023661742	2.105399789	2.001960004	2.001960004	1.982760977
	1.931846496	1.961225707	1.990925832	2.001317704	2.027767913
	2.088817845	2.027767913	2.060377701	2.125369628	2.095912077
	2.149083964	1.927000764	1.907144306	2.108037721	2.152409597
	2.11846123	2.177896612	2.066472926	2.075214102	2.059856073
	2.059856073	2.026283058	2.105399789	2.105399789	2.010287267
	1.988685551	1.969764724	1.935671219	1.991231595	1.964998179
	2.018558358	2.018558358	2.095912077	2.057877841	2.057877841
	2.149083964	2.112255188	2.149083964	1.927000764	1.907144306
	2.152409597	2.177896612	2.228964879	2.199234389	2.152409597
	2.154625775	2.101144649	2.075923629	2.048198513	2.02859729
	2.120269335	2.124804013	2.003637377	2.003637377	1.969764724
	1.935671219	1.935671219	2.010320089	1.964998179	2.010320089
	2.065312897	2.112255188	2.092348695	2.030864338	2.143242074
	2.112255188	2.137470777	2.219491883	1.90166566	1.87064996
	2.228964879	2.177508797	2.199234389	2.228964879	2.199234389
	2.202811797	2.120269335	2.078890248	2.03089533	2.02859729
	2.120269335	2.161799225	1.995246976	1.995246976	1.931949622
	1.905937316	1.937482568	1.971930603	2.002234008	2.065141747
	2.092348695	2.092348695	2.030864338	1.995852053	2.189904647
	2.189904647	2.135036304	2.219491883	2.262856128	1.87064996
	1.87064996	2.277771424	2.18833996	2.221807151	2.277771424
	2.232635738	2.194498527	2.078890248	2.078890248	2.053883574
	2.050546536	2.11329364	2.18833996	2.020618938	1.947596595
	1.909245561	1.891986849	1.931449947	1.965904598	1.995852053
	1.995852053	2.065141747	2.115407305	2.065953156	2.058440475
	2.189904647	2.183250691	2.14525817	2.260120955	2.280443303
	2.280443303	1.840847072	1.891986849	1.840847072	2.32249525
	2.32249525	2.204886377	2.234797505	2.301339591	2.289892961
	2.257654362	2.257654362	2.115897484	2.053883574	2.053883574
	2.014240974	2.152379029	2.190927089	1.973816112	1.909245561
	1.909245561	1.891986849	1.950881537	1.950881537	2.004768638
	2.015262176	2.110367209	2.110367209	2.058440475	2.209145117
	2.177669838	2.177669838	2.260120955	2.325718761	2.300880284
	1.874171637	1.840847072	1.852565418	1.833329061	2.35855234
	2.35855234	2.388889559	2.355777282	2.32249525	2.307135582
	2.190015892	2.304704332	2.304704332	2.257654362	2.266946515
	2.120486045	2.087413787	2.087413787	1.973816112	2.153560442
	2.204013539	1.973816112	1.878676927	1.847059085	1.937069992
	1.962219644	1.965692175	2.004768638	2.143374175	2.040658767
	2.110367209	2.207091376	2.17611616	2.17611616	2.262273509
	2.34876963	2.262273509	2.341854278	2.380605889	1.892589666
	1.868942681	1.836059221	1.836059221	1.802362724	2.35855234
	2.39544488	2.380605889	2.389783557	2.417440269	2.366991044
	2.345519487	2.204013539	2.337623076	2.337623076	2.284601746
	2.3290125	2.120486045	2.087413787	2.042847299	2.05191156
	2.127562493	2.204013539	1.941427733	1.986419681	1.881668139
	1.879192962	1.964749259	1.985441318	1.964749259	2.04714633
	2.125379861	2.076560804	2.125379861	2.013551423	2.238675231
	2.17611616	2.341854278	2.240270802	2.295978877	2.165190334
	2.392264005	2.379719512	2.365588708	2.348589759	2.380605889
	1.926975807	1.893153747	1.860700062	1.827848163	1.827754332
	1.788560717	2.369685735	2.392264005	2.392264005	2.389783557
	2.39544488	2.389783557	2.417440269	2.366991044	2.405703908
	2.361997258	2.241556026	2.303170971	2.337623076	2.303170971
	2.124707753	2.124707753	2.040009691	2.172383916	2.220345833
	2.040009691	1.941427733	1.986419681	1.881668139	1.852574797
	1.964749259	1.985441318	2.064188229	2.125379861	2.112411675
	2.062519346	2.008219842	2.18552637	2.212671538	2.33022078
	2.240270802	2.217606859	2.190296416	2.320139032	2.320139032
	2.331330123	2.353821752	2.353821752	2.324442794	1.893153747
	1.860700062	1.860700062	1.802306198	1.816695352	1.788532821
	2.103236276	2.352789106	2.352789106	2.439849752	2.439849752
	2.46232265	2.417279263	2.444945874	2.417279263	2.368229225
	2.405552124	2.456612574	2.413813623	2.259306819	2.337639229
	2.368229225	2.368229225	2.124707753	2.040009691	2.259306819
	2.172383916	2.186573202	2.076177949	2.024401932	1.903748695
	1.972572019	1.82631464	1.737864687	1.935384045	1.975087846
	2.112411675	2.062519346	2.062519346	2.008219842	2.008219842
	1.716197286	2.047937692	2.18552637	2.292425378	2.217606859
	2.287495388	2.217606859	2.149245766	2.326586679	2.292374732
	2.292374732	2.353821752	2.292425378	1.894804343	1.859291508
	1.816695352	1.789974538	1.789974538	1.768328051	2.624880731
	1.756065034	2.180895365	2.293672509	2.352789106	2.439849752
	2.49222697	2.49222697	2.456612574	2.484192254	2.413813623
	2.405552124	2.456612574	2.413813623	2.259306819	2.337639229
	2.38643249	2.128911047	2.1323946	2.23419046	2.288388455
	2.23419046	2.076970911	2.024401932	1.883304264	1.883304264
	1.799621764	1.737864687	1.893221654	1.965004032	2.156287818
	2.112395894	2.050219062	2.029412088	1.994154613	2.524006883
	1.602715667	2.047937692	2.197553086	2.300761465	2.287495388
	2.211534002	2.238957947	2.156287818	2.156287818	2.292374732
	2.197553086	2.305399409	2.202493411	2.313605	1.893221654
	1.845023934	1.827393301	1.789974538	1.786039374	1.768328051
	2.83558839	2.180895365	2.293672509	2.367173583	2.367173583
	2.456281294	2.474584201	2.482499409	2.482499409	2.494608174
	2.422634998	2.452154066	2.37854516	2.38643249	2.37854516
	2.1323946	2.123894986	2.32638656	2.230798805	2.076970911
	1.999937727	1.799621764	1.930286081	1.799621764	1.76864896
	1.89078021	1.910273536	2.045601115	2.119411762	2.045601115
	1.997338665	1.958681765	2.524006883	1.557939095	2.015339874
	2.065016914	2.225245322	2.233969833	2.150225988	2.094363683
	2.164362253	2.238381782	2.202493411	2.202493411	2.164362253
	1.845023934	1.864817741	1.845023934	1.798297982	1.761525431
	1.771925342	1.761525431	3.022464261	2.035025659	2.430194665
	2.430194665	2.462436369	2.490055798	2.517502251	2.483883457
	2.452154066	2.432417814	2.452154066	2.368387942	2.404544148
	2.378271255	2.292443988	2.123894986	2.123894986	2.230798805
	2.066878931	2.070619347	1.930286081	1.862558848	1.913223284
	1.76864896	1.744688441	1.864817741	1.89078021	1.92969125
	2.045601115	2.094363683	2.052839177	1.997338665	1.968294258
	1.94957581	2.328888577	1.543402469	2.065016914	2.065016914
	2.187997601	2.082539662	2.164362253	2.187997601	2.162001355
	2.138533591	1.864817741	1.852662288	1.798297982	1.798297982
	1.763760376	1.744677259	1.728156589	3.354603145	2.190574395
	2.430194665	2.462436369	2.462436369	2.483883457	2.517081267
	2.483883457	2.475332683	2.470918466	2.404544148	2.558603919
	2.292443988	2.390057584	2.390057584	2.292443988	2.439763472
	2.178840427	2.241618359	2.047651415	2.117538451	1.986636142
	1.82554529	1.82554529	2.02430803	1.823966587	1.71483719
	1.837722633	1.92969125	2.02430803	2.082539662	2.006479442
	1.981955527	1.931046847	1.94957581	2.525691302	1.550137669
	1.930861386	2.025267696	2.078238554	2.022583824	2.078238554
	2.03078881	2.168104677	2.138533591	1.837722633	1.834528681
	1.80228847	1.819064533	1.776617684	1.744677259	1.744677259
	1.72097488	3.296317976	2.224506362	2.572664821	2.58301678
	2.579390525	2.564952249	2.579390525	2.476133559	2.475332683
	2.536990798	2.533890534	2.241618359	2.341098165	2.390057584
	2.422972952	2.117538451	2.245158263	2.046688448	2.117538451
	1.986636142	2.171003222	1.82554529	1.894355152	1.696553701
	1.571262869	2.022583824	1.873978037	1.850121513	2.006479442
	2.027931421	1.940355083	1.919062727	1.886361329	2.525691302
	1.539949497	1.930861386	2.03078881	2.078238554	2.022583824
	2.071493515	2.064872001	1.819064533	1.822614724	1.784275852
	1.779051695	1.819064533	1.776617684	1.72097488	1.733487355
	1.754554516	2.476133559	3.557218681	2.406105329	2.586475118
	2.631053542	2.579390525	2.573194459	2.475025507	2.533890534
	2.362434418	2.470259674	2.341098165	2.359097104	2.341098165
	2.245158263	2.113568404	2.038952261	1.962621322	2.113568404
	1.791920696	1.791920696	1.676899361	1.676899361	1.987582791
	2.000793737	1.85723204	1.940355083	1.940355083	1.919062727
	1.843792168	2.461801969	1.590730836	1.970511554	2.037577156
	2.064872001	2.01046758	1.837620279	1.837620279	1.779051695
	1.775316265	1.779051695	1.805537496	1.741714318	1.754554516
	1.752539084	1.754554516	2.481502356	2.5235993	3.835233956
	2.730906533	2.68564723	2.68564723	2.573194459	2.573194459
	2.580036525	2.404670659	2.462093048	2.539387929	2.308797367
	2.308797367	2.244272639	2.113568404	2.031738258	1.879104609
	2.244272639	1.78149483	1.879104609	1.66514514	1.54586137
	1.920198655	1.969709766	1.906274254	1.813449174	1.920198655
	1.878571723	2.461801969	1.925339219	1.952420826	1.952420826
	1.969709766	1.789006323	1.837620279	1.762056746	1.775316265
	1.755187094	1.755187094	1.756951517	1.765283006	1.744324436
	1.712230558	1.734473991	1.757284969	2.580036525	3.835233956
	2.662844027	2.68564723	2.760679187	2.672442314	2.672442314
	2.462093048	2.539387929	2.539387929	2.49145205	2.382375163
	2.308797367	2.244272639	2.092938739	2.031738258	1.874248117
	2.093690769	1.773325305	1.874248117	1.773325305	1.536997577
	1.920198655	1.906274254	1.906274254	1.81006103	1.809606171
	1.853108575	2.840482132	1.901074231	1.907259966	1.952420826
	1.894675735	1.81006103	1.791930835	1.791930835	1.81006103
	1.737932969	1.755187094	1.765283006	1.763477758	1.741290552
	1.733290881	1.744662146	1.734473991	1.734473991	1.762269961
	2.643454977	2.694586674	3.839123751	2.643432688	2.760679187
	2.744583246	2.744583246	2.408753192	2.441920097	2.49145205
	2.643454977	2.291885603	2.368910216	2.242458908	2.109232469
	2.109232469	2.032667375	2.109714865	1.773325305	1.861592052
	2.02929932	1.657444335	1.654244632	1.907259966	1.867134682
	1.870601555	1.771514557	1.853108575	1.867134682	2.745357944
	1.93329158	1.852191461	1.93329158	1.852191461	1.763477758
	1.786348316	1.791930835	1.740662365	1.737932969	1.733528606
	1.745126866	1.741290552	1.726275955	1.737186967	1.733290881
	1.74329907	1.747098729	1.74329907	1.762269961	1.762269961
	2.665712715	2.706794013	2.796839487	4.237779782	3.065616685
	2.813255047	2.796839487	2.441920097	2.441920097	2.579553096
	2.582972435	2.423897193	2.355151828	2.332118584	2.25374165
	2.02929932	2.106041145	2.02929932	2.106041145	1.867987945
	1.770255901	1.950325192	1.673069619	1.673069619	1.898859843
	1.830005942	1.756421542	1.771514557	1.830005942	2.780889651
	1.93329158	1.852191461	1.893732359	1.743309395	1.734743572
	1.740662365	1.765143088	1.745126866	1.745126866	1.712831341
	1.725104147	1.733471876	1.713945973	1.748877955	1.755490091
	1.713564724	1.756022259	1.756022259	2.706794013	2.776608696
	2.931779318	4.330555979	3.124657762	2.931779318	2.483962252
	2.589146788	2.579231787	2.765015873	2.403278464	2.326928002
	2.25374165	2.032575749	2.106041145	2.18323758	2.187373609
	2.187373609	1.773217565	1.874063259	1.87557538	1.673069619
	1.773217565	1.689669559	1.689669559	1.832531072	1.776032192
	1.756421542	1.789139292	2.780889651	1.892204656	1.893732359
	1.832531072	1.733471876	1.695738931	1.789098699	1.760445816
	1.734770739	1.702602978	1.712831341	1.750946689	1.734831121
	1.702602978	1.725104147	1.725104147	1.754473944	1.723239849
	1.7343744	1.7343744	1.728455144	1.758539868	1.761240879
	1.760238687	1.724764122	2.790978473	2.776608696	3.118020287
	4.629741203	3.082561606	2.483962252	2.579231787	2.579231787
	2.790978473	2.589146788	2.326928002	2.319564371	2.321897144
	2.032897106	2.101769794	2.173250556	2.258894122	1.773217565
	2.046056754	1.889439832	1.889439832	1.8217131	1.8217131
	1.71454699	1.832531072	1.847317974	3.189231895	1.911075347
	1.929172999	1.695738931	1.768397138	1.695738931	1.747839705
	1.734770739	1.702602978	1.728519727	1.719576191	1.709612804
	1.709612804	1.757986958	1.760238687	1.723239849	1.7343744
	1.728519727	1.736698722	1.761292407	1.755926316	1.760238687
	2.790978473	3.020125454	3.082561606	4.629741203	2.494673777
	2.799691802	2.60400773	2.877740914	2.799691802	2.319564371
	2.319564371	2.258894122	2.046056754	2.173250556	2.173250556
	2.14905909	2.266466299	1.981545992	2.046056754	1.889439832
	1.847317974	1.604596334	1.82457677	1.84596877	1.84596877
	1.929172999	1.768397138	3.234909408	2.021606161	1.743865053
	1.781895258	1.781895258	1.734648174	1.713994134	1.743123143
	1.719576191	1.719576191	1.732265833	1.761745778	1.752000046
	1.775588555	1.734020965	1.730637801	1.756044792	1.734020965
	1.745439928	1.759111769	3.020125454	3.020125454	4.685375706
	2.494673777	2.796245135	2.494673777	2.694646966	2.933794239
	2.410215976	2.411505567	1.981545992	2.045809307	2.197735687
	2.271893457	2.147335523	2.209863121	1.999747731	1.783708757
	1.749830614	2.041962483	1.84596877	1.759998468	1.766943281
	2.03134171	1.953779367	1.854131153	3.249443824	1.706164467
	1.713994134	1.781895258	1.780135842	1.738663303	1.713994134
	1.743123143	1.730637801	1.732265833	1.779276536	1.789607707
	1.778534104	1.783286487	1.730637801	1.756044792	1.777127136
	1.789306937	1.732376376	2.933794239	3.263399441	4.685375706
	2.410215976	2.594233533	2.796245135	2.59365909	3.100699657
	2.410215976	2.343545732	2.419611781	2.09923561	2.271893457
	2.197735687	2.23063792	2.23063792	2.09923561	2.11710188
	1.823232386	1.823232386	1.913185666	2.045558497	2.059301386
	1.780031026	1.785453719	1.785453719	1.783811374	1.953779367
	1.953779367	1.839335951	3.335402246	1.751433971	1.740203283
	1.83532831	1.780135842	1.74898388	1.75727229	1.72267748
	1.72267748	1.775237527	1.755771947	1.783287061	1.779276536
	1.779276536	1.789607707	1.804816281	1.790895547	1.784370955
	1.790895547	1.800226466	1.811131408	3.329472499	3.329472499
	4.896076891	2.60584783	2.95486841	2.714951207	2.95486841
	3.112284396	2.419611781	2.36865351	2.60584783	2.227455386
	2.302857434	2.227455386	2.36865351	2.182360074	2.182360074
	1.869309401	1.869309401	1.952324898	2.082427375	2.12420432
	2.085077026	1.81053934	1.770459664	1.785453719	1.781961978
	1.815632792	1.961061313	1.867516932	1.961061313	3.659401867
	1.738014679	1.740203283	1.777467676	1.905338573	1.860247434
	1.748259765	1.783383828	1.783383828	1.787680267	1.80048941
	1.793202369	1.804816281	1.800226466	1.805669006	1.804590671
	1.766157745	1.797290454	1.833736927	3.329472499	6.108276314
	2.60584783	2.830586303	2.95486841	2.830586303	3.112284396
	2.520566582	2.520566582	2.227455386	2.256718633	2.387676674
	2.302857434	2.490971915	2.208801005	1.853710034	1.869309401
	1.874294276	2.120976933	2.175934433	2.175934433	1.81640074
	1.839211014	1.809689602	1.819546759	1.848786942	1.839476502
	1.961061313	2.054740481	3.32278839	1.777467676	1.777467676
	1.944025948	1.860247434	1.808294934	1.833736927	1.809206243
	1.80048941	1.80048941	1.77521741	1.849590461	1.866082303
	1.867023432	1.867023432	1.839337937	1.842933663	1.833736927
	1.839337937	1.82697904	1.849420897	3.120139078	4.962693618
	2.607771416	2.82516702	2.830586303	2.821195107	3.133468979
	2.520566582	2.278908386	2.351003008	2.296856951	2.387676674
	2.490971915	2.278908386	2.278908386	2.606463648	1.917953185
	2.02998239	2.02998239	2.093036886	2.207875166	2.207875166
	1.827559936	1.839211014	1.864484153	1.852994812	1.839476502
	1.865874895	1.865874895	1.883490457	2.054740481	3.32278839
	1.839841102	1.800268291	2.037939186	1.847891458	1.809206243
	1.800268291	1.847891458	1.849590461	1.880511357	1.898641143
	1.926641715	1.884023412	1.884023412	1.849420897	1.862329987
	1.906415478	1.870678582	3.215199225	4.88690599	2.818306363
	2.808608771	2.808608771	2.9220641	2.501613758	2.606463648
	2.350619703	2.383808817	2.403997008	2.501613758	2.265196103
	2.350619703	2.606463648	2.738528374	2.027769779	2.027769779
	2.02998239	2.180203991	2.180203991	2.207875166	2.279007473
	2.3700796	1.872603071	1.890326062	1.918696474	1.835135041
	1.870149744	1.899654051	1.880684843	1.918696474	1.950914259
	1.962371132	1.950914259	1.883490457	1.865874895	1.916404774
	1.883490457	2.037939186	3.224046315	1.908677563	1.860915568
	1.962656025	1.844157504	1.847891458	1.87981017	1.822529751
	1.902904879	1.946396889	1.926641715	1.898641143	1.969595142
	1.884023412	1.897115514	1.906415478	1.945595599	3.172044825
	4.76816321	2.786314445	2.886095617	3.016883644	2.501613758
	2.602193014	2.461580554	2.461580554	2.512039568	2.524712004
	2.322926416	2.602193014	2.65868299	2.611899946	2.16958785
	2.027769779	1.980552171	2.16958785	2.180203991	2.346062246
	2.260915239	2.322926416	2.3700796	2.382692436	1.896201744
	1.911629654	1.920645551	1.880684843	1.879963594	1.920154434
	1.896201744	1.99317806	1.974564283	1.981450819	1.995974868
	1.935450932	1.962371132	1.94892058	1.962371132	1.996305644
	1.99317806	1.938219605	1.916404774	1.916404774	1.960320518
	1.961153031	3.313490179	1.866594798	1.928696691	1.928696691
	1.870203558	1.87981017	1.87981017	1.890736137	1.938219605
	1.946396889	1.995300572	1.969595142	1.95687829	1.952835156
	1.95687829	1.945595599	3.16559421	4.76816321	2.886095617
	2.786314445	3.016883644	2.58036709	2.461580554	2.508475426
	2.58036709	2.699437989	2.699437989	2.621555798	2.203775303
	2.205050395	2.164942402	2.131869772	2.364328698	2.243576995
	2.326992574	2.326992574	2.382692436	2.475065319	2.382692436
	1.896201744	1.911629654	1.926327382	1.893812934	1.947939167
	1.967880693	1.938526071	1.99317806	1.986614488	1.992494791
	1.98207169	1.94892058	1.972880288	1.951491801	2.003485793
	2.003485793	2.000886037	2.000600205	2.001394716	1.992422598
	1.996639196	1.988930377	1.976169999	1.975416014	1.975416014
	1.950136019	3.08970424	1.870203558	1.928696691	1.870203558
	1.88919567	1.957622213	1.927886506	1.997796049	1.988930377
	2.036498203	2.01667157	1.95687829	1.99543642	2.010356622
	3.109882121	4.760638387	2.888358933	2.756445686	2.892223831
	2.58036709	2.475065319	2.508475426	2.708518239	2.621555798
	2.621555798	2.203775303	2.203775303	2.239824329	2.208341981
	2.181750774	2.364328698	2.364328698	2.343252562	2.343252562
	2.514942209	2.428687874	2.48015949	1.955151448	1.955151448
	1.947318677	1.947939167	1.979174165	1.967880693	1.949353807
	1.997026904	1.986867949	1.986867949	1.983525002	1.967154457
	1.967154457	1.996140843	2.000886037	1.999763446	2.001394716
	2.001874014	2.000566986	2.001874014	1.997560096	1.996639196
	1.998087953	1.988930377	1.991330303	1.975416014	2.000329742
	1.881510555	3.08970424	1.923557704	1.906666933	1.923557704
	1.99543642	2.0076032	2.0076032	1.963920584	2.01667157
	2.036498203	2.012416244	2.036498203	2.054627406	2.054627406
	1.998581141	2.892223831	4.567341161	2.779827017	2.756445686
	2.808926655	2.651236059	2.561180804	2.651236059	2.611882244
	2.430677148	2.67469004	2.335817053	2.308833539	2.248189898
	2.212575752	2.234303561	2.224772762	2.422001795	2.350399072
	2.343252562	2.561180804	2.486916385	2.491572279	1.955151448
	1.986406028	1.986406028	1.979174165	1.979174165	2.029372425
	1.975508104	1.998536123	1.998536123	1.983525002	1.975284019
	1.982998358	1.996140843	1.998087953	1.997783239	1.998780777
	1.999167783	2.001874014	1.999584069	2.004452217	1.998087953
	2.0244505	2.029372425	2.064733215	1.731415973	2.962959242
	1.923557704	1.965576719	1.963920584	2.051665739	2.0076032
	2.017149815	2.065831866	2.046266234	2.085682662	2.085682662
	2.054627406	2.075833237	2.755014652	4.057257774	2.761326029
	2.66470055	2.808926655	2.611882244	2.571388151	2.588870809
	2.556225919	2.452206971	2.452206971	2.63851405	2.335817053
	2.335817053	2.308833539	2.316777296	2.234303561	2.224772762
	2.224772762	2.66470055	2.422001795	2.407116725	2.571388151
	2.518915521	2.529817919	1.975508104	2.009477442	1.990846041
	2.074219019	2.045768135	1.986658247	2.045768135	1.996449754
	1.998536123	1.994913894	1.994913894	2.014861993	2.009096987
	2.003210097	2.002218876	1.998780777	1.998780777	2.004841461
	2.001684465	2.001684465	2.004452217	2.005550759	2.009096987
	2.064733215	2.064733215	1.731415973	2.70309087	1.996299517
	1.957370659	1.996299517	2.096641105	2.051665739	2.030775499
	2.097441852	2.113019879	2.106026069	2.110753966	2.147638301
	2.125461447	2.755014652	3.763157018	2.66470055	2.645682176
	2.588870809	2.588870809	2.434634152	2.529817919	2.494945693
	2.494945693	2.601499577	2.406565005	2.406565005	2.363487162
	2.34547683	2.346353092	2.325594215	2.327699956	2.604247481
	2.456521659	2.456521659	2.560935003	2.523460312	2.529817919
	2.010616477	2.113594146	2.009477442	2.010717856	2.076957683
	2.045768135	2.029266591	2.029266591	2.010616477	2.027188104
	2.032368036	2.014861993	2.020446044	2.023591311	1.994993729
	1.9992128	2.006667211	1.9992128	2.005550759	2.012977459
	2.020446044	2.012977459	2.113019879	1.957370659	3.018013868
	1.996299517	1.910480977	2.018730123	2.125461447	2.096641105
	2.061773047	2.139062101	2.134937812	2.106026069	2.178423945
	2.178423945	2.163399994	2.760221897	3.661319828	2.677891438
	2.645682176	2.577095839	2.554720001	2.552064874	2.494945693
	2.47615006	2.47615006	2.577095839	2.40629794	2.406565005
	2.363487162	2.363487162	2.34547683	2.325594215	2.373270813
	2.325594215	2.530259406	2.456521659	2.560935003	2.549022771
	2.534219442	2.549022771	2.142183443	2.142183443	2.025915615
	2.030986092	2.113594146	2.06467639	2.06467639	2.086108845
	2.05618777	2.060154504	2.158927454	2.032368036	2.06105012
	2.032368036	2.020446044	1.995569276	2.000647089	2.00446695
	2.010424547	2.027293773	2.015995993	2.024492827	2.024492827
	2.172840294	1.910480977	2.740881656	2.018730123	1.86440884
	2.018730123	2.087789977	2.164010398	2.164010398	2.082514257
	2.172840294	2.184073269	2.211001572	2.22281346	2.195078144
	2.478017538	3.374106845	2.530259406	2.53913305	2.554720001
	2.554720001	2.520593677	2.482214321	2.496863888	2.504297352
	2.464911208	2.408474925	2.408474925	2.428458715	2.416198007
	2.407877336	2.413850303	2.373270813	2.504297352	2.489577805
	2.464911208	2.529800392	2.549022771	2.520593677	2.502411949
	2.525254439	2.198374525	2.158927454	2.040987759	2.040987759
	2.145061619	2.06467639	2.086108845	2.144070547	2.051053058
	2.051053058	2.074010708	2.064037158	2.052864975	2.000647089
	2.002870911	2.012206425	2.00774945	2.03466497	2.027293773
	2.025751591	2.025751591	2.198374525	2.211921113	1.557648463
	2.740881656	1.97690121	1.88283833	2.104693037	2.236587137
	2.178149583	2.210058026	2.211921113	2.211001572	2.211001572
	2.236031301	2.28542946	3.069170816	2.405667905	2.405667905
	2.535641438	2.477343284	2.514102164	2.496863888	2.504297352
	2.452788446	2.433561941	2.433561941	2.453463647	2.448210077
	2.446442368	2.407877336	2.44404649	2.440077566	2.492604834
	2.473877193	2.482174225	2.530136148	2.535641438	2.530136148
	2.504568437	2.490649548	2.499508479	2.198374525	2.182006407
	2.075544999	2.144070547	2.130979926	2.17008487	2.17008487
	2.095208453	2.074559512	2.124466173	2.095208453	2.06687486
	2.002870911	2.002870911	2.062989891	2.022434083	2.03284741
	2.025751591	2.260059774	2.251248422	2.251248422	1.476477772
	2.560986776	1.97690121	1.925344925	2.071574421	2.236031301
	2.210058026	2.196537187	2.274500827	2.27438398	2.236031301
	1.967393507	3.069170816	2.405667905	2.218804082	2.455989668
	2.490588946	2.497912363	2.420778471	2.472312256	2.472312256
	2.47101146	2.481427583	2.474767603	2.446442368	2.446442368
	2.473367309	2.314086452	2.481900548	2.490642315	2.481900548
	2.530136148	2.455989668	2.489848787	2.474839938	2.474839938
	2.499508479	2.253249457	2.241627087	2.095749456	2.095749456
	2.195341631	2.161214497	2.183844226	2.095208453	2.137002166
	2.130223687	2.084329745	2.0064956	2.009049154	2.009049154
	2.062989891	2.062989891	2.022434083	2.03284741	2.260059774
	2.314601989	2.314601989	2.260059774	1.925344925	2.335999355
	2.027602434	1.960971286	2.226479993	2.27304272	2.267718475
	2.226479993	2.274500827	2.304981374	2.304981374	2.218804082
	2.660683611	2.229707333	2.229707333	2.404404269	2.481532132
	2.480301847	2.365325524	2.490642315	2.49150613	2.521156376
	2.497980511	2.523369552	2.497796875	2.513856974	2.509395954
	2.314086452	2.470522802	2.483768598	2.490642315	2.464835404
	2.439846418	2.390120054	2.474839938	2.448437816	2.432205576
	2.480301847	2.446261439	2.241627087	2.224042833	2.095749456
	2.138441874	2.158320567	2.222119786	2.183844226	2.183844226
	2.158320567	2.084329745	2.101066716	2.008539748	2.009049154
	2.015927054	2.02408943	2.062327707	2.052655584	2.028071964
	2.301180588	2.303019949	2.332683722	2.341478888	1.960971286
	2.461930579	2.135312999	1.960971286	2.226479993	2.27304272
	2.291507365	2.291507365	2.304981374	2.315354734	1.855431785
	2.569886598	2.229707333	1.992920953	2.365325524	2.481532132
	2.365325524	2.483768598	2.49150613	2.497980511	2.558822082
	2.550479522	2.497796875	2.569535991	2.497796875	2.492480861
	2.494216419	2.224623083	2.464835404	2.483768598	2.464835404
	2.433476085	2.397280176	2.33806077	2.410877714	2.397280176
	2.385248007	2.405977144	2.446261439	2.295115638	2.243559427
	2.243559427	2.107072452	2.138441874	2.174848521	2.194096008
	2.194096008	2.124381475	2.101066716	2.083198349	2.083198349
	2.011566511	2.011566511	2.019511946	2.019511946	2.07025516
	2.049143463	2.060911287	2.295115638	2.342037415	2.324295304
	2.377436154	2.341478888	1.52840792	2.37807148	2.047703679
	2.075721363	2.221242655	2.327164099	2.350560481	2.351284661
	2.342220768	2.391709232	2.384147611	1.992920953	2.569886598
	2.027480602	2.027480602	2.208671777	2.200588652	2.448962752
	2.486762355	2.504855991	2.512503413	2.570396013	2.596213977
	2.596213977	2.590366681	2.511717448	2.514075905	2.494216419
	2.494216419	2.023959698	2.433476085	2.470519016	2.448962752
	2.433476085	2.397280176	2.33067725	2.325557395	2.354474453
	2.385248007	2.405977144	2.346176266	2.310568522	2.2749431
	2.236087	2.2749431	2.164151899	2.174848521	2.174848521
	2.133467605	2.133467605	2.090046459	2.334875235	2.012543495
	2.012543495	2.019511946	2.028731157	2.048191837	2.048191837
	2.090046459	2.377436154	2.342037415	2.359940212	2.388456522
	2.388456522	1.624821664	2.594546244	2.221242655	2.221242655
	2.363789432	2.391709232	2.41692622	2.391709232	2.408823617
	1.895493189	1.895493189	2.642393156	2.023959698	2.103024507
	2.200588652	2.441567987	2.458661727	2.514038665	2.519920546
	2.654128772	2.596213977	2.641112928	2.590366681	2.590366681
	2.515127238	2.470519016	1.961780804	2.103024507	2.410949869
	2.470519016	2.410949869	2.353568401	2.31513509	2.20630222
	2.093958734	2.20630222	2.31513509	2.339272624	2.292201435
	2.346176266	2.346176266	2.304106842	2.2749431	2.246837007
	2.246837007	2.188868512	2.214827502	2.133467605	2.179925092
	2.090046459	2.359940212	2.339846074	2.008719489	2.011602896
	2.021783157	2.048191837	2.061791074	2.061791074	2.115007093
	2.418008752	2.359940212	2.388456522	2.420425917	2.097866466
	2.723573252	2.16433843	2.16433843	2.363789432	2.408823617
	2.441500333	2.417605857	2.434357477	2.441500333	1.895493189
	1.886441864	2.424345401	1.961780804	2.103024507	2.381751752
	2.55299298	2.55299298	2.678949169	2.678949169	2.680770612
	2.59961923	2.581446825	2.524951779	2.463728008	2.491642214
	1.961780804	2.020629145	2.353530416	2.353568401	2.463728008
	2.404317676	2.381751752	2.353530416	2.34929698	2.241987729
	2.093958734	2.20630222	2.09716945	2.280276489	2.320777805
	2.159362151	2.268531919	2.268531919	2.304106842	2.266346904
	2.242617135	2.215957237	2.215957237	2.138863417	2.195560156
	2.154014297	2.357381148	2.339846074	2.006685207	2.021783157
	2.021783157	2.039351667	2.063511297	2.065943562	2.115007093
	2.42186573	2.426692617	2.426692617	2.420624251	1.751049683
	2.80503336	2.203109701	2.324066755	2.346381482	2.455536573
	2.452776034	2.436101913	2.452776034	1.399798664	1.726071285
	2.23953156	1.78086053	1.915080762	2.55299298	2.564364919
	2.738852702	2.678949169	2.675582518	2.639257716	2.639257716
	2.630128383	2.584070853	2.55743294	2.47124425	2.463728008
	2.409995684	1.893934336	1.910642564	2.328618491	2.315741641
	2.341220149	2.34168893	2.319970823	2.217385349	2.020402006
	2.164012735	2.164012735	2.159362151	2.228098886	2.159362151
	2.268531919	2.208378826	2.292867762	2.266346904	2.242617135
	2.242617135	2.205323366	2.154014297	2.154014297	2.35922487
	2.35922487	2.008138359	2.008138359	2.039351667	2.039351667
	2.063511297	2.090743283	2.127265649	2.426692617	2.427515601
	2.427515601	1.751049683	3.141586204	2.292771777	2.314189402
	2.460160064	2.446167025	2.452776034	2.505001938	2.498345281
	1.379530427	1.763309605	2.155855879	1.819027488	1.910642564
	2.55743294	2.802232205	2.802232205	2.733617402	2.792009754
	2.727717117	2.495724196	2.630128383	2.560592583	2.560592583
	2.409995684	2.409995684	2.338515842	1.758475814	1.747679414
	2.264962717	2.319970823	2.34168893	2.34168893	2.162863517
	2.162863517	2.020402006	2.020402006	2.100777871	2.096067544
	2.096067544	2.139892473	2.139892473	2.130496655	2.187531328
	2.323731289	2.242488876	2.242488876	2.161902426	2.379158217
	2.392946488	2.361735882	1.995218445	2.001108005	2.014498902
	2.031418082	2.090743283	2.090743283	2.170674747	2.457855632
	2.483200882	2.428757507	2.44497226	1.893923974	3.141586204
	2.292771777	2.459395157	2.448563761	2.503576049	2.498345281
	2.566461489	1.354383233	1.611697749	2.155855879	1.651467337
	1.763140121	2.447083773	2.15051149	2.90428135	2.802232205
	2.80678049	2.792009754	1.822203539	2.727717117	2.720431192
	2.498837126	2.606656324	2.548336384	2.400669385	2.37029523
	2.338515842	1.758475814	1.758475814	2.15051149	2.248604553
	2.269766203	2.162863517	2.03905169	2.056582271	1.861877048
	2.007881393	2.02582437	2.018908506	2.139892473	2.056582271
	2.234224058	2.279526973	2.242488876	2.170674747	2.382104911
	2.369173263	2.286302373	1.990191242	1.990191242	1.996435374
	2.031418082	2.066711783	2.138279906	2.14334676	2.384613653
	2.486540175	2.505686717	2.484966778	2.109108117	3.418544074
	2.459395157	2.459395157	2.574869153	2.556676443	2.573124506
	2.555165638	2.57750077	1.371072824	1.651467337	2.167593802
	1.651467337	1.763140121	1.822203539	2.15051149	2.177665579
	2.859712367	2.903857381	2.903857381	2.783817234	2.720431192
	1.861877048	2.609572685	2.609572685	2.400669385	2.548336384
	2.548336384	2.33086034	2.284664271	2.284664271	1.666006618
	1.590441429	2.084876797	2.177665579	2.026891005	1.980727457
	2.026891005	1.966118033	1.966118033	1.895694601	1.939938838
	1.926030578	1.957406068	2.225010909	2.249031098	2.225010909
	2.334267655	2.384613653	2.286302373	2.384613653	1.975931546
	1.996435374	1.996435374	2.060688643	2.060688643	2.104404499
	2.143788667	2.555165638	2.426122541	2.426122541	2.109108117
	4.368458446	2.618513274	2.574869153	2.574869153	2.573124506
	2.555165638	2.498814126	2.534967208	2.627824824	1.291734868
	1.518996827	2.375834599	1.587707845	1.666006618	1.751925259
	1.710571543	2.054032961	2.214451813	2.33086034	3.047536166
	3.004576079	2.988529237	2.988529237	2.742587249	2.717278755
	1.895694601	2.609572685	2.36880425	2.471944767	2.33086034
	2.190066768	2.104188427	1.579719769	1.54921707	2.045999544
	2.013680735	2.026891005	1.96377346	1.89588274	1.957406068
	1.91908421	1.895694601	1.896906401	1.957406068	1.708293586
	2.392569306	2.18082347	2.225010909	2.334267655	2.280905805
	2.392569306	1.959522853	1.982728712	1.982728712	2.010949249
	2.010949249	2.143788667	2.143788667	2.437924066	2.426122541
	2.507222194	2.618513274	3.704275583	2.572416242	2.672179087
	2.606518579	2.534967208	2.502666353	2.502666353	2.640740184
	1.345767828	1.518996827	2.165560008	1.54921707	1.611312472
	1.612056347	1.708293586	2.045999544	2.140397365	2.268366597
	2.268366597	1.51944851	4.012612562	3.075007058	3.222722325
	2.881620862	3.075007058	2.642388642	2.642388642	2.532191122
	1.783870273	2.471944767	2.190066768	2.190066768	2.007454431
	2.007454431	1.54921707	2.045999544	1.964946169	1.944774306
	1.951867423	1.900821872	1.89588274	1.824040624	1.864832429
	1.853397054	1.767987514	1.863394597	1.708293586	2.384446278
	2.232653827	2.232653827	2.273118025	2.277886762	2.355065951
	1.921186174	1.915337519	1.95005218	2.010949249	1.993430713
	2.090708978	2.192423428	2.192423428	2.417325957	2.417325957
	2.471289727	2.734559135	3.704275583	2.760123139	2.672179087
	2.802763534	2.640740184	2.558121571	2.471289727	2.502666353
	2.681266606	1.345767828	1.515067139	2.165560008	1.505642753
	1.569104625	1.612056347	1.612056347	1.569104625	2.268366597
	2.301271461	1.767987514	1.51944851	2.532191122	4.012612562
	4.012612562	3.075007058	3.210916821	2.650171762	2.869008571
	2.642388642	2.332276016	1.671076755	2.301271461	2.08350216
	2.07472715	1.981043167	1.933102263	1.933102263	1.505642753
	1.877937694	1.852586981	1.838620886	1.814265806	1.900821872
	1.824040624	1.824040624	1.847597462	1.794756843	1.767987514
	1.596355538	2.355065951	2.259874395	2.259874395	2.355065951
	1.857679247	1.857679247	1.95005218	1.993430713	2.037132914
	2.037132914	2.199512294	2.14351416	2.417325957	2.471289727
	2.753829397	4.191402449	2.760123139	2.794481283	2.453366067
	2.794481283	2.600484702	2.600484702	2.563026511	2.504547931
	2.646554884	1.453067491	1.515067139	2.312926225	1.466460205
	1.569104625	1.509189759	1.469060461	1.500856886	1.452899898
	2.301271461	1.682502228	1.486855239	2.397270956	4.732177715
	3.493197842	3.20449404	2.869008571	2.789038802	2.504988839
	2.58136685	2.504988839	2.397270956	2.332276016	1.619418739
	2.181515939	2.034620369	1.99724893	1.99724893	1.953997045
	1.933102263	1.814598961	1.407674167	1.398037485	1.877937694
	1.780390021	1.758461796	1.814265806	1.787101899	1.749229891
	1.725367889	1.663246988	1.763913341	1.619418739	1.647467873
	1.663246988	1.596355538	1.469060461	2.364914663	2.32706176
	2.25205427	1.857679247	1.93243697	1.98098925	2.25205427
	1.98098925	2.020513441	2.085436465	2.085436465	2.322823762
	2.308965642	2.753829397	4.191402449	2.932722328	2.942697096
	2.448959887	2.473345517	2.676011834	2.600484702	2.50632274
	2.676011834	1.396239621	1.482775793	2.312926225	1.407674167
	1.439659498	1.424048822	1.469060461	1.452899898	2.803189152
	2.803189152	2.405115381	2.504988839	2.452484957	2.338806859
	2.208221682	2.163244483	1.540634743	2.013228872	2.037920412
	1.99724893	1.846531124	1.794094377	1.79405131	1.398037485
	1.398037485	1.381510065	1.780390021	1.758461796	1.758461796
	1.714807293	1.714418753	1.725367889	1.608548174	1.663246988
	1.627492203	1.497434698	1.647467873	1.497434698	1.345194945
	2.322823762	2.25205427	1.819397154	2.198386032	1.834034354
	1.96280207	2.198386032	2.020513441	2.013379726	2.085436465
	2.391721732	2.308965642	2.308965642	3.277928166	4.862659266
	2.932722328	2.834895224	2.528465839	2.391721732	2.761839702
	2.528465839	2.697630193	1.348360921	1.411097596	2.454293232
	1.411097596	1.394317653	1.381510065	1.375515451	2.405115381
	2.143545048	2.29190073	2.452484957	2.110342788	2.143545048
	1.540634743	1.920621368	1.961183809	1.89855284	1.79405131
	1.780543084	1.79405131	1.34200133	1.343411325	1.34200133
	1.381510065	1.734497663	1.710712149	1.637435292	1.645859049
	1.611443964	1.611443964	1.584936956	1.578285876	1.521437832
	1.515275165	1.497434698	1.488668378	1.394317653	1.30033293
	1.369369877	2.251045273	2.200578129	1.832001194	2.12571527
	1.801113106	1.894142761	2.131415942	2.013379726	2.013379726
	2.319862769	2.329032956	2.31416022	2.253168973	3.142597243
	4.862659266	3.025768425	2.77441944	2.773172533	3.025768425
	2.528465839	2.466580781	2.466580781	2.697630193	2.61904088
	2.683185156	1.385536697	1.392764461	2.493551683	1.392764461
	1.375515451	1.339313215	1.375515451	2.053462903	2.192355516
	2.110342788	2.043802295	2.043802295	1.447561547	1.920621368
	1.920621368	1.657421439	1.809550157	1.759238177	1.724497385
	1.775797334	1.29516895	1.34200133	1.36531546	1.268250855
	1.297067608	1.27939054	1.618597316	1.637435292	1.637435292
	1.584936956	1.54927169	1.54927169	1.584936956	1.521437832
	1.462875003	1.502863015	1.447561547	1.437173876	1.338974723
	1.27939054	1.2579007	1.338974723	2.200578129	2.12571527
	1.801113106	2.12571527	1.801113106	1.869245741	1.920191769
	1.920191769	2.329032956	2.329032956	2.253168973	2.197701396
	3.179875639	4.923421209	3.013241458	2.773172533	2.941950757
	2.392462726	2.624611416	2.466580781	2.392462726	2.456931757
	2.624611416	2.576116838	2.696642459	1.399968091	1.392764461
	2.436585744	1.36531546	1.271185034	1.271185034	1.447561547
	1.862716873	1.657421439	1.609305833	1.810853359	1.761624846
	1.709689877	1.289351565	1.340101791	1.24515362	1.257656215
	1.297067608	1.27939054	1.561711842	1.618597316	1.6320886
	1.473316255	1.441566257	1.432944502	1.476221427	1.463263229
	1.452446063	1.436960147	1.391581473	1.437173876	1.437173876
	1.338974723	1.2579007	1.24515362	1.281817702	2.182967377
	2.061786586	1.769983566	1.984018509	1.773932049	1.850682463
	1.920191769	2.173676813	2.109435144	2.197701396	3.280366002
	4.923421209	3.280366002	2.941950757	2.826974088	2.260280244
	2.330499852	2.503024693	2.416989324	2.503024693	2.717061208
	1.399968091	1.502176169	2.523120141	1.392721175	1.364777402
	1.256430995	1.271185034	1.253081829	1.314721315	1.24515362
	1.274259224	1.256579219	1.511204672	1.523428345	1.473316255
	1.436960147	1.383593633	1.376239173	1.452446063	1.402517963
	1.436960147	1.362304616	1.362304616	1.323998409	1.281817702
	1.215393535	1.208275202	1.224201868	1.228356616	1.230983102
	1.279633973	2.055755804	2.055755804	1.659603679	1.903318672
	1.823157022	1.825626706	2.182607811	2.174668515	2.109435144
	2.040909844	5.376110328	3.280366002	3.634433041	3.148953358
	2.962968933	2.826974088	2.70387061	2.260280244	2.330871141
	2.501482073	2.416989324	2.501482073	1.392721175	1.483396399
	2.180596047	1.395532558	1.290784973	1.209803525	1.213049349
	1.228356616	1.20151254	1.465824188	1.419603614	1.383593633
	1.376239173	1.376239173	1.171265849	1.35117231	1.295279796
	1.385615306	1.311347019	1.311347019	1.229369825	1.17768712
	1.224201868	1.301566602	1.217925032	1.18913988	1.217925032
	1.229415152	1.172653322	1.209803525	2.040909844	1.872692296
	1.619892712	1.804119759	1.804119759	2.181493962	2.116309668
	2.116309668	2.038847787	2.029157451	5.376110328	3.09066625
	3.865253394	3.09066625	3.089822972	2.816686073	2.70387061
	2.70387061	2.251715852	2.419602184	2.5042185	2.324821832
	2.419602184	2.501482073	1.395532558	1.448750472	2.110713261
	1.369442216	1.179542677	1.179542677	1.379188227	1.376779303
	1.160161171	1.18913988	1.295279796	1.295279796	1.294253016
	1.224987401	1.259088229	1.191587244	1.15510802	1.163456549
	1.301566602	1.217925032	1.241517986	1.18913988	1.19269804
	1.143500191	1.147664527	1.872692296	1.872692296	1.685666824
	1.782318965	2.181493962	2.181493962	1.993446907	1.993446907
	1.993446907	5.129259649	3.326254291	3.159715147	3.09066625
	2.940019874	2.956280446	2.837618554	2.718189584	2.602556173
	2.251715852	2.602556173	2.425560136	2.425560136	1.398239133
	1.515230772	2.503803002	1.398239133	2.503803002	1.163456549
	1.293760131	1.154340866	1.160161171	1.154050352	1.293760131
	1.259088229	1.294253016	1.226043372	1.22359267	1.192340579
	1.139272028	1.255957203	1.241517986	1.241517986	1.189299549
	1.146983308	1.142948379	1.146385109	1.141645995	1.141645995
	1.86497267	1.776900758	1.673742448	1.666827881	2.18705818
	2.110281162	1.950027873	1.950027873	5.093603209	3.326254291
	2.973478809	2.940019874	2.937385948	2.723553517	2.718189584
	2.518644834	2.260328086	2.352311232	2.425560136	2.18705818
	1.398239133	1.42347768	1.42347768	1.332918331	1.332918331
	1.384433768	2.434596026	1.120189446	1.154340866	1.138659808
	1.256729284	1.22359267	1.16547181	1.22359267	1.142450114
	1.120189446	1.12086952	1.189299549	1.307036934	1.257459844
	1.257459844	1.130907511	1.140152753	1.153595361	1.142948379
	1.123590008	1.130572303	1.141645995	1.856700479	1.654582525
	1.530393328	1.530393328	2.18705818	2.027231939	2.112524694
	1.950027873	2.023643676	1.867035122	5.255803813	3.284899619
	3.117676621	2.939180748	2.973478809	2.723553517	2.723553517
	2.731574989	2.519990693	2.356967383	2.274268856	2.356967383
	2.274268856	1.457401927	1.308169838	1.37940741	1.457401927
	1.3629968	2.434596026	1.114134788	1.130593437	1.190979043
	1.166723891	1.166320238	1.128988572	1.12086952	1.12086952
	1.130907511	1.107726937	1.191257951	1.265007527	1.265007527
	1.130244119	1.153595361	1.156419915	1.173828007	1.128988572
	1.124885137	1.123590008	1.107770146	1.652443846	1.650668652
	1.530393328	2.050179987	1.872133798	2.027231939	2.051126503
	1.872133798	1.780635794	4.717667351	3.145891876	3.207981407
	2.791892091	2.791892091	2.791892091	2.719300294	2.622469966
	2.53094473	2.356967383	2.458827151	2.274268856	2.222779664
	2.223936221	2.37541413	2.42491517	1.37940741	1.333870595
	1.420776469	1.3632651	1.422823947	1.3629968	1.109242765
	1.166320238	1.128988572	1.122580813	1.110892981	1.100891577
	1.234199398	1.265007527	1.25180775	1.109242765	1.137101563
	1.156419915	1.156419915	1.219807792	1.114184515	1.109854014
	1.10622282	1.107770146	1.648121182	1.648121182	1.969514882
	1.872133798	1.95441721	1.780635794	1.780635794	2.080448502
	4.717667351	3.145891876	4.291141669	4.02823998	3.145891876
	2.78755119	2.78755119	2.793725266	2.800855818	2.624763493
	2.648528431	2.474923506	2.474923506	2.379313712	2.222779664
	2.242755355	2.175342237	4.02823998	2.426311621	1.519378422
	1.484096349	2.148064375	1.3632651	1.422823947	1.374314328
	1.371205373	1.422823947	1.484096349	1.109242765	1.122580813
	1.100891577	1.296942931	1.234199398	1.25180775	1.106785203
	1.219807792	1.123205198	1.108924702	1.123205198	1.137101563
	1.161731288	1.186825551	1.219807792	1.10786744	1.106785203
	1.104127698	1.523029352	1.786033803	1.969514882	1.89755165
	1.692250111	2.012090745	2.107335998	3.06857356	2.951418864
	2.942413938	2.878798881	2.951418864	2.78755119	2.708615422
	2.731729272	2.711977609	2.582831818	2.495829314	2.495829314
	2.379313712	2.242755355	2.266314429	2.107335998	2.556373249
	3.494414864	2.148064375	2.133479707	2.212596667	2.239969464
	2.274809492	2.41555377	2.331653274	1.519378422	1.519602647
	1.484096349	1.517588512	1.349223286	1.427024546	1.394735113
	1.434509275	1.106049527	1.295253379	1.254657957	1.302269894
	1.106014736	1.254657957	1.123205198	1.116767094	1.162868816
	1.170578762	1.201541493	1.233419124	1.225753997	1.106014736
	1.106049527	1.571738871	1.89755165	1.89755165	1.692250111
	1.931875472	2.012090745	2.107335998	2.876339271	2.723323517
	2.878798881	2.635469773	2.723323517	2.671376911	2.656693388
	2.582831818	2.582831818	2.482641609	2.389050582	2.389050582
	2.266314429	2.196193988	2.136412854	3.234569866	3.120364621
	2.609385067	2.346899482	2.609385067	2.474066771	2.346899482
	2.628421375	2.326658994	1.49602439	1.553520818	1.641032023
	1.348669132	1.43917426	1.377982741	1.36876628	1.517588512
	1.545959515	1.477773162	1.567895269	1.370130707	1.370130707
	1.41750253	1.432937974	1.499937076	1.106049527	1.336321981
	1.254657957	1.106014736	1.252807278	1.14057922	1.133203806
	1.170578762	1.162868816	1.225002192	1.236673865	1.303354372
	1.110505277	1.11443445	1.717386405	1.931875472	1.721945346
	2.034572401	2.034572401	2.140083157	2.687831457	2.723323517
	2.652460073	2.635469773	2.724930664	2.65822774	2.671376911
	2.531264031	2.531264031	2.452705787	2.389050582	2.278988063
	2.278988063	2.204194816	2.140083157	2.493311819	1.967031438
	1.852611973	1.505096111	2.138738878	1.589380078	2.44312574
	2.493311819	1.848416663	1.567895269	1.639837804	1.641032023
	1.788865596	1.74671227	1.74671227	1.545959515	1.545959515
	1.557499247	1.645422669	1.37859317	1.370130707	1.392414829
	1.432937974	1.432937974	1.499937076	1.11443445	1.336321981
	1.117020158	1.303354372	2.541854388	1.148677135	1.18738566
	1.154937553	1.226518058	1.342400995	1.267188573	1.120693475
	1.147162324	1.132093008	1.649582038	1.975096897	1.649582038
	1.975096897	2.080868423	2.648562383	2.648562383	2.652460073
	2.621419004	2.65822774	2.65822774	2.604190145	2.430568409
	2.426900183	2.369476993	2.16550107	2.33458643	2.271876797
	2.16550107	2.355333847	2.257600763	2.165029917	1.848416663
	2.052192229	2.522435681	2.436416257	1.963305693	1.639837804
	1.769171852	1.805370449	1.788865596	1.963305693	1.557499247
	1.575310062	1.557499247	1.554188914	1.715583876	1.414211249
	1.386342154	1.41597554	1.488244791	1.554188914	2.490769059
	1.147162324	2.541854388	1.360180029	2.541854388	1.148677135
	1.204896789	1.224668916	1.256416985	1.384444521	1.304050298
	1.132093008	1.147162324	1.132093008	1.649582038	1.929250862
	1.79777518	1.929250862	2.193136801	2.648562383	2.66759302
	2.621419004	2.52606354	2.619453447	2.526550507	2.619453447
	2.426900183	2.33458643	2.443457442	2.282904927	2.33458643
	2.193136801	2.436416257	2.257600763	2.103256467	2.165029917
	2.111443261	2.436416257	1.963305693	1.80913007	1.80913007
	1.938826223	1.948525581	1.702667244	1.653640136	1.554188914
	1.715583876	1.781448355	1.480802229	1.480802229	1.402728848
	1.572588444	2.489797506	1.204028388	2.526550507	1.402728848
	1.402728848	2.497758936	1.384444521	1.204028388	1.204896789
	1.256416985	1.256416985	1.36105414	1.151443364	1.173559734
	1.171429085	1.701527541	1.929250862	1.841721198	1.971106975
	2.172218428	2.583867572	2.640899863	2.594192069	2.592502681
	2.489797506	2.588293299	2.583578138	2.526550507	2.588293299
	2.44412307	2.407829699	2.282904927	2.334669022	2.249333493
	2.336166916	2.257010978	2.127150544	2.127150544	2.111443261
	2.405664633	2.029759381	1.80913007	1.897674697	2.029759381
	1.765906689	1.572588444	1.781448355	1.781448355	1.518536097
	1.528611961	1.530754104	1.666971761	2.489797506	2.454671321
	1.204028388	1.464760196	1.464760196	2.44412307	1.291408198
	1.462344953	1.271941454	1.28181796	1.329720423	1.19916321
	1.200976174	1.228869743	1.754896941	2.006867821	2.006867821
	2.171615041	2.172218428	2.542547702	2.594192069	2.554786188
	2.504546251	2.588293299	2.529051034	2.564195407	2.44412307
	2.407829699	2.407829699	2.330302167	2.288913989	2.323885075
	2.323885075	2.188104442	2.256792001	2.382351412	2.126934691
	2.029759381	1.897674697	2.000894745	1.755452688	1.765906689
	1.666971761	1.838868423	1.92421921	1.640064851	1.598070679
	1.530754104	1.530754104	1.666971761	2.469809028	2.371315784
	1.229530755	1.462344953	2.499625094	1.329720423	1.386392763
	1.462344953	1.271941454	1.363464275	1.416847054	1.50209248
	1.229421228	1.229530755	1.262390242	1.818010842	2.006867821
	2.001742369	2.154771219	2.154771219	2.504546251	2.542547702
	2.566931821	2.469809028	2.564195407	2.499625094	2.536189422
	2.420969962	2.420082242	2.386675542	2.330302167	2.288913989
	2.307719091	2.206610898	2.188104442	2.188104442	2.307719091
	2.092138712	2.004297789	2.092138712	2.206610898	1.78420586
	1.701758691	1.923269491	1.923269491	2.004297789	1.661770444
	1.593619805	1.661770444	2.469809028	2.362833782	1.229530755
	1.416847054	1.50209248	1.31365907	1.420269918	1.416847054
	1.60596849	1.261545245	1.262390242	1.264058206	1.880880003
	2.100086676	2.051703185	2.154771219	2.265020274	2.496940122
	2.526969701	2.540135403	2.496940122	2.507823523	2.50982948
	2.464715878	2.527055097	2.393942015	2.393942015	2.397002316
	2.357366283	2.307719091	2.243094278	2.351197846	2.0755669
	2.140793471	2.304806828	1.701758691	1.832926758	1.744906452
	1.923269491	2.044480719	2.044480719	1.60596849	1.661770444
	1.697323329	1.832728184	2.449788265	2.416792716	1.31365907
	2.435649302	1.531953558	1.531953558	1.362366113	1.420269918
	1.484820698	1.60596849	1.264058206	1.349531779	1.34497072
	2.051703185	2.18751944	2.051703185	2.225837049	2.265020274
	2.537160036	2.516687861	2.527055097	2.498374762	2.503405112
	2.447366756	2.503405112	2.333068498	2.393942015	2.357366283
	2.351197846	2.351197846	2.207815142	2.120504157	2.304806828
	2.250447133	1.882608685	1.895903939	1.882608685	2.120504157
	1.977005275	2.044480719	1.697323329	1.697323329	1.810296237
	2.399524734	2.469323188	1.349531779	2.435649302	1.531953558
	1.539168615	1.407815182	1.50707506	1.551843746	1.638563386
	1.299613567	1.349531779	1.34497072	2.078541432	2.225837049
	2.160132171	2.225837049	2.324966996	2.377536102	2.507262091
	2.499105039	2.501469391	2.516687861	2.474051162	2.503405112
	2.497185143	2.384953299	2.413312612	2.495076637	2.305471786
	2.399524734	2.120504157	2.305471786	2.267687587	2.241339672
	1.895903939	1.895903939	2.018517032	2.095988737	2.018517032
	2.016598749	1.774591803	1.774591803	1.848495468	2.389545463
	1.407815182	2.478629088	1.638563386	1.57740045	1.447564354
	1.55372773	1.55372773	1.660158067	1.34158526	1.387771498
	1.387771498	2.160132171	2.233794273	2.160132171	2.233794273
	2.344670619	2.416323431	2.416323431	2.495076637	2.501469391
	2.474051162	2.449146507	2.498282811	2.444407852	2.444407852
	2.482339954	2.495076637	2.351749035	2.389545463	2.204962199
	2.325112324	2.241339672	1.931355751	2.001369646	2.016598749
	2.072107617	2.016598749	2.177713589	1.774591803	1.848495468
	1.848495468	2.387268005	1.447564354	1.643885973	1.711419658
	1.491579341	1.55372773	1.643885973	1.770032879	1.381657043
	1.430664883	1.430664883	2.199529661	2.233794273	2.199529661
	2.344670619	2.344670619	2.416323431	2.41488584	2.483025693
	2.483850868	2.432973801	2.432973801	2.482339954	2.463841537
	2.472607851	2.483025693	2.325112324	2.181753077	2.249939833
	2.177713589	2.037074165	2.042147407	2.177713589	2.121294831
	1.769099045	1.905727889	2.020532786	2.387268005	1.491579341
	1.694692426	1.563849023	1.60770837	1.694692426	1.758096177
	1.758096177	1.468482228	1.526280489	1.477790345	2.199529661
	2.27255365	2.260009776	2.3824881	2.41488584	2.425853062
	2.41488584	2.483025693	2.436026879	2.432973801	2.472607851
	2.463841537	2.474543362	2.472237029	2.339651468	2.272548148
	2.210661616	2.208452963	2.020532786	2.146147921	1.905727889
	2.020532786	2.374471409	1.595647521	1.600605538	1.66432872
	1.708124636	1.784111058	1.813643317	1.949126893	1.468482228
	1.537324948	1.52512104	2.254879657	2.362731474	2.350436444
	2.362731474	2.429440953	2.453740688	2.429440953	2.46106513
	2.447186086	2.403472416	2.403472416	2.476478173	2.476478173
	2.477674142	2.46106513	2.272548148	2.234166046	2.160370591
	2.078114529	2.074271678	2.017020391	2.374471409	1.600605538
	1.651052142	1.70857199	1.783239474	1.858425316	1.914852689
	2.017020391	1.565851537	1.635295523	1.622381739	2.350436444
	2.390854178	2.350436444	2.390854178	2.429440953	2.462862824
	2.48362369	2.46106513	2.429493969	2.400877511	2.476478173
	2.489831698	2.460882084	2.478341733	2.319137337	2.215751635
	2.209621836	2.134871813	2.017020391	2.341415139	1.651052142
	1.651052142	1.769648364	1.834790623	1.894429046	2.034825406
	2.034825406	1.609245812	1.625422198	1.625422198	2.396644627
	2.389296734	2.426830899	2.42193814	2.482005068	2.48362369
	2.482005068	2.432384879	2.400877511	2.400877511	2.473635099
	2.498575365	2.492228709	2.484947047	2.341415139	2.246246539
	2.167118043	2.167118043	2.341415139	1.693620742	1.769648364
	1.769648364	1.84815068	1.97617275	2.034825406	2.128827333
	1.658501536	1.625422198	1.658501536	2.396644627	2.426830899
	2.426830899	2.490361388	2.482005068	2.498575365	2.524272704
	2.530080989	2.423283926	2.449873073	2.423283926	2.484947047
	2.512397627	2.492228709	2.403862412	2.246246539	2.246246539
	2.167118043	2.367044015	1.758957066	1.828622626	1.828622626
	1.97617275	1.97617275	2.065836255	2.217634796	1.70799673
	1.742817051	1.70799673	2.462171181	2.462405596	2.462405596
	2.512191542	2.512191542	2.524272704	2.513376478	2.525667939
	2.530080989	2.454335944	2.491788949	2.455163135	2.389097032
	2.318277904	2.217634796	2.318277904	1.742817051	1.994768315
	1.871520502	2.284313211	1.994768315	2.062591303	2.142487991
	2.217634796	1.70799673	1.790057604	1.821459639	2.471633735
	2.497939773	2.497939773	2.563928954	2.547054278	2.562805324
	2.527302817	2.541517127	2.527302817	2.455163135	2.432961325
	2.384172569	2.318277904	1.91520914	1.994768315	1.91520914
	2.284313211	2.284079282	2.062591303	2.168893039	1.808696739
	1.821459639	1.821459639	2.533415873	2.550693901	2.524040795
	2.599274184	2.550693901	2.577566777	2.62918396	2.570118288
	2.570118288	2.50013238	2.50013238	2.43070176	2.43070176
	1.961908164	2.092688595	1.961908164	2.294147535	2.294147535
	2.190502938	2.092688595	1.864626921	1.889946358	1.864626921
	2.533415873	2.550693901	2.564565561	2.631338072	2.619465109
	2.619465109	2.660624559	2.570118288	2.483551981	2.551615106
	2.410531579	1.961908164	2.092688595	1.974158199	2.260809464
	2.410531579	2.234325689	1.864626921	1.961921496	1.934028326
	2.564565561	2.631338072	2.605101429	2.664674219	2.619465109
	2.660624559	2.551615106	2.481335413	2.551615106	2.481335413
	1.961921496	2.134773087	2.109024493	2.234325689	2.243375511
	2.134773087	2.481335413	1.91901743	2.072486227	1.983766525
	2.596141682	2.673169455	2.631678633	2.631678633	2.664674219
	2.71685942	2.731723116	2.567754002	2.500739303	2.370741927
	2.072486227	2.262593481	2.262593481	2.651185709	2.55169537
	1.983766525	2.072486227	2.043058112	2.662681614	2.731723116
	2.774633282	2.703661035	2.719171053	2.787774579	2.605343598
	2.370741927	2.251552111	2.262593481	2.703661035	2.651185709
	2.491962932	2.402902334	2.113673571	2.113673571	2.662681614
	2.73231203	2.809318649	2.710434658	2.834083716	2.647641404
	2.606661005	2.251552111	2.606661005	2.402902334	2.113673571
	2.110632881	2.803925068	2.809318649	2.99150905	2.819181024
	2.948661951	2.690142239	2.606661005	2.46620435	2.295488085
	2.193326886	2.193326886	2.776747474	2.868457634	2.99150905
	2.948661951	2.69467093	2.69467093	2.327852889	2.412883233
	2.412883233	2.868457634	3.058138578	3.185667336	2.851867045
	2.567441256	2.412883233	2.998981409	3.450190968	3.047790067
	2.567441256	2.567441256	3.450190968	3.450190968	3.047790067
	3.183089749	4.032708546	3.183089749	4.702721841	1.175014361
	1.117662965	1.475075119	1.475075119	0.627895182	1.500689941
	0.7268252439	0.6568782239	0.627895182	1.615459527	0.9921689602
	1.615459527	1.495870681	1.279702288	1.500821361	1.499191167
	1.11014412	1.512363053	1.147497735	1.515644815	1.518480134
	1.500689941	1.500689941	0.6568782239	0.6989518679	1.578062695
	1.520305921	1.361661219	1.361661219	1.347444539	1.419690959
	1.485170601	1.292097921	1.621076243	1.615459527	1.495870681
	1.495870681	1.500821361	1.500821361	1.503960897	1.515644815
	1.512363053	1.514638991	1.524472947	1.515644815	1.535649978
	1.520758625	1.521517119	1.578062695	1.578062695	0.7723133907
	1.520305921	1.545688754	0.749625342	1.507491414	1.509000268
	1.361661219	1.528529492	1.343631979	1.692728982	1.356308572
	1.356308572	1.485170601	1.437707761	1.343631979	1.468600764
	1.515151982	1.509320473	1.513359236	1.513631574	1.498992724
	1.513631574	1.525440796	1.516675408	1.515840418	1.515151982
	1.524472947	1.524472947	1.545688754	1.536696985	1.566929231
	1.566929231	1.513821695	1.550523684	1.553946076	1.522527967
	1.522694736	0.8219059704	0.8306014263	1.513821695	1.509000268
	1.528529492	1.522527967	1.547707791	1.344192199	1.519169702
	1.643583569	1.50591502	1.5169277	1.468600764	1.533475765
	1.450919244	1.468600764	1.516568566	1.5169277	1.516568566
	1.513631574	1.509718	1.516675408	1.517030849	1.52350881
	1.528732501	1.528732501	1.536696985	1.540667522	1.551735476
	1.566929231	1.540667522	1.544116884	0.8134307684	1.541691223
	1.522527967	1.541691223	1.548589888	1.522808783	1.528707375
	1.522808783	1.529702493	1.544435363	1.07989284	1.547707791
	1.547707791	1.509257739	1.484984415	1.50591502	1.50591502
	1.4956209	1.479325601	1.479325601	1.472081897	1.4956209
	1.498158686	1.517030849	1.515026661	1.515026661	1.518987332
	1.519597913	1.52350881	1.521363465	1.521363465	1.535111213
	1.527572087	1.536968235	1.540667522	1.544116884	1.544116884
	1.546539692	1.525419384	0.839297469	1.303684911	1.569017036
	1.560078659	1.565744733	1.532447403	1.526179121	1.522738746
	1.518067691	1.522808783	1.565744733	1.544435363	0.8551366167
	1.495923006	1.481180535	1.499777447	1.496114961	1.508408842
	1.4956209	1.488194478	1.479325601	1.499777447	1.492801439
	1.518987332	1.518987332	1.51065752	1.518639765	1.519168666
	1.524797432	1.530959391	1.519906621	1.524624742	1.536968235
	1.534810049	1.541233297	1.540227551	1.535670858	1.535670858
	1.303684911	1.538247451	1.303684911	1.545508992	1.528605128
	0.920453886	1.569017036	1.569017036	1.555268997	1.53259904
	1.52513154	1.532048231	1.552736787	1.5467097	1.495923006
	1.234537673	0.8551366167	1.438701451	1.470765015	1.481180535
	1.481180535	1.504379505	1.51065752	1.504379505	1.501417015
	1.492801439	1.483967656	1.492801439	1.52069386	1.52069386
	1.510750511	1.51622581	1.530959391	1.530959391	1.523842977
	1.523842977	1.536930846	1.534810049	1.540945397	1.536437766
	1.533263033	1.535670858	1.510591771	1.510591771	1.553194321
	1.661721409	1.533721578	1.508457155	0.6994004723	1.555268997
	1.526225116	1.555268997	1.545988962	1.535003825	1.535003825
	1.533263033	1.542671504	1.561416556	1.5467097	1.477947658
	1.456690982	1.234537673	1.438701451	0.6642693417	1.436856215
	1.527215144	1.462558463	1.462558463	1.483173455	1.469147147
	1.510750511	1.504379505	1.50442867	1.500209313	1.493632707
	1.493632707	1.52069386	1.518412032	1.510750511	1.527620915
	1.530345049	1.521286323	1.521286323	1.535369013	1.532406514
	1.536699956	1.536437766	1.532953552	1.526225116	1.510591771
	1.553194321	1.553194321	1.534180517	1.543104582	1.545568641
	1.523827719	0.7169738938	1.561416556	1.545988962	1.545988962
	1.534387577	1.534387577	1.535003825	1.542671504	1.54514653
	1.554442215	1.457068368	1.45969195	1.460366064	1.402160525
	1.402160525	1.438323078	1.524441681	1.45969195	1.468641216
	1.483173455	1.483173455	1.511857542	1.503656125	1.498816614
	1.498816614	1.489963964	1.509961458	1.519029302	1.530345049
	1.530345049	1.521286323	1.514868565	1.522597689	1.535369013
	1.533379682	1.534674347	1.534599258	1.536073182	1.557750758
	1.534976264	1.51448999	1.515060024	1.552180887	1.51433692
	1.511115062	0.7169738938	1.543883242	1.54255463	1.547164634
	1.540725284	1.540725284	1.543594693	1.54514653	1.54514653
	1.434976015	1.457068368	1.45969195	1.447464956	1.402160525
	1.442208411	1.442208411	1.525942306	1.464456469	1.477938361
	1.477938361	1.489963964	1.509961458	1.504409876	1.498816614
	1.497700869	1.489904598	1.514868565	1.52790861	1.52790861
	1.518389486	1.510252276	1.518056374	1.529208979	1.533379682
	1.534257973	1.536073182	1.53973098	1.519218637	1.51448999
	1.51448999	1.552180887	1.540645204	1.518234706	1.533442565
	1.533442565	0.7031905505	1.54255463	1.543883242	1.54255463
	1.540645204	1.538401596	1.540725284	1.543594693	1.543528127
	1.416572161	1.434976015	1.392860593	1.464456469	1.456632117
	1.44758533	1.419412572	1.44758533	1.442208411	1.525942306
	1.489904598	1.464456469	1.477938361	1.480148138	1.504905323
	1.499360167	1.494288877	1.494288877	1.505804841	1.524246423
	1.52618377	1.517578526	1.513077303	1.505804841	1.517578526
	1.528662407	1.532589655	1.534257973	1.535503894	1.532027073
	1.519218637	1.517545225	1.534512419	1.540645204	1.516531131
	0.6596878646	1.498668185	1.533442565	1.530174517	1.544733129
	1.544738775	1.530032474	1.53415804	1.541265325	1.536480251
	1.53406536	1.538558269	1.377143516	1.419412572	1.377143516
	1.364102246	1.464035173	1.450763846	1.450763846	1.406468483
	1.421156455	1.432930371	1.418751571	1.522900934	1.480148138
	1.464035173	1.480148138	1.499360167	1.499360167	1.494288877
	1.489475029	1.481889751	1.505804841	1.522900934	1.52618377
	1.517578526	1.51140147	1.50495776	1.515984445	1.531232755
	1.531232755	1.535503894	1.535503894	1.522116895	1.518684578
	1.516140831	1.524877928	1.534512419	1.516140831	1.503998603
	1.489885796	1.556212537	1.498668185	1.518450108	1.534934868
	1.538558269	1.530949154	1.534934868	1.534909177	1.53406536
	1.53406536	1.534909177	1.377143516	1.348091374	1.348091374
	1.328211121	1.464035173	1.450763846	1.391673605	1.418751571
	1.430377486	1.418751571	1.522900934	1.522701818	1.474289626
	1.469567578	1.451849336	1.469567578	1.500650872	1.489475029
	1.479277005	1.500178829	1.522701818	1.522562097	1.50267802
	1.515984445	1.509165055	1.515984445	1.528427474	1.528329413
	1.528329413	1.521329948	1.520093056	1.520093056	1.520404184
	1.512436734	1.507009579	1.505972393	1.489885796	1.489885796
	1.494924213	1.518450108	1.521240125	1.534934868	1.530566647
	1.535569286	1.534909177	1.531422216	1.531689704	1.395269313
	1.391673605	1.385921178	1.356319036	1.223429014	1.328211121
	1.386527684	1.451849336	1.436344597	1.416843566	1.416843566
	1.432301714	1.51901196	1.474289626	1.453510081	1.46222812
	1.453968309	1.49215604	1.482213334	1.477743974	1.493673653
	1.522017914	1.523074155	1.497934636	1.506604154	1.512728396
	1.512728396	1.526464535	1.524728091	1.528329413	1.521329948
	1.521329948	1.517448062	1.47503836	1.516619339	1.509423959
	1.507452395	1.47503836	1.502793712	1.507452395	0.7587658324
	1.521240125	1.52583378	1.529728503	1.524448367	1.525596315
	1.526827879	1.526324087	1.409970781	1.396571843	1.390033411
	1.386527684	0.6454401231	1.386527684	0.5533578826	1.433402943
	1.409970781	1.421105803	1.517426557	1.443637039	1.472298593
	1.453968309	1.453968309	1.489470373	1.486580555	1.464669653
	1.475362919	1.497934636	1.518050553	1.524728091	1.497934636
	1.506604154	1.510674106	1.510674106	1.526827879	1.5250497
	1.5250497	1.521993866	1.521571022	1.364354345	1.512834529
	1.509423959	1.509423959	1.507452395	1.489324589	1.509764793
	0.7587658324	1.452106469	1.513626422	1.515375539	1.522079684
	1.524448367	1.524448367	1.526324087	1.526827879	1.526324087
	1.415532072	1.396571843	1.396571843	1.390033411	1.387834515
	1.43638791	0.796639982	1.388354828	1.323735745	1.433402943
	1.415532072	1.427988005	1.51550961	1.443008748	1.45637402
	1.454205867	1.460416755	1.49150011	1.469846224	1.483601476
	1.476982638	1.476982638	1.483601476	1.51794357	0.8137973521
	0.8137973521	1.521925265	1.508947795	1.492400455	1.503560041
	1.510674106	1.513054286	1.5246139	1.514172432	1.513626422
	1.469728695	1.510957616	1.504437597	1.508206391	1.500706727
	1.489324589	1.452106469	1.466542646	1.513626422	1.515375539
	1.518791422	1.524873787	1.523372676	1.514172432	1.521075585
	1.512327077	1.415532072	1.399998547	1.397483938	1.323735745
	1.381406237	1.319359714	1.374376339	1.374376339	1.271601372
	1.323735745	1.427988005	1.433363707	1.515814777	1.444722043
	1.450173022	1.450173022	1.456161839	1.493634323	1.469846224
	1.474983413	1.483601476	1.50873277	1.466915782	0.9053786773
	1.420135284	0.6135992483	1.504621981	1.507013774	1.493634323
	1.504214061	1.50873277	1.514292925	1.514172432	1.51042778
	1.469728695	1.508206391	1.508206391	1.49225228	1.498663553
	1.466915782	1.476039884	1.512133918	1.508381488	1.516691534
	1.513609901	1.513609901	1.51530584	1.507644844	1.508720154
	1.399998547	1.377378347	1.319359714	1.294968555	1.370277974
	1.374376339	1.38061844	1.294968555	1.421116112	1.416046568
	1.511884418	1.435074116	1.450218085	1.450218085	1.466557973
	1.493634323	1.479387232	1.472615217	1.466557973	1.502453309
	1.462874065	0.9333575482	0.9333575482	1.420135284	1.282185543
	1.507396798	1.499967357	1.49078511	1.502453309	1.511238663
	1.508644669	1.507205439	1.486475963	1.505030125	1.49225228
	1.49225228	1.47603878	1.486475963	1.499960333	1.510873743
	1.510873743	1.508644669	1.511695702	1.507644844	1.503806091
	1.503966775	1.504353899	1.39347148	1.403450244	1.38061844
	1.317776216	1.317776216	1.352627793	1.351916566	1.38061844
	1.282185543	1.314972575	1.435074116	1.429790542	1.421116112
	1.497222414	1.435074116	1.456471235	1.466557973	1.484459056
	1.484459056	1.477787942	1.472615217	1.502453309	1.465868898
	1.139253672	1.486407204	1.466860102	1.020694312	0.6242608628
	1.500852197	1.494522374	1.499101479	1.499101479	1.501542867
	1.501256055	1.486475963	1.497773961	1.496915838	1.476164929
	1.490476427	1.501532223	1.503806091	1.500033131	1.503806091
	1.504500172	1.502801372	1.504500172	1.501835756	1.400136349
	1.400136349	1.385572081	1.374743876	1.317776216	1.335434079
	1.351916566	1.351916566	1.326531276	1.335434079	1.436985008
	1.418671615	1.418671615	1.497222414	1.477045466	1.444718663
	1.456471235	1.463716288	1.484459056	1.477787942	1.459832035
	1.490173266	1.467343218	1.486407204	1.449114749	1.481768381
	1.478871765	1.363310975	0.6257478655	1.494522374	1.48715375
	1.495396308	1.494157348	1.496915838	1.490476427	1.497429804
	1.493624576	1.483702641	1.484276986	1.497962568	1.498820311
	1.499140393	1.504500172	1.501835756	1.400136349	1.390979553
	1.374743876	1.366939947	1.347723272	1.360461552	1.353484721
	1.338738395	1.338738395	1.419025724	1.421634788	1.418671615
	1.480951595	1.477045466	1.477045466	1.444718663	1.449655775
	1.457389096	1.463067948	1.457389096	1.480951595	1.481768381
	1.478135479	1.478135479	1.478432918	1.111300033	1.111300033
	0.6435895643	0.5355355515	1.285932351	1.482528071	1.495396308
	1.489671869	1.494157348	1.493624576	1.485486842	1.495048202
	1.493624576	1.485486842	1.49593428	1.493886276	1.499140393
	1.493886276	1.390979553	1.390979553	1.368722399	1.368722399
	1.349619157	1.349619157	1.327335701	1.327335701	1.285932351
	1.428510079	1.419025724	1.401765973	1.480951595	1.478151385
	1.471183466	1.445090495	1.428510079	1.457389096	1.461000872
	1.478560971	1.479518048	1.497924415	1.479396153	1.478135479
	1.475656025	1.527010711	1.245815887	1.245815887	1.263697307
	1.478560971	1.483203103	1.486971038	1.492046344	1.495048202
	1.485907051	1.488745039	1.495048202	1.479518048	1.485907051
	1.49593428	1.493886276	1.493806212	1.376011582	1.387015884
	1.368722399	1.376011582	1.349492088	1.349619157	1.306261843
	1.327335701	1.306261843	1.432953788	1.425061984	1.409828176
	1.391395836	1.469210098	1.469996975	1.465133694	1.469210098
	1.452163863	1.432953788	1.452163863	1.478560971	1.453087982
	1.485329764	1.479518048	1.475129283	1.47829539	1.453087982
	1.263697307	1.388966613	1.48019192	1.483683671	1.48019192
	1.489547954	1.490714841	1.488745039	1.482180109	1.482180109
	1.48857776	1.488984468	1.391395836	1.391395836	1.376011582
	1.34813294	1.373395176	1.342401155	1.342401155	1.328414168
	1.318192635	1.308605633	1.432953788	1.421140593	1.403894367
	1.469210098	1.463027375	1.451644757	1.472023109	1.452163863
	1.433912758	1.440762538	1.473775747	1.465713124	1.496643592
	1.485329764	1.48013968	1.475267129	1.330964115	0.6251803022
	1.290802882	1.451644757	1.48019192	1.480930225	1.483683671
	1.484179394	1.485141104	1.483734053	1.481285482	1.480473628
	1.483018246	1.3888731	1.380030013	1.373395176	1.361278538
	1.34112769	1.348389683	1.342401155	1.328414168	1.337918469
	1.421140593	1.403894367	1.403894367	1.465562198	1.446848847
	1.465562198	1.444714847	1.433296449	1.473775747	1.471416096
	1.471416096	1.471416096	1.48790646	1.482382026	1.354127059
	0.6335901709	1.28065425	1.332542728	1.28065425	1.454710068
	1.467062532	1.446848847	1.479514563	1.477968947	1.477825969
	1.483237711	1.485141104	1.480290116	1.480290116	1.479728794
	1.481112025	1.479514563	1.393965539	1.374996067	1.367845445
	1.361278538	1.348389683	1.348389683	1.337918469	1.411236901
	1.411236901	1.393965539	1.454710068	1.458009784	1.437343053
	1.415885603	1.466009464	1.499240918	1.488439517	1.510378219
	1.488439517	1.499240918	1.288927024	0.6335901709	1.268620248
	1.268620248	1.300311987	1.44013352	1.458009784	1.409746263
	1.44370566	1.479514563	1.474177166	1.477877941	1.477877941
	1.477381793	1.477539872	1.476853193	1.470380342	1.474764309
	1.38574982	1.362141177	1.362141177	1.347321827	1.337884124
	1.411236901	1.38574982	1.427738336	1.442478449	1.458009784
	1.415885603	1.463102423	1.499240918	1.476411521	1.488439517
	1.663289722	1.620505503	1.269958788	1.313343351	1.268620248
	1.273902701	1.463102423	1.411011453	1.442478449	1.466315672
	1.470380342	1.477877941	1.477381793	1.474726099	1.476858256
	1.476853193	1.469032106	1.474764309	1.38574982	1.362141177
	1.313343351	1.348086767	1.346769331	1.400320704	1.379690498
	1.433966334	1.442478449	1.455068166	1.415897025	1.466315672
	1.483476431	1.476411521	1.369053682	1.269958788	1.303560563
	1.32450263	1.258236129	1.258236129	1.455748105	1.40431331
	1.432712588	1.4646745	1.4646745	1.480626683	1.471218354
	1.471927357	1.473727748	1.476858256	1.467291722	1.379690498
	1.367778214	1.32450263	1.348086767	1.392037336	1.380167083
	1.42350726	1.442035058	1.455748105	1.42350726	1.461295348
	1.369053682	1.483476431	1.480856087	1.336995599	0.5551822674
	1.317410478	1.317410478	1.141419091	1.316060984	1.403183167
	1.445550531	1.438059394	1.4646745	1.467291722	1.480856087
	1.468280985	1.468280985	1.470618849	1.467291722	1.380167083
	1.367778214	1.340492088	1.395980139	1.403183167	1.42350726
	1.440013994	1.422934756	1.454069807	1.453145911	1.480856087
	1.476578304	1.471040257	1.25482131	0.6760813524	1.343014016
	1.355814401	1.393006245	1.393006245	1.403183167	1.445550531
	1.440013994	1.252460014	1.457429912	1.469839067	1.463925455
	1.469703815	1.463925455	1.368106261	1.355814401	1.355814401
	1.394688343	1.40739813	1.431479281	1.443592422	1.421511475
	1.454069807	1.453145911	1.469839067	1.476578304	1.465907841
	1.185547685	1.185547685	1.367465014	1.393006245	1.367465014
	1.4061276	1.443592422	1.428151173	1.201308641	1.452542055
	1.466492913	1.463925455	1.460924322	1.382782088	1.374614322
	1.396938551	1.4061276	1.428151173	1.429022543	1.4061276
	1.452542055	1.439450786	1.46250912	1.466407482	1.481319082
	1.299238784	1.330365005	1.367465014	1.320900053	1.357589846
	1.247072332	1.452542055	1.455135818	1.456131074	1.374614322
	1.367372507	1.396938551	1.413009644	1.429022543	1.429022543
	1.413009644	1.443195944	1.434308421	1.464368542	1.469732396
	0.5669199344	1.361005194	1.357589846	1.354960092	1.476291446
	1.464368542	1.456131074	1.456131074	1.442254829	1.388383762
	1.378586695	1.388383762	1.413009644	1.429684275	1.416195766
	1.429684275	1.469732396	0.5926724323	1.358074421	1.358074421
	1.190985913	1.44980199	1.442254829	1.40841618	1.406342718
	1.415082737	1.434461873	1.44060478	1.415082737	1.420699799
	1.511486837	1.377044911	1.358074421	1.407776204	1.448481565
	0.9741563992	1.435100808	1.435100808	1.410656031	1.415082737
	1.441370032	1.420699799	1.420699799	1.511486837	0.7049334676
	1.40505627	1.384518153	1.435100808	1.410656031	1.422181506
	1.422181506	0.9125132063	1.39695086	1.384518153	1.454220524
	1.39695086	0.8238804265	0.6894402051	0.717286786	