5884	
	3.818073857e-09	7.587257045e-09	7.587257045e-09	5.039660067e-08	1.753803414e-08
	2.037486166e-07	1.460562897e-07	5.039660067e-08	8.540508025e-07	2.037486166e-07
	2.037486166e-07	1.459902806e-06	3.020341453e-06	3.020341453e-06	1.448027138e-07
	6.706503433e-07	8.540508025e-07	4.40705991e-06	1.459902806e-06	1.459902806e-06
	8.218339508e-06	4.280783444e-06	8.218339508e-06	2.571437285e-07	1.091765381e-06
	5.740901017e-06	5.740901017e-06	9.085789485e-06	3.867853855e-05	3.975095485e-06
	1.899412278e-05	8.218339508e-06	2.571437285e-07	2.848019526e-06	5.572627492e-06
	1.395403798e-05	1.324025138e-05	6.521105868e-05	6.521105868e-05	1.982870307e-05
	3.16441016e-05	2.598511031e-05	4.979222623e-05	2.848019526e-06	1.732629226e-06
	6.73424978e-05	5.572627492e-06	1.732629226e-06	5.572627492e-06	1.395403798e-05
	1.395403798e-05	3.206707295e-05	6.521105868e-05	9.075627989e-05	0.0003135330046
	2.198493099e-05	3.426277424e-05	4.979222623e-05	4.979222623e-05	8.589563202e-06
	2.187623953e-05	6.827338787e-06	6.009787351e-05	0.0001063001395	1.240991481e-05
	1.966930301e-05	1.240991481e-05	3.206707295e-05	1.24706707e-05	8.015855505e-05
	0.0001256749314	0.0003200399293	0.0004915624299	3.426277424e-05	6.009787351e-05
	9.603981719e-05	3.774640287e-05	1.82525489e-05	1.82525489e-05	1.587358812e-05
	0.0001428555358	0.0001811217806	1.966930301e-05	1.966930301e-05	3.478261672e-05
	8.015855505e-05	1.24706707e-05	0.0002061109152	0.0003456177867	0.0005006450099
	0.0004915624299	3.774640287e-05	5.94112626e-05	0.0001214591901	4.219160295e-05
	5.678289131e-05	1.587358812e-05	1.82525489e-05	3.069714461e-05	1.587358812e-05
	1.976543216e-05	0.0001811217806	0.0001811217806	6.350198601e-05	7.345851242e-05
	0.0002054616092	5.578287797e-05	6.350198601e-05	0.0003456177867	0.0002650652444
	0.0003456177867	0.0007322012834	0.0007322012834	5.678289131e-05	8.329397741e-05
	0.0001214591901	4.219160295e-05	3.069714461e-05	5.352620832e-05	6.875114401e-05
	3.62413716e-05	3.62413716e-05	0.0001650245137	0.0002058814915	6.879167324e-05
	6.879167324e-05	6.350198601e-05	0.0001204611921	0.0001018320585	8.136545757e-05
	0.0002278323806	0.0004548078351	0.0004548078351	8.136545757e-05	0.0006421335474
	0.001027135344	0.0009434943139	0.0001935060311	8.269729923e-05	0.0001167159652
	6.875114401e-05	7.4331274e-05	9.675117131e-05	0.0001193332625	0.0001087767223
	7.4331274e-05	0.000232667549	0.000232667549	0.0001525830733	0.0001525830733
	0.0001087767223	0.0001112185527	8.136545757e-05	0.0002278323806	0.0003462775032
	0.0004548078351	0.0001826717227	0.001027135344	0.001027135344	0.001876523761
	0.0001984192484	0.0001380248896	0.0001187606112	8.269729923e-05	0.0001193332625
	0.0001381429468	0.0001193332625	9.675117131e-05	0.0001802801224	0.0001706027075
	0.0002583601619	0.0002401505254	0.0002987063183	0.0001525830733	0.0002813690993
	0.0001518756663	0.0003489814365	0.0002385112258	0.0002293743906	0.0003523533413
	0.0003523533413	0.0005582424074	0.0001826717227	0.0001826717227	0.00109132847
	0.001631317333	0.002398500271	0.0002237416688	0.0001623864809	0.0001569733667
	0.0001497279066	0.0001497279066	0.0001706027075	0.0001520836652	0.0001520836652
	0.0002583601619	0.0002437450985	0.0002583601619	0.0002401505254	0.0002987063183
	0.0002813690993	0.0003489814365	0.0005684167392	0.0004347338323	0.0002813690993
	0.0002885138939	0.0002376443794	0.0004339316696	0.0005377116189	0.0009101210674
	0.0003132235279	0.0002624827457	0.001323976895	0.001323976895	0.002398500271
	0.0002237416688	0.0002237416688	0.0001749493673	0.0001569733667	0.0001749493673
	0.0002035909749	0.0002437450985	0.0002892163569	0.0002723210436	0.0002880150702
	0.0002437450985	0.0003233889443	0.0005458376479	0.000231093356	0.0002926434402
	0.0005684167392	0.0004514225981	0.0004347338323	0.0005684167392	0.0004347338323
	0.0005216486842	0.0003132235279	0.0005552468506	0.0008760359213	0.0009101210674
	0.0003132235279	0.0004859296727	0.001608530948	0.001608530948	0.00357685744
	0.00024030481	0.0002323175732	0.0001985822254	0.0002174243157	0.0002634500608
	0.0002892163569	0.0002892163569	0.0002723210436	0.0002493397434	0.0005023789143
	0.0005023789143	0.0004061793915	0.0005458376479	0.0006988085154	0.0002926434402
	0.0002926434402	0.0007689868752	0.000563903718	0.0005562131106	0.0007689868752
	0.0006713750754	0.0005997486544	0.0005552468506	0.0005552468506	0.0009100503609
	0.000878567743	0.0005218182886	0.000563903718	0.001252403915	0.002811734765
	0.004143651563	0.0002446903939	0.0002126094584	0.0002469960891	0.0002493397434
	0.0002493397434	0.0002634500608	0.0004887418512	0.0002925000479	0.0003430161563
	0.0005023789143	0.0005686808057	0.0005194980419	0.0008004687032	0.0007739834208
	0.0007739834208	0.0002676302277	0.0002446903939	0.0002676302277	0.001059373699
	0.001059373699	0.0007046652788	0.0006784617241	0.0008630247846	0.0009398928362
	0.0008808418876	0.0008808418876	0.0006155337458	0.0009100503609	0.0009100503609
	0.001467968939	0.0006335066802	0.0007811274076	0.002158655478	0.004143651563
	0.004143651563	0.0002446903939	0.000237395338	0.000237395338	0.0004107967946
	0.0003675366805	0.0004546463556	0.0004546463556	0.0003430161563	0.0006582427482
	0.0006128354596	0.0006128354596	0.0008004687032	0.001019090831	0.0008898006123
	0.0002351206764	0.0002676302277	0.0002338994777	0.0002452329985	0.001183367741
	0.001183367741	0.001357780954	0.001089799307	0.001059373699	0.0009821563202
	0.0007476829451	0.001177219246	0.001177219246	0.0008808418876	0.001205645624
	0.0007257944453	0.0008750938686	0.0008750938686	0.002158655478	0.0007808556369
	0.0009818227638	0.002158655478	0.004865777717	0.005471750227	0.0002532023576
	0.0003397258635	0.000328081955	0.0004107967946	0.0007417875905	0.0004501664797
	0.0004546463556	0.000745466331	0.0007524642346	0.0007524642346	0.0009930038973
	0.001200150249	0.0009930038973	0.001080186139	0.001463647165	0.0002489498629
	0.0002198707669	0.0002200904694	0.0002200904694	0.0002361493333	0.001183367741
	0.001191413449	0.001463647165	0.001228114586	0.001532838965	0.00157531961
	0.001182886908	0.0009818227638	0.001577406385	0.001577406385	0.001484233026
	0.001477449396	0.0007257944453	0.0008750938686	0.00132225534	0.001172727344
	0.000913325336	0.0009818227638	0.002727187925	0.002044703499	0.004010407122
	0.004041765564	0.0003567667884	0.0004159707721	0.0003567667884	0.0006571752676
	0.0008207523154	0.000475623784	0.0008207523154	0.0005432044183	0.001081161002
	0.0007524642346	0.001080186139	0.001147319468	0.0009854298489	0.0008435449459
	0.002069379049	0.001767298498	0.001518891524	0.001196980567	0.001463647165
	0.000340976624	0.0002767981556	0.0002242024547	0.0001998612054	0.0001817980073
	0.0002061245337	0.001934083498	0.002069379049	0.002069379049	0.001228114586
	0.001191413449	0.001228114586	0.001532838965	0.00157531961	0.001529654168
	0.00170319959	0.001243399541	0.00147164145	0.001577406385	0.00147164145
	0.001025988124	0.001025988124	0.001498373292	0.001103936406	0.001342713113
	0.001498373292	0.002727187925	0.002044703499	0.004010407122	0.004355829393
	0.0003567667884	0.0004159707721	0.0008342420446	0.0008207523154	0.0009459331686
	0.00075417053	0.0006950659989	0.005164458778	0.001284723867	0.001431384779
	0.001147319468	0.001372733441	0.00113382156	0.003869806417	0.003869806417
	0.003052738156	0.002223102777	0.002223102777	0.001379338808	0.0002767981556
	0.0002242024547	0.0002242024547	0.0001987261131	0.0001631580881	0.0001351504468
	0.005231927084	0.003478624631	0.003478624631	0.00239647456	0.00239647456
	0.001972065331	0.001521654078	0.001561683195	0.001521654078	0.002296282476
	0.002054556676	0.002297961409	0.002416249768	0.001518901973	0.002047150309
	0.002296282476	0.002296282476	0.001025988124	0.001498373292	0.001518901973
	0.001103936406	0.001384367919	0.001480394316	0.001818496323	0.00315342609
	0.00224672339	0.004542593103	0.006791052327	0.000459065702	0.00041293429
	0.0009459331686	0.00075417053	0.00075417053	0.0006950659989	0.0006950659989
	0.01586436836	0.00663538766	0.005164458778	0.001496626515	0.001372733441
	0.001724826673	0.001372733441	0.001229484865	0.004505127477	0.004012576938
	0.004012576938	0.002223102777	0.001496626515	0.0003310423318	0.0001993410899
	0.0001631580881	0.0001186568528	0.0001186568528	7.08886107e-05	0.005792572978
	0.01971647428	0.008215243449	0.005803155595	0.003478624631	0.00239647456
	0.002386206681	0.002386206681	0.002297961409	0.002411045857	0.002416249768
	0.002054556676	0.002297961409	0.002416249768	0.001518901973	0.002047150309
	0.002739825598	0.001154749405	0.001325487248	0.001775714767	0.002189072803
	0.001775714767	0.001636234333	0.001818496323	0.003257449055	0.003257449055
	0.004611672416	0.006791052327	0.0002893907748	0.0006099832407	0.001418038819
	0.0009857088381	0.001110571598	0.0008071964827	0.0006504923187	0.00177499321
	0.01110053014	0.00663538766	0.005110419154	0.002006520274	0.001724826673
	0.001249285269	0.001462356389	0.001418038819	0.001418038819	0.004012576938
	0.005110419154	0.00334936086	0.002740796943	0.002362106066	0.0002893907748
	0.0002179922628	0.0001845746347	0.0001186568528	0.0001166694754	7.08886107e-05
	0.02572881838	0.008215243449	0.005803155595	0.003091900202	0.003091900202
	0.002346901313	0.002936750046	0.002234808838	0.002234808838	0.00353554268
	0.002585796521	0.003106329836	0.003081827774	0.002739825598	0.003081827774
	0.001325487248	0.001668473222	0.002554593637	0.001922409904	0.001636234333
	0.002040342824	0.004611672416	0.0025201583	0.004611672416	0.004592626165
	0.0003904855187	0.0003753128528	0.0009903270408	0.001455070234	0.0009903270408
	0.0007863996108	0.0007256776172	0.00177499321	0.00531210586	0.006117273253
	0.00539346818	0.002327444595	0.001846583424	0.002047773264	0.001520597986
	0.003757299325	0.005188752665	0.002740796943	0.002740796943	0.003757299325
	0.0002179922628	0.0003398962702	0.0002179922628	0.000136446296	4.471546936e-05
	7.310770531e-05	4.471546936e-05	0.03513635188	0.02555259585	0.007068688476
	0.007068688476	0.005294088017	0.00453047149	0.003349465107	0.003210123649
	0.003106329836	0.003492925976	0.003106329836	0.003017589481	0.003368699773
	0.003200137689	0.002466652432	0.001668473222	0.001668473222	0.001922409904
	0.001859512234	0.001913077308	0.0025201583	0.003261407332	0.002479516809
	0.004592626165	0.004319883857	0.0003398962702	0.0003904855187	0.0005145179634
	0.0009903270408	0.001520597986	0.001406776067	0.0007863996108	0.0008565841018
	0.000733228174	0.000565586391	0.001571947663	0.00539346818	0.00539346818
	0.001983386138	0.001582807204	0.003757299325	0.001983386138	0.002452720852
	0.003125628288	0.0003398962702	0.0002274922449	0.000136446296	0.000136446296
	5.876734484e-05	0.0001377736999	0.0001194411706	0.04914523947	0.02499155998
	0.007068688476	0.005294088017	0.005294088017	0.003210123649	0.005659150259
	0.003210123649	0.003721158738	0.003924393565	0.003368699773	0.005358186053
	0.002466652432	0.003786335891	0.003786335891	0.002466652432	0.004272949047
	0.002217954402	0.00262323166	0.002033230577	0.002164739631	0.002035434564
	0.003102187765	0.003102187765	0.00123898141	0.002990417368	0.004050345967
	0.0002803709979	0.0005145179634	0.00123898141	0.001582807204	0.001179055873
	0.001086918901	0.0009363989496	0.000733228174	0.002053140581	0.0009256787253
	0.002530162641	0.004336696586	0.00158414553	0.001350110043	0.00158414553
	0.002560427209	0.002486083112	0.003125628288	0.0002803709979	0.0002267515873
	0.0001658118791	0.0003066562306	0.0001068609252	0.0001377736999	0.0001377736999
	0.0001142957642	0.03174991311	0.02165422313	0.01291176668	0.00895683417
	0.006106767723	0.005102321993	0.006106767723	0.005006518959	0.003721158738
	0.005146647336	0.0051449634	0.00262323166	0.003486549803	0.003786335891
	0.004543808848	0.002164739631	0.002840400619	0.002045716345	0.002164739631
	0.002035434564	0.002413506828	0.003102187765	0.002328880643	0.00356039583
	0.004611056644	0.001350110043	0.000439441752	0.0004551630513	0.001179055873
	0.001212243274	0.001084512542	0.0008787775689	0.0007390854776	0.002053140581
	0.001746488435	0.002530162641	0.002560427209	0.00158414553	0.001350110043
	0.001797735549	0.001941632863	0.0003066562306	0.0002138877625	0.000148634108
	0.0001223034074	0.0003066562306	0.0001068609252	0.0001142957642	0.0001482334422
	5.95649945e-06	0.005006518959	0.04418365665	0.02416791067	0.01886793618
	0.01456903348	0.006106767723	0.007682503753	0.004154396809	0.0051449634
	0.003785565779	0.005005659153	0.003486549803	0.004032731839	0.003486549803
	0.002840400619	0.002287751303	0.001989529279	0.001940259156	0.002287751303
	0.0023756214	0.0023756214	0.002927469399	0.002927469399	0.001114475812
	0.001336341502	0.0006736132273	0.001084512542	0.001084512542	0.0008787775689
	0.0007224242479	0.006249124069	0.0009413671131	0.00130499503	0.002502234028
	0.001941632863	0.001153201851	0.0003720021538	0.0003720021538	0.0001223034074
	0.0001481393256	0.0001223034074	0.0002210148001	0.0001558419962	5.95649945e-06
	7.242681285e-05	5.95649945e-06	0.005356744728	0.004964087552	0.06859236435
	0.02574459187	0.01591982597	0.01591982597	0.007682503753	0.007682503753
	0.00742390118	0.004528142738	0.005293558358	0.004444438178	0.003665229399
	0.003665229399	0.003247949381	0.002287751303	0.002003764466	0.001899809965
	0.003247949381	0.001929569407	0.001899809965	0.002185736306	0.002433063613
	0.000971232959	0.0009303988989	0.0009904808401	0.0004708312608	0.000971232959
	0.0008816982949	0.006249124069	0.001231063315	0.0002307739903	0.0002307739903
	0.0009303988989	0.000411067198	0.0003720021538	0.0003071475006	0.0001481393256
	0.0001628085053	0.0001628085053	0.0001757229341	0.0001308617022	0.0001514236277
	0.0001009722785	0.0001229063333	7.392457013e-06	0.00742390118	0.06859236435
	0.02149962915	0.01591982597	0.01778169124	0.006982567325	0.006982567325
	0.005293558358	0.004444438178	0.004444438178	0.004868785803	0.004522871984
	0.003665229399	0.003247949381	0.002210602979	0.002003764466	0.00164389104
	0.002238396617	0.001376178356	0.00164389104	0.001376178356	0.001506748963
	0.000971232959	0.0009904808401	0.0009904808401	0.0007284287621	0.0006346919995
	0.001021877987	0.01116581402	0.000245291668	0.0008152547631	0.0002307739903
	0.001389795059	0.0007284287621	0.0002809759798	0.0002809759798	0.0007284287621
	0.0001874799279	0.0001628085053	0.0001308617022	0.0001895221598	0.0001894772254
	0.0002060263253	8.419353118e-05	0.0001229063333	0.0001229063333	1.101598216e-05
	0.004743577229	0.006341491484	0.07840187086	0.03652318111	0.01778169124
	0.00756644592	0.00756644592	0.004889162807	0.005021630745	0.004868785803
	0.004743577229	0.003596672768	0.00480168673	0.003389296579	0.002184311224
	0.002184311224	0.001767503303	0.002278069766	0.001376178356	0.0008914024377
	0.001554004467	0.0008039616349	0.000794006255	0.0008152547631	0.001264639763
	0.001266215407	0.001367789804	0.001021877987	0.001264639763	0.006307672105
	0.00131966327	0.002721519185	0.00131966327	0.002721519185	0.0001895221598
	0.0006884167338	0.0002809759798	0.00111816086	0.0001874799279	0.0002014904414
	0.0001891194653	0.0001894772254	0.0002508902365	0.0001727027419	0.0002060263253
	0.000162467859	3.218287838e-05	0.000162467859	1.101598216e-05	1.101598216e-05
	0.005598102196	0.008213531998	0.007556258883	0.2198475279	0.09593262267
	0.01568711879	0.007556258883	0.005021630745	0.005021630745	0.005842872765
	0.005889514875	0.005307092392	0.00455078363	0.004385927097	0.003477175701
	0.001554004467	0.002104765987	0.001554004467	0.002104765987	0.0007284731362
	0.0005751831553	0.0009081897545	0.0003350323933	0.0003350323933	0.00240569139
	0.001773197921	0.0019714718	0.001367789804	0.001773197921	0.006814348717
	0.00131966327	0.002721519185	0.004077825199	0.0002433116753	0.002009144472
	0.00111816086	0.0009070930648	0.0001891194653	0.0001891194653	0.0003171263216
	0.0002704776204	0.0002633362988	0.0002609094427	0.0001012900388	2.800424845e-05
	0.0001065593175	2.985927737e-05	2.985927737e-05	0.008213531998	0.007454311853
	0.012028675	0.1788846319	0.1288095652	0.012028675	0.005639796585
	0.00622433571	0.006269749976	0.004199997576	0.004963423757	0.004325262088
	0.003477175701	0.001457202318	0.002104765987	0.002613982691	0.002653548346
	0.002653548346	0.0003072776045	0.000529346323	0.0005274525076	0.0003350323933
	0.0003072776045	8.784962926e-05	8.784962926e-05	0.004989418965	0.002529553909
	0.0019714718	0.003135039649	0.006814348717	0.004243930684	0.004077825199
	0.004989418965	0.0002633362988	0.0005471506315	0.003975550048	0.002462458159
	0.0009070921716	0.0003693366554	0.0003171263216	0.0002108058879	0.0002394608112
	0.0003693366554	0.0002704776204	0.0002704776204	4.274604033e-06	0.0001398960219
	0.0003161982681	0.0003161982681	0.0001711500462	0.0002142844985	0.0001660846161
	5.059310519e-05	0.0001766147933	0.005668172837	0.007454311853	0.0229722307
	0.1954013804	0.04980547663	0.005639796585	0.006269749976	0.006269749976
	0.005668172837	0.00622433571	0.004325262088	0.004180447481	0.004237058922
	0.001180524466	0.001829855532	0.002390612088	0.003447529805	0.0003072776045
	0.00124361334	0.000464831977	0.000464831977	0.0003569121968	0.0003569121968
	0.000266958746	0.004989418965	0.006127531341	0.004079380276	0.003933377647
	0.005841922973	0.0005471506315	0.004814492106	0.0005471506315	0.002834502461
	0.0009070921716	0.0003693366554	0.0004165583151	0.0004608548912	0.0004051474857
	0.0004051474857	1.205821157e-05	5.059310519e-05	0.0001398960219	0.0003161982681
	0.0004165583151	0.0003591408474	0.0002060871881	0.0001856028083	5.059310519e-05
	0.005668172837	0.01015177793	0.04980547663	0.1954013804	0.006117689072
	0.005715752866	0.007149976168	0.005741583825	0.005715752866	0.004180447481
	0.004180447481	0.003447529805	0.00124361334	0.002390612088	0.002390612088
	0.002115214565	0.003582098243	0.0009086954424	0.00124361334	0.000464831977
	0.006127531341	0.0005011805844	0.0003817235692	0.0006380352681	0.0006380352681
	0.005841922973	0.004814492106	0.002719630675	0.001441777828	0.0004621601075
	0.003105693514	0.003105693514	0.001142517681	0.0003309341963	0.0003096081391
	0.0004608548912	0.0004608548912	0.0001973499073	8.754056225e-05	0.0001824857058
	0.0001604753244	0.0005841527821	0.0005187541855	0.0003661220709	0.0005841527821
	0.0004516239528	0.0002322547936	0.01015177793	0.01015177793	0.1100514811
	0.006117689072	0.00566433643	0.006117689072	0.006542948911	0.005412239317
	0.00548364452	0.005487953717	0.0009086954424	0.001236732228	0.002703815483
	0.003751052449	0.002256992169	0.00305157099	0.001119956565	0.001100182128
	0.0006010372249	0.001613399388	0.0006380352681	5.160466195e-05	7.811246985e-05
	0.005635998655	0.007705906995	0.006463572328	0.002329141185	0.0005277947366
	0.0003309341963	0.003105693514	0.002473827294	0.00155935614	0.0003309341963
	0.0003096081391	0.0005187541855	0.0001973499073	0.0001822851852	0.0001864366761
	0.0002085032861	0.000211309099	0.0005187541855	0.0003661220709	0.0003226734833
	0.0002713334547	0.0007276419933	0.005412239317	0.01187691189	0.1100514811
	0.00548364452	0.006834751136	0.00566433643	0.006897566049	0.003963508937
	0.00548364452	0.004662865494	0.005727052196	0.001991545852	0.003751052449
	0.002703815483	0.003294659783	0.003294659783	0.001991545852	0.002243494779
	0.001591774824	0.001591774824	0.001465035035	0.001665186419	0.001836587751
	0.0001120754677	0.0001253571752	0.0001253571752	0.0001345409972	0.007705906995
	0.007705906995	0.005423204322	0.003309136963	0.0003374785948	0.0004439747189
	0.003896113604	0.002473827294	0.0009305806823	0.0003050420502	0.0007080928382
	0.0007080928382	0.0004994119505	0.0007738729577	0.0003428630707	0.0001822851852
	0.0001822851852	0.0001864366761	0.000194483105	0.000314295149	0.0003565507601
	0.000314295149	0.0002495934416	0.0002801891856	0.006666312565	0.006666312565
	0.3273524139	0.007603035083	0.004179293649	0.007412134879	0.004179293649
	0.005252146442	0.005727052196	0.005457994842	0.007603035083	0.003377216457
	0.004560262176	0.003377216457	0.005457994842	0.002789684391	0.002789684391
	0.002062703714	0.002062703714	0.00180123588	0.002053980338	0.002337491742
	0.002133608726	0.0001447892787	0.0002207504949	0.0001253571752	0.0002189876081
	0.0001263645511	0.003687009045	0.004514622602	0.003687009045	0.009231166168
	0.0004461954639	0.0004439747189	0.0005597192708	0.004060285068	0.00236597624
	0.0007541093205	0.0004974945678	0.0004974945678	0.000361978572	0.0003087544378
	0.0001853170874	0.000194483105	0.0002495934416	0.0002467096252	0.0002945609976
	0.0006187948434	0.0003441436152	0.0003564492965	0.006666312565	0.135321701
	0.007603035083	0.006560333773	0.004179293649	0.006560333773	0.005252146442
	0.007487117243	0.007487117243	0.003377216457	0.003871661519	0.005779774555
	0.004560262176	0.007437404165	0.003032585374	0.00352789136	0.002062703714
	0.00212242062	0.002275199225	0.002614689038	0.002614689038	0.0001754124124
	0.0001167915219	0.0001573485532	0.0001390735557	0.0001077986211	0.0001219368167
	0.003687009045	0.005138303166	0.006111090085	0.0005597192708	0.0005597192708
	0.004417748876	0.00236597624	0.0007727716396	0.0003564492965	0.000667997805
	0.0003087544378	0.0003087544378	0.0008963016577	0.000133153144	0.0001536663988
	0.0001961980603	0.0001961980603	0.0003378416189	0.0002437072685	0.0003564492965
	0.0003378416189	0.0005092062757	0.0005006138664	0.005795462512	0.1135920672
	0.007956124368	0.006913933979	0.006560333773	0.006942587637	0.004879275324
	0.007487117243	0.003956040881	0.005328626958	0.004395053079	0.005779774555
	0.007437404165	0.003956040881	0.003956040881	0.007794492565	0.003880601568
	0.002328973129	0.002328973129	0.002259812543	0.002658339465	0.002658339465
	0.0001372202796	0.0001167915219	9.036402292e-05	0.0001278313577	0.0001219368167
	9.481607e-05	9.481607e-05	8.528726981e-05	0.005138303166	0.006111090085
	0.001679275639	0.0003062900272	0.002791844047	0.0005251911105	0.000667997805
	0.0003062900272	0.0005251911105	0.000133153144	0.000110828611	0.0001676645079
	0.000153189091	0.0002810475673	0.0002810475673	0.0005006138664	0.0003949134703
	0.0003278955544	0.0004820105163	0.0256082326	0.05632238909	0.007077160418
	0.006845022949	0.006845022949	0.006545134588	0.007214552639	0.007794492565
	0.00457014978	0.005392692979	0.005331711672	0.007214552639	0.00307214683
	0.00457014978	0.007794492565	0.00836720387	0.003085752153	0.003085752153
	0.002328973129	0.002477521589	0.002477521589	0.002658339465	0.003023842069
	0.004346902495	0.0001038177357	8.681402898e-05	7.567056805e-05	0.0001504479011
	8.413981356e-05	5.970141491e-05	8.279602034e-05	7.567056805e-05	5.933746314e-05
	4.104130726e-05	5.933746314e-05	8.528726981e-05	9.481607e-05	6.739406452e-05
	8.528726981e-05	0.002791844047	0.006624552723	0.001281493495	0.0005353844053
	0.002380398218	0.0004197621916	0.0005251911105	0.0004917417821	0.0007441206486
	9.376838758e-05	0.0001971213389	0.000153189091	0.0001676645079	0.0002658424658
	0.0002810475673	0.0003518025677	0.0003278955544	0.0003778459567	0.04456765097
	0.1088049516	0.005948099457	0.003860142734	0.007535752895	0.007214552639
	0.008102091289	0.005151612421	0.005151612421	0.006809647108	0.006833743775
	0.003547698582	0.008102091289	0.007960125266	0.007643323255	0.002490024491
	0.003085752153	0.004140953856	0.002490024491	0.002477521589	0.003277441986
	0.002691590425	0.003547698582	0.004346902495	0.003769267596	6.986975959e-05
	5.982182104e-05	6.296011932e-05	8.279602034e-05	7.541733364e-05	8.015767742e-05
	6.986975959e-05	1.146086392e-05	4.721202115e-05	2.49565459e-05	1.733421427e-05
	5.608416553e-05	4.104130726e-05	5.254578307e-05	4.104130726e-05	7.245218909e-06
	1.146086392e-05	0.000134597828	6.739406452e-05	6.739406452e-05	0.0001645261961
	0.009480994421	0.0133688807	0.0008976357446	0.0006660433254	0.0006660433254
	0.0004155728198	0.0004917417821	0.0004917417821	0.0005821729656	0.000134597828
	0.0001971213389	0.0003392433423	0.0002658424658	0.0003106658131	0.0004137395299
	0.0003106658131	0.0003778459567	0.02164287634	0.1088049516	0.003860142734
	0.005948099457	0.007535752895	0.00679177403	0.005151612421	0.004833524201
	0.00679177403	0.007433999913	0.007433999913	0.006177366712	0.002568167275
	0.002544961162	0.002827888617	0.003376472977	0.003075091802	0.002525059189
	0.002667205375	0.002667205375	0.003769267596	0.004712545674	0.003769267596
	6.986975959e-05	5.982182104e-05	5.110304862e-05	6.740162782e-05	8.207770383e-05
	0.0001139920357	4.859001939e-05	1.146086392e-05	2.29925648e-05	1.702936549e-05
	2.89428058e-05	5.254578307e-05	3.389357346e-05	3.722206687e-05	1.635976962e-06
	1.635976962e-06	5.874496889e-08	5.042153051e-07	1.856580984e-06	7.165231512e-06
	3.67552804e-06	0.0002429277831	0.0001803324721	0.0001628196522	0.0001628196522
	0.001774542648	0.01817242361	0.0004155728198	0.0006660433254	0.0004155728198
	0.0004782918053	0.0005019113045	0.0005494664915	0.0003792721911	0.0002429277831
	0.0005431319472	0.0004936208274	0.0003106658131	0.0004407482438	0.0005244879895
	0.03034670962	0.2169301529	0.005615535261	0.005333383961	0.02271487832
	0.00679177403	0.004712545674	0.004833524201	0.006721804997	0.006177366712
	0.006177366712	0.002568167275	0.002568167275	0.002563930013	0.002858972562
	0.003426952898	0.003075091802	0.003075091802	0.002586500246	0.002586500246
	0.003888450182	0.003693584869	0.003640909715	6.112107974e-05	6.112107974e-05
	4.082747429e-05	8.207770383e-05	0.0001296486299	0.0001139920357	4.618529797e-05
	1.098708373e-05	2.453566866e-05	2.453566866e-05	2.867088502e-05	2.56429569e-05
	2.56429569e-05	7.468172018e-06	5.874496889e-08	4.750275728e-10	1.856580984e-06
	5.635661982e-08	5.74662451e-08	5.635661982e-08	1.684699061e-06	3.67552804e-06
	4.145511466e-06	0.0002429277831	0.0002004275398	0.0001628196522	0.0002757851447
	0.01052671695	0.01817242361	0.000438009769	0.0008533365326	0.000438009769
	0.0004407482438	0.0004355892369	0.0004355892369	0.0004078849476	0.0004936208274
	0.0005431319472	0.0003845276854	0.0005431319472	0.0006214831086	0.0006214831086
	0.0005288453603	0.02271487832	0.2451631686	0.00557994117	0.005333383961
	0.02878517583	0.005419880288	0.004285673733	0.005419880288	0.005124476345
	0.003131085142	0.004666298445	0.002393172235	0.002419084629	0.002612102991
	0.002878082397	0.00346246718	0.004238117627	0.002649791385	0.002576882155
	0.002586500246	0.004285673733	0.003912342715	0.003583927117	6.112107974e-05
	7.011922904e-05	7.011922904e-05	0.0001296486299	0.0001296486299	0.0003136087877
	6.694476829e-05	1.917172436e-05	1.917172436e-05	2.867088502e-05	3.530979661e-05
	2.786957741e-05	7.468172018e-06	4.145511466e-06	7.102469279e-08	1.48253128e-07
	1.581799356e-06	5.635661982e-08	2.230739318e-07	4.323573553e-07	4.145511466e-06
	0.0004061168462	0.0003136087877	0.000533813165	0.005165765049	0.0245764087
	0.000438009769	0.0003067418307	0.0004078849476	0.0004791779031	0.0004355892369
	0.0004176249784	0.0006168257505	0.0005698423255	0.0008077696051	0.0008077696051
	0.0006214831086	0.0006341289381	0.1049065889	0.2353633101	0.009650927034
	0.007125401882	0.02878517583	0.005124476345	0.003530251923	0.003236187701
	0.003580890544	0.002605688572	0.002605688572	0.006275331231	0.002393172235
	0.002393172235	0.002419084629	0.002587846352	0.00346246718	0.004238117627
	0.004238117627	0.007125401882	0.002649791385	0.002323042129	0.003530251923
	0.002956045761	0.002589676904	6.694476829e-05	0.00011835233	6.192831521e-05
	0.0004793566181	0.0003001573667	0.0001123545074	0.0003001573667	0.0001133856241
	1.917172436e-05	2.727770364e-05	2.727770364e-05	5.854724999e-05	2.506915307e-06
	1.059782527e-05	4.84204033e-06	1.48253128e-07	1.48253128e-07	5.024440801e-07
	7.958639969e-07	7.958639969e-07	4.323573553e-07	1.00466268e-06	2.506915307e-06
	0.000533813165	0.000533813165	0.005165765049	0.006510219018	0.0002900606166
	0.0005248392354	0.0002900606166	0.0005283465794	0.0004791779031	0.0004932026362
	0.0007726621054	0.00076197973	0.0007968227213	0.0008539294462	0.001037022581
	0.0007679879881	0.1049065889	0.2152680482	0.007125401882	0.0326453547
	0.003236187701	0.003236187701	0.002396427043	0.002589676904	0.002583159038
	0.002583159038	0.004417519307	0.002114088036	0.002114088036	0.002323567022
	0.002578476547	0.00256440341	0.003453698303	0.004164421036	0.006564458702
	0.001999736304	0.001999736304	0.002843479895	0.002294613958	0.002589676904
	2.188739072e-05	0.0006208821056	0.00011835233	9.930976734e-05	0.0004680243514
	0.0003001573667	0.000184121996	0.000184121996	2.188739072e-05	9.664044586e-05
	6.659916934e-05	5.854724999e-05	7.312231789e-06	1.131688809e-05	1.963902545e-06
	4.999524148e-06	3.943605472e-06	4.999524148e-06	1.00466268e-06	1.906060375e-06
	7.312231789e-06	1.906060375e-06	0.00076197973	0.0005248392354	0.00342637754
	0.0002900606166	0.0004208520251	0.0002607558059	0.0007679879881	0.0005283465794
	0.0004486549285	0.001024386908	0.001019177154	0.0007968227213	0.001295173899
	0.001295173899	0.0008321681398	0.1446108998	0.1910032782	0.017971416
	0.0326453547	0.005149846805	0.002709761332	0.00273458516	0.002583159038
	0.002307454915	0.002307454915	0.005149846805	0.002155202031	0.002114088036
	0.002323567022	0.002323567022	0.002578476547	0.003453698303	0.004125875205
	0.003453698303	0.01072791187	0.001999736304	0.002843479895	0.002445515838
	0.002438747101	0.002445515838	0.0008075503897	0.0008075503897	2.53242766e-05
	2.686479517e-05	0.0006208821056	0.0002286527068	0.0002286527068	0.0003867292295
	0.0002519781124	0.0002701577152	0.0007513277407	6.659916934e-05	0.0001888383183
	6.659916934e-05	7.312231789e-06	8.731636811e-06	1.317208465e-05	1.351727047e-05
	1.756531806e-05	8.979423447e-06	4.942441869e-06	6.311303683e-06	6.311303683e-06
	0.001214756923	0.0004208520251	0.001550967072	0.0002607558059	0.0002637657601
	0.0002607558059	0.0004063418391	0.0007490113594	0.0007490113594	0.0005039739951
	0.001214756923	0.00110914589	0.001288557684	0.001524029776	0.001031542446
	0.08160450311	0.09210361725	0.01072791187	0.03049220033	0.002709761332
	0.002709761332	0.00206475288	0.00192109432	0.001775651304	0.007294167743
	0.001809887285	0.002125835309	0.002125835309	0.002019517695	0.004085549682
	0.002550870948	0.00256015465	0.004125875205	0.007294167743	0.001529134301
	0.001809887285	0.002065122533	0.002445515838	0.00206475288	0.001585099138
	0.002022530606	0.001109314313	0.0007513277407	3.081951162e-05	3.081951162e-05
	0.000654496999	0.0002286527068	0.0003867292295	0.0005467928596	7.493971594e-05
	7.493971594e-05	0.0002062175956	0.0001550571306	2.933270984e-05	1.317208465e-05
	3.239368473e-05	3.323608757e-05	2.586046334e-05	1.420111296e-05	8.979423447e-06
	2.444165118e-05	2.444165118e-05	0.001109314313	0.001502501822	0.001609012529
	0.001550967072	0.0002834864502	0.0002227832969	0.0003837714864	0.001154494825
	0.0006868288099	0.0008193853294	0.001502501822	0.001288557684	0.001288557684
	0.001022673052	0.06413755508	0.05084213438	0.01682355371	0.01682355371
	0.002966480239	0.004649638766	0.001873194069	0.001775651304	0.007294167743
	0.001871945032	0.00203892394	0.00203892394	0.00199671572	0.00345759155
	0.003446617308	0.002550870948	0.002934835979	0.007622007533	0.001715398535
	0.001646681153	0.001394951959	0.002636086198	0.002966480239	0.002636086198
	0.001861128181	0.001309978542	0.001697409725	0.001109314313	0.0007813561949
	6.854973109e-05	0.0005467928596	0.0004433300741	0.0006587244552	0.0006587244552
	0.0001757401582	6.878185118e-05	0.0003566577571	0.0001757401582	4.183547336e-05
	3.239368473e-05	3.239368473e-05	3.318229702e-05	4.902312235e-05	3.322956194e-05
	2.444165118e-05	0.001324990321	0.001645427346	0.001645427346	0.0004950499543
	0.003116646538	0.0002834864502	0.000496036031	0.0004676481903	0.001022673052
	0.0008193853294	0.0007817649771	0.001502795762	0.001467380236	0.001022673052
	0.02815686071	0.05084213438	0.01682355371	0.01778516047	0.003930265599
	0.001260071729	0.001581460347	0.00516565389	0.001607764379	0.001607764379
	0.001735352151	0.003437318666	0.001921854169	0.003446617308	0.003446617308
	0.002531643324	0.01117222737	0.001270616173	0.00135743398	0.001270616173
	0.002636086198	0.003930265599	0.002864443178	0.001890726506	0.001890726506
	0.001697409725	0.001215323963	0.0009933783526	9.836373782e-05	9.836373782e-05
	0.0006618345101	0.0005235271055	0.0005741435615	0.0001757401582	0.0003580239043
	0.0002380715485	6.086800764e-05	5.19176218e-05	9.424047049e-05	9.424047049e-05
	3.318229702e-05	3.318229702e-05	4.902312235e-05	3.322956194e-05	0.001324990321
	0.001664822262	0.001664822262	0.001324990321	0.000496036031	0.001678797194
	0.0006822868159	0.0009798381857	0.0009927055992	0.0009480689217	0.001028737516
	0.0009927055992	0.001502795762	0.001314197277	0.001314197277	0.01778516047
	0.02043307503	0.01294404549	0.01294404549	0.004584620052	0.001171954151
	0.001231014357	0.006468942298	0.00135743398	0.001492727505	0.004094321316
	0.001660605156	0.003016929651	0.00219039287	0.002602801409	0.002190466475
	0.01117222737	0.001085422491	0.00118360228	0.00135743398	0.0008079220906
	0.003104487202	0.002813188218	0.001890726506	0.001624005865	0.001315273561
	0.001231014357	0.001076816642	0.0009933783526	0.0007778621896	9.836373782e-05
	0.0002150277167	0.0003460445302	0.0007544646647	0.0005741435615	0.0005741435615
	0.0003460445302	6.086800764e-05	8.05469793e-05	9.101005179e-05	9.424047049e-05
	8.19020468e-05	9.180881119e-05	4.095837271e-05	5.959487326e-05	5.876921171e-05
	0.001098622419	0.001548883377	0.001243602957	0.001476567924	0.0009798381857
	0.001401704459	0.0008595280396	0.0009798381857	0.0009927055992	0.0009480689217
	0.00103815003	0.00103815003	0.001314197277	0.001078272142	0.01954207944
	0.008765888876	0.01294404549	0.00949046989	0.006468942298	0.001171954151
	0.006468942298	0.00118360228	0.001492727505	0.001660605156	0.004085460967
	0.003537714431	0.00219039287	0.002614993496	0.00219039287	0.002537697614
	0.00127220116	0.007913251758	0.0008079220906	0.00118360228	0.0008079220906
	0.0007980745175	0.003235968271	0.004241007965	0.001383010059	0.003235968271
	0.001292704751	0.0009713589976	0.001076816642	0.0009992521556	0.0007309960541
	0.0007309960541	0.0001067945722	0.0002150277167	0.0003376236842	0.0004849891924
	0.0004849891924	0.0001293149796	8.05469793e-05	7.117821919e-05	7.117821919e-05
	0.0001465273338	0.0001465273338	0.0001892609483	0.0001892609483	5.302327918e-05
	5.531841137e-05	7.877416702e-05	0.0009992521556	0.001150969732	0.001309918157
	0.001223052085	0.001476567924	0.001788353337	0.002036951961	0.00177474858
	0.001193557234	0.001304650996	0.0008313673174	0.001148886356	0.00084337472
	0.001120785581	0.000884583047	0.001037028406	0.00949046989	0.008765888876
	0.008288589324	0.008288589324	0.005951329139	0.005966835507	0.0008664428758
	0.0009952029775	0.001279100543	0.001664848142	0.003504136174	0.003174410229
	0.003174410229	0.002322051831	0.001975522942	0.0022350491	0.00127220116
	0.00127220116	0.007720255321	0.0007980745175	0.0009739628795	0.0008664428758
	0.0007980745175	0.003235968271	0.004002826039	0.002129144015	0.002273921165
	0.001292704751	0.0009713589976	0.0007591292388	0.0008906753557	0.0006875535947
	0.0005432611453	0.0006875535947	0.0002192896981	0.0003376236842	0.0003376236842
	0.0001207977129	0.0001207977129	8.050322979e-05	0.0008778796545	0.0002169156214
	0.0002169156214	0.0001892609483	0.000145771173	0.0001238974609	0.0001238974609
	8.050322979e-05	0.001223052085	0.001150969732	0.0009704394895	0.001090913782
	0.001090913782	0.004879506064	0.001480439491	0.001304650996	0.001304650996
	0.001143945093	0.000884583047	0.0009542289874	0.000884583047	0.0008096692581
	0.007979636497	0.007979636497	0.0009824409578	0.007720255321	0.005282638651
	0.005966835507	0.0006674362099	0.0007770268194	0.001518044396	0.001696329565
	0.003392885689	0.003174410229	0.002812578818	0.002322051831	0.002322051831
	0.001265929643	0.0009739628795	0.006188789136	0.005282638651	0.0006035839723
	0.0009739628795	0.0006035839723	0.0006006408894	0.001922726797	0.00363058227
	0.00520489529	0.00363058227	0.001922726797	0.001144858333	0.001261375241
	0.0007591292388	0.0007591292388	0.0007094915845	0.0006875535947	0.0005142056368
	0.0005142056368	0.0002732181252	0.0003761210124	0.0001207977129	0.000211024064
	8.050322979e-05	0.0009704394895	0.0007309455458	0.0003477167954	0.0004160390435
	0.0003007291873	0.0001238974609	0.0001751854155	0.0001751854155	0.0001187366174
	0.0008174773537	0.0009704394895	0.001090913782	0.0007895695511	0.002278474538
	0.0129387747	0.002168850639	0.002168850639	0.001143945093	0.0008096692581
	0.000674762607	0.0008401856608	0.0006386083534	0.000674762607	0.007979636497
	0.006126767121	0.002589486501	0.006188789136	0.005282638651	0.0005102589679
	0.001455871499	0.001455871499	0.003462722749	0.003462722749	0.002810444228
	0.00240260617	0.002081998182	0.001234092109	0.0008431349485	0.001036746996
	0.006188789136	0.005143958094	0.0005157234868	0.0006006408894	0.0008431349485
	0.0006103481417	0.0005102589679	0.0005157234868	0.000654189004	0.002965862303
	0.00520489529	0.00363058227	0.00406753152	0.002011738392	0.001140129615
	0.001862233482	0.0009214450072	0.0009214450072	0.0007094915845	0.0004435703741
	0.0003574419389	0.0003192810925	0.0003192810925	0.0001270297621	0.0002431933224
	0.0001577420471	0.0007787954476	0.0007309455458	0.0004992950917	0.0003007291873
	0.0003007291873	0.0002680244325	0.0001925040894	0.0001930900391	0.0001187366174
	0.0009461945407	0.0007225488622	0.0007225488622	0.0006991483194	0.012698754
	0.01033320671	0.004962767207	0.002829940753	0.001361597285	0.0009189703156
	0.0004279730013	0.0006527435574	0.0004279730013	0.001569539405	0.002488693614
	0.003307039894	0.003114014817	0.005234767858	0.001455871499	0.001731172952
	0.003416146642	0.003462722749	0.003460719586	0.002338807246	0.002338807246
	0.002077783578	0.00176661702	0.001498640536	0.0008616125926	0.0008431349485
	0.0006745924849	0.005244624975	0.005051191378	0.0005609038591	0.0004583420652
	0.0004788722235	0.0004814338917	0.0004504846809	0.0006360056754	0.004982392583
	0.003249923169	0.003249923169	0.001862233482	0.0009854346131	0.001862233482
	0.0009214450072	0.0008789784302	0.0005304435651	0.0004435703741	0.0003574419389
	0.0003574419389	0.0002673355994	0.0001577420471	0.0001577420471	0.0006229518295
	0.0006229518295	0.0005076887377	0.0005076887377	0.0002680244325	0.0002680244325
	0.0001925040894	0.0001856990004	0.0001471426765	0.0007225488622	0.000605500976
	0.000605500976	0.012698754	0.03853272357	0.004768443317	0.002475722687
	0.001358729779	0.0008086487343	0.0004279730013	0.000542565695	0.0004465453985
	0.002134897122	0.003133387274	0.006737073469	0.003839280878	0.005051191378
	0.001498640536	0.003413835427	0.003413835427	0.00263957129	0.002614031806
	0.002273099685	0.001052821204	0.002077783578	0.001315869035	0.001315869035
	0.0006745924849	0.0006745924849	0.0005029911532	0.004154456933	0.003133951124
	0.000544781226	0.0004504846809	0.0004814338917	0.0004814338917	0.000795626528
	0.000795626528	0.004982392583	0.004982392583	0.002709006191	0.002139136639
	0.002139136639	0.001612666288	0.001612666288	0.0008902418182	0.0001967208604
	0.0005183899246	0.0002940925875	0.0002940925875	0.0001708838983	0.0004834339935
	0.0006163210952	0.0005654584487	0.0008200945417	0.0006332244417	0.0004575136299
	0.0003758128689	0.0001856990004	0.0001856990004	0.0001972234691	0.000502713131
	0.0003738003748	0.0005363879419	0.0005392760147	0.01629014384	0.03853272357
	0.004768443317	0.002549590964	0.001187502401	0.000750626328	0.0004465453985
	0.0004110161047	0.00351332468	0.001496889873	0.006737073469	0.002103907376
	0.004650550964	0.0009175945575	0.0005948658816	0.003427072923	0.003413835427
	0.003421352102	0.002614031806	0.005283169015	0.002273099685	0.002159236703
	0.001073064033	0.001618351832	0.001314991925	0.0007582013933	0.0006155598758
	0.0005029911532	0.004154456933	0.004154456933	0.0005948658816	0.0004403448459
	0.000430130813	0.000795626528	0.0009047519845	0.001471687888	0.004528516862
	0.004238949766	0.002365759479	0.001973656863	0.001612666288	0.001471687888
	0.0002768654141	0.0003552111418	0.0002940925875	0.0001972234691	0.0005223155523
	0.0004951796241	0.0003701449285	0.0007607658974	0.0007607658974	0.0006220531068
	0.0003758128689	0.0002676314901	0.0001985414018	0.0002095872625	0.000488727926
	0.0005203098663	0.0003533683489	0.0004844755468	0.02230069807	0.0400398272
	0.002549590964	0.002549590964	0.001337158953	0.0003417947287	0.0004695610514
	0.0003597098439	0.0006968133189	0.006763877114	0.002103907376	0.01463207872
	0.002103907376	0.004650550964	0.005283169015	0.0005948658816	0.0004298081879
	0.003671480912	0.003418325309	0.003418325309	0.002606181268	0.002159236703
	0.004528516862	0.001578435466	0.001578435466	0.0007582013933	0.001314991925
	0.001314991925	0.0006224666467	0.0004844036386	0.0004844036386	0.006233030829
	0.003970248889	0.0006027999098	0.0004298081879	0.0007992321021	0.001251483866
	0.0007992321021	0.001681588812	0.001681588812	0.003488588042	0.002796035801
	0.002512969851	0.002009865078	0.0002783807652	0.0003005799085	0.0002783807652
	0.0004241077264	0.000488727926	0.0003701449285	0.000488727926	0.0009006052368
	0.0006220531068	0.0006220531068	0.0003030228425	0.0003030228425	0.000280687436
	0.0002606071101	0.0003597098439	0.0003539149127	0.0003539149127	0.02230069807
	0.01843263128	0.006386861721	0.001337158953	0.001337158953	0.0004695610514
	0.0003597098439	0.0005058963414	0.000483184812	0.0006690032104	0.004530673946
	0.002337127423	0.02424739942	0.003627738484	0.006233030829	0.005295731167
	0.005212485028	0.000562049524	0.0004345497515	0.0006224666467	0.003509138518
	0.003709007823	0.003162363794	0.003162363794	0.002235727177	0.001926662896
	0.003488588042	0.001578435466	0.0007892007042	0.001112278301	0.0006224666467
	0.0004371162703	0.0004317268858	0.006076723525	0.002750741474	0.0005978651819
	0.0004735800351	0.0007992321021	0.001201961482	0.001118866237	0.002009865078
	0.001603749778	0.003488588042	0.002839425352	0.002009865078	0.003947616079
	0.0004790749499	0.0002615200907	0.0002783807652	0.0004241077264	0.0003867838616
	0.0004790749499	0.001019643527	0.000695670679	0.000695670679	0.0005034802819
	0.0005034802819	0.0002606071101	0.0002606071101	0.0004798779509	0.0003539149127
	0.0006520183268	0.006386861721	0.04352294309	0.005900554083	0.00202879688
	0.002540594769	0.000483184812	0.000709732582	0.000709732582	0.0009249457943
	0.01331113723	0.002337127423	0.03088850026	0.002750741474	0.005173564454
	0.005106122441	0.003947616079	0.0005978651819	0.0004016067345	0.0005847671676
	0.0005847671676	0.004675172019	0.004945743907	0.002906521104	0.003645323367
	0.002496225685	0.002906521104	0.001686880508	0.001686880508	0.001351223321
	0.003723225494	0.001112278301	0.0004371162703	0.0004371162703	0.0003967255537
	0.0003967255537	0.002750741474	0.0005978651819	0.0005829827714	0.0004938568095
	0.0009127940547	0.001356617171	0.001118866237	0.001156528619	0.002399734389
	0.001620956766	0.002918774946	0.002400305436	0.003947616079	0.000542215575
	0.0003113785857	0.0003113785857	0.0004075712384	0.0004369614734	0.0005640387214
	0.001625086723	0.001193157119	0.000792254967	0.0005034802819	0.0005325317414
	0.0003214943125	0.0003359716025	0.0003359716025	0.0005785296062	0.0005785296062
	0.001012272233	0.00636049235	0.04352294309	0.006060773092	0.00202879688
	0.003467331237	0.0009249457943	0.0007696001929	0.001012272233	0.000709732582
	0.001775861323	0.01331113723	0.002440141678	0.03088850026	0.002663904347
	0.004420332492	0.005106122441	0.005106122441	0.004420332492	0.0005847671676
	0.0007340503159	0.002918774946	0.004675172019	0.001351223321	0.004945743907
	0.004945743907	0.002906521104	0.003279946864	0.001763885428	0.00231956967
	0.001686880508	0.0008571900661	0.003627641688	0.0007340503159	0.0003820260376
	0.0003707683492	0.0003544039999	0.0003932184188	0.0003932184188	0.002663904347
	0.0008129275133	0.0006855826325	0.000577195504	0.001024918765	0.001356617171
	0.001156528619	0.001156528619	0.001798210765	0.002425055041	0.002918774946
	0.003588847343	0.0005640387214	0.0004769965409	0.0004769965409	0.0005640387214
	0.001887280517	0.001887280517	0.000792254967	0.0005325317414	0.0004028044002
	0.0004028044002	0.000410249708	0.0003573835837	0.0005785296062	0.001012272233
	0.01768027725	0.02708677152	0.006060773092	0.002645133568	0.001151994955
	0.002645133568	0.00168868507	0.00168868507	0.001233965507	0.001610397944
	0.002104152867	0.02236678308	0.002440141678	0.05242949058	0.002378647359
	0.004420332492	0.00380927374	0.003577360857	0.003893190626	0.003449545399
	0.0007340503159	0.002978844105	0.003462824593	0.001091668749	0.006018774323
	0.003502001691	0.003037730546	0.00231956967	0.002158193253	0.001459373091
	0.001658227052	0.001459373091	0.001091668749	0.0008571900661	0.00309592416
	0.000539326017	0.0003586499386	0.0003261320254	0.0003261320254	0.0003273189275
	0.0003932184188	0.0004760113192	0.002685803142	0.002466876499	0.0008129275133
	0.0007082003609	0.0006065976628	0.001024918765	0.001689259917	0.001529779842
	0.001412981839	0.002352646082	0.001841635221	0.00309592416	0.002753075039
	0.002352646082	0.003588847343	0.003577360857	0.000815219763	0.0007754832254
	0.0005255241515	0.001887280517	0.0007787583166	0.0005088814035	0.0005255241515
	0.0005088814035	0.0003748296002	0.0003576150607	0.0003576150607	0.0008229011232
	0.0009283060125	0.01768027725	0.02708677152	0.006019287207	0.004171832144
	0.001831032659	0.001859356998	0.003133969174	0.00168868507	0.001652732759
	0.003133969174	0.02132645425	0.003385681943	0.05242949058	0.002685803142
	0.003314278041	0.003881861364	0.003577360857	0.003449545399	0.002178030524
	0.002178030524	0.0013258849	0.001459373091	0.001352220831	0.001043135031
	0.000752983668	0.000543661405	0.002770138758	0.000365420256	0.0003538473881
	0.0003261320254	0.0003341456208	0.0003936370756	0.0004258119635	0.002466876499
	0.002466876499	0.003426669312	0.0007082003609	0.0006065976628	0.0006065976628
	0.000900986364	0.001670477158	0.001412981839	0.001226458503	0.002352646082
	0.002068150448	0.002820500639	0.002753075039	0.002820500639	0.003039830949
	0.0008229011232	0.0005255241515	0.001940085778	0.000454242436	0.001149834406
	0.0005140026205	0.000454242436	0.0003748296002	0.000351165883	0.0003576150607
	0.001728895486	0.0009283060125	0.0009283060125	0.01055788422	0.01342248926
	0.006019287207	0.004796369677	0.002643032498	0.001728895486	0.003282834641
	0.002643032498	0.004002694822	0.01284069224	0.004243632934	0.02187449919
	0.004243632934	0.00285319178	0.003426669312	0.00267627461	0.0013258849
	0.0005748905843	0.001019971847	0.001352220831	0.0006208051833	0.0005748905843
	0.002770138758	0.0002896883451	0.0003069063035	0.0003033310028	0.0004258119635
	0.0003178990095	0.0004258119635	0.002902215848	0.002427378076	0.002902215848
	0.003426669312	0.0005363469254	0.0007294587947	0.00071616391	0.0009391115946
	0.001517330503	0.001517330503	0.001100783443	0.002213225583	0.00195820348
	0.001720931418	0.002820500639	0.002267402348	0.00285319178	0.002696139927
	0.002485828699	0.0007053314401	0.0005742586885	0.001163326679	0.0004142615394
	0.001037371473	0.0007007151061	0.0003919136637	0.000351165883	0.000351165883
	0.001598106758	0.001710336442	0.001007149412	0.0008672379422	0.005831573535
	0.01342248926	0.004863682787	0.004948029744	0.00529738627	0.004863682787
	0.002643032498	0.003130566108	0.003130566108	0.004002694822	0.003469956681
	0.004509737126	0.0122296802	0.005780939651	0.01792591943	0.005780939651
	0.00267627461	0.002937300333	0.00267627461	0.0004543326388	0.0007782534242
	0.0006208051833	0.0004425308815	0.0004425308815	0.002333115446	0.0002896883451
	0.0002896883451	0.0004354940421	0.000242692059	0.000261806833	0.0003850033808
	0.0003550881743	0.002171283874	0.002902215848	0.004425401804	0.002474033012
	0.002418043794	0.00202308123	0.0006423089484	0.00071616391	0.00071616391
	0.001100783443	0.00141017262	0.00141017262	0.001100783443	0.00195820348
	0.001799424076	0.00153732693	0.002333115446	0.001950648957	0.002148271135
	0.00202308123	0.001911273527	0.002148271135	0.0005742586885	0.0004142615394
	0.001037371473	0.0004142615394	0.001037371473	0.0006297010082	0.0003435709252
	0.0003435709252	0.001710336442	0.001710336442	0.0008672379422	0.0008241893447
	0.009005549445	0.005742026005	0.004261694438	0.00529738627	0.00494763189
	0.002715635814	0.00423806564	0.003130566108	0.002715635814	0.003643048704
	0.00423806564	0.00526685154	0.005923090092	0.01007330312	0.005780939651
	0.01402516251	0.004425401804	0.002264282731	0.002264282731	0.002333115446
	0.0002503220214	0.0004354940421	0.0005277948664	0.0002603289765	0.0002936666976
	0.0003533142852	0.002064956591	0.002780959327	0.001598311922	0.002503595645
	0.002418043794	0.00202308123	0.0005539520186	0.0006423089484	0.0007801506232
	0.0009159808625	0.001376231175	0.001184862748	0.001169552653	0.002092341179
	0.001844791603	0.0014247614	0.002237838003	0.001950648957	0.001950648957
	0.002148271135	0.001911273527	0.001598311922	0.001948326842	0.0006032154581
	0.0003443890092	0.0008990709563	0.0002635627997	0.0009019588642	0.0005172730608
	0.0003435709252	0.0009703104443	0.0005698494472	0.0008241893447	0.003761534151
	0.005742026005	0.003761534151	0.00494763189	0.005976412329	0.001989025609
	0.0024140484	0.004701660584	0.004006659818	0.004701660584	0.006790902787
	0.01007330312	0.009392145686	0.01599849731	0.006361296727	0.004819049801
	0.002023147121	0.002264282731	0.00198607876	0.003209309536	0.001598311922
	0.002546554777	0.00213906582	0.0007366996423	0.0008043581361	0.0009159808625
	0.0014247614	0.001099703539	0.0009362075001	0.001844791603	0.001706312042
	0.0014247614	0.00183844184	0.00183844184	0.001967627334	0.001948326842
	0.001764229708	0.00187849173	0.001924139732	0.001753154071	0.002654846356
	0.001980673309	0.0003520450078	0.0003520450078	0.001314642536	0.0002796079107
	0.0004105536425	0.0004299662668	0.001496148191	0.0009796753456	0.0005698494472
	0.0003601728172	0.005542904195	0.003761534151	0.002852499744	0.003933263623
	0.004619964713	0.005976412329	0.006176270068	0.001989025609	0.002850572759
	0.005182558745	0.004006659818	0.005182558745	0.006361296727	0.007335837083
	0.01417787896	0.007267577453	0.004118598814	0.001861455702	0.001932481981
	0.001753154071	0.001900497434	0.0008407083906	0.0009364252861	0.001099703539
	0.0009362075001	0.0009362075001	0.002056922557	0.001535097557	0.001401749657
	0.001341380232	0.001664021165	0.001664021165	0.001794978794	0.001900358692
	0.001924139732	0.005236280642	0.003298996358	0.002142411266	0.003298996358
	0.001719724909	0.00178653413	0.001861455702	0.0003601728172	0.0001731078035
	0.001066253952	0.0003049456108	0.0003049456108	0.001710346738	0.0008480286787
	0.0008480286787	0.0004911659802	0.0003799988422	0.005542904195	0.003393318594
	0.002331611614	0.003393318594	0.003544675833	0.006021260858	0.006176270068
	0.006176270068	0.002510330382	0.004364072524	0.005575033337	0.003583806719
	0.004364072524	0.005182558745	0.007267577453	0.006556185738	0.01172387652
	0.00756238137	0.001895586791	0.001895586791	0.001177067543	0.00102065529
	0.00227379156	0.002142411266	0.001401749657	0.001401749657	0.001318783619
	0.001600662625	0.00148016456	0.001649339131	0.00206258442	0.001977150955
	0.005236280642	0.003298996358	0.003628847591	0.002142411266	0.001671712432
	0.001837291231	0.001886446549	0.0001731078035	0.0001731078035	0.0004243266243
	0.0002242471635	0.001710346738	0.001710346738	0.0004283045096	0.0004283045096
	0.0004283045096	0.005209477916	0.001787473222	0.003426842243	0.003393318594
	0.004018421372	0.004394933797	0.004904144376	0.006578683483	0.006019863145
	0.002510330382	0.006019863145	0.004835297242	0.004835297242	0.008360580463
	0.009888794889	0.01234784025	0.008360580463	0.01234784025	0.001977150955
	0.001175215288	0.002079964138	0.00227379156	0.002740690569	0.001175215288
	0.00148016456	0.001318783619	0.001532827541	0.001431094988	0.001591977162
	0.002137434696	0.005971581582	0.003628847591	0.003628847591	0.003911416159
	0.003017317432	0.001789510858	0.00184602867	0.00196335195	0.00196335195
	0.0001684198116	0.0001481499296	0.000280283613	0.0003004964156	0.002132017888
	0.001320016845	0.0004193306866	0.0004193306866	0.006023157464	0.001787473222
	0.003772447587	0.004018421372	0.00371100909	0.005727295463	0.006578683483
	0.005742809949	0.002805550257	0.00395150727	0.004835297242	0.002132017888
	0.008360580463	0.007891694815	0.007891694815	0.008139577219	0.008139577219
	0.007273391719	0.01428045477	0.002422394357	0.002079964138	0.0027022325
	0.001253858478	0.001431094988	0.001543306413	0.001431094988	0.001655113111
	0.002422394357	0.00258640196	0.003911416159	0.006027006403	0.004560626149
	0.004560626149	0.002937599988	0.003135041945	0.003684191724	0.001789510858
	0.001897613321	0.002078641766	0.00196335195	0.0001967478109	0.0001404928501
	0.0002996210483	0.0002996210483	0.002132017888	0.0008417605037	0.001393567548
	0.0004193306866	0.0007026452713	0.0002819827686	0.006088295027	0.001478043872
	0.002802192561	0.003686723748	0.003772447587	0.005727295463	0.005727295463
	0.006113848057	0.005639385581	0.003991132987	0.002998098427	0.003991132987
	0.002998098427	0.01012867515	0.005978777223	0.008065985242	0.01012867515
	0.007796748822	0.01428045477	0.002555934241	0.002628851029	0.001406140955
	0.001583089018	0.001496940112	0.001666191626	0.00258640196	0.00258640196
	0.002937599988	0.002336192945	0.004734159206	0.004881404	0.004881404
	0.003700537603	0.003684191724	0.003643375005	0.00440896643	0.001666191626
	0.001835135493	0.001897613321	0.002302246254	0.0001352440592	0.0001422430069
	0.0002996210483	0.001066893419	0.0003533463082	0.0008417605037	0.001053949011
	0.0003533463082	0.000222135134	0.003081770501	0.001563830079	0.001571236117
	0.004109227786	0.004109227786	0.004109227786	0.005109247263	0.005922042286
	0.005305449611	0.003991132987	0.004747449577	0.002998098427	0.002346089283
	0.002344237093	0.02156036959	0.02142164883	0.008065985242	0.007538747372
	0.008910345915	0.00711678139	0.007222543752	0.007796748822	0.002645512353
	0.001496940112	0.001666191626	0.003085825761	0.003160300882	0.0024783364
	0.005460163926	0.004881404	0.005295607823	0.002645512353	0.003625576966
	0.003643375005	0.003643375005	0.004595417922	0.00187588516	0.001927069209
	0.002079895291	0.002302246254	0.0001372830644	0.0001372830644	0.0007200466563
	0.0003533463082	0.0005890139003	0.000222135134	0.000222135134	0.001244808651
	0.003081770501	0.001563830079	0.004229489474	0.006172296786	0.001563830079
	0.003173668915	0.003173668915	0.003654064032	0.004280802357	0.005423247324
	0.004530041369	0.004442962241	0.004442962241	0.003731992123	0.002346089283
	0.002317184181	0.001757916044	0.006172296786	0.01939258516	0.006303998615
	0.00688351929	0.01820529997	0.00711678139	0.007222543752	0.007522034741
	0.005841635897	0.007222543752	0.00688351929	0.002645512353	0.003085825761
	0.0024783364	0.006574757465	0.005460163926	0.005295607823	0.002131256065
	0.004595417922	0.003155364495	0.002784017085	0.003155364495	0.003625576966
	0.00402231899	0.004373409226	0.004595417922	0.002011966639	0.002131256065
	0.002342135404	0.0002522678422	0.0002800825761	0.0007200466563	0.0005334079702
	0.000306679293	0.0009177607925	0.001340281469	0.001461388722	0.001959228983
	0.001320619383	0.001288733227	0.001959228983	0.003173668915	0.003015214308
	0.003379258168	0.004187699953	0.003971713503	0.004037375905	0.004037375905
	0.003731992123	0.002317184181	0.002263872992	0.001340281469	0.004443817773
	0.007548595849	0.01820529997	0.01860869819	0.01627489849	0.01056721874
	0.004943806602	0.001268750994	0.002180647739	0.006303998615	0.003841850507
	0.00688351929	0.00441183987	0.00696136185	0.004357386578	0.004244543368
	0.004068151325	0.002445890633	0.004446386615	0.00419471237	0.004061973093
	0.002058291825	0.00419471237	0.003155364495	0.002760253065	0.003250410321
	0.003367995084	0.003696925007	0.0036698134	0.004333025157	0.002058291825
	0.002445890633	0.000359240006	0.0005334079702	0.0005334079702	0.000306679293
	0.0006661222548	0.0009177607925	0.001340281469	0.001485208688	0.001409551117
	0.001288733227	0.0007173174989	0.001409551117	0.001796492884	0.003616764816
	0.003971713503	0.003971713503	0.004010962631	0.002886949005	0.002886949005
	0.002263872992	0.001751282171	0.001359418969	0.007415932076	0.01441838543
	0.009864619935	0.002656722064	0.009864619935	0.006724405148	0.002656722064
	0.001807280478	0.00412307503	0.004623766203	0.002032558815	0.001278961088
	0.001695388257	0.001113230718	0.0006553651799	0.0003613418676	0.00441183987
	0.003389349362	0.003525814698	0.002217419398	0.004195434816	0.004195434816
	0.004483414201	0.003982017392	0.002994946257	0.002445890633	0.003706975351
	0.00419471237	0.002058291825	0.003702148985	0.003010222135	0.002796007269
	0.003367995084	0.003250410321	0.003405029232	0.003551834743	0.00348668562
	0.002097470689	0.002542744645	0.0003963999054	0.0006661222548	0.0004062189334
	0.000981008886	0.000981008886	0.001270007002	0.0008372259627	0.001409551117
	0.0005325057002	0.0007173174989	0.001264620691	0.00129852048	0.001796492884
	0.002804260943	0.002804260943	0.00339835672	0.002886949005	0.002092121741
	0.002092121741	0.001558472751	0.001270007002	0.00206176057	0.00572658852
	0.004586013032	0.002075953279	0.001757396446	0.003752024685	0.0012916948
	0.00206176057	0.0009041867279	0.002217419398	0.001008359297	0.001278961088
	0.0009377533477	0.0006158089437	0.0006158089437	0.003389349362	0.003389349362
	0.002268464591	0.001520256939	0.003721184987	0.004195434816	0.00348633077
	0.003982017392	0.003982017392	0.002994946257	0.002542744645	0.003706975351
	0.002361450073	0.00348668562	0.002307861563	0.002726771983	0.00344097768
	0.003025879642	0.003326019342	0.003130692581	0.003322078813	0.002155722359
	0.002587926146	0.002094404306	0.0005487643398	0.0008105842357	0.0005487643398
	0.0008105842357	0.001073355342	0.0005008138306	0.0005008138306	0.0005325057002
	0.0003753182642	0.00129852048	0.00129852048	0.002595388182	0.002208562134
	0.002245227136	0.002282129701	0.001289288447	0.00187257609	0.001741996896
	0.001289288447	0.002264016738	0.001727107937	0.001593332941	0.0009041867279
	0.001371251786	0.001251402434	0.001577449046	0.001239823745	0.001008359297
	0.001084988488	0.00074446055	0.0009377533477	0.001239823745	0.002268464591
	0.00258111833	0.002268464591	0.001987158421	0.001071738015	0.003941985918
	0.003144322285	0.003137534416	0.002885330421	0.001987158421	0.0008758282536
	0.002587926146	0.002307861563	0.00302924891	0.002307861563	0.002726771983
	0.002669652522	0.003142350835	0.002857553064	0.002547122036	0.003030108889
	0.002094404306	0.002587926146	0.002094404306	0.0005487643398	0.0007803143355
	0.0006189520092	0.0007803143355	0.001263552103	0.0005008138306	0.0004772820194
	0.0003753182642	0.000635546643	0.000707891882	0.001435586331	0.000707891882
	0.002245227136	0.00187257609	0.001735147187	0.001408607194	0.00187257609
	0.001263552103	0.001577449046	0.001727107937	0.001642366728	0.001593332941
	0.001454974352	0.001577449046	0.001239823745	0.001065776064	0.001065776064
	0.001192410171	0.0009862065942	0.001036698573	0.001682153687	0.001987158421
	0.001071738015	0.0009087726852	0.002727900102	0.002727900102	0.002556574465
	0.002204097649	0.0004504190738	0.002500913008	0.001435586331	0.002556574465
	0.002556574465	0.001491372365	0.002547122036	0.002500913008	0.002669652522
	0.002857553064	0.002857553064	0.00230584131	0.002058588015	0.00241570386
	0.002278849243	0.0006651058096	0.0007803143355	0.0007429662092	0.0008813501489
	0.001142329015	0.000174366619	0.0002783831271	0.0001699786438	0.0003684877753
	0.0004504190738	0.00060386377	0.0007831376807	0.001435586331	0.00060386377
	0.001432872405	0.001435029013	0.001408607194	0.001530095574	0.001201833947
	0.001481132686	0.001383733106	0.001403654778	0.001403654778	0.001454974352
	0.001054538803	0.00112328368	0.001065776064	0.001022269795	0.00112328368
	0.001115610937	0.002204097649	0.0009087726852	0.0009087726852	0.002224689476
	0.002269332378	0.00170881789	0.001402032878	0.0004504190738	0.0008855183965
	0.002500913008	0.001963560233	0.001963560233	0.001432872405	0.00256941239
	0.001800800703	0.002287038269	0.002480961152	0.002281942619	0.001921781974
	0.002224933096	0.001936662671	0.00079582452	0.0009548553371	0.0009548553371
	0.001130716959	0.001142329015	0.0001056295163	0.0001699786438	0.0002576250419
	0.0001321269514	0.00060386377	0.001117081304	0.0006261666943	0.001432872405
	0.001435029013	0.001435029013	0.001196627525	0.001172445538	0.001172937729
	0.001172937729	0.0008814676076	0.001189460966	0.001034778997	0.001184668272
	0.00112328368	0.001022269795	0.000777277256	0.001168190874	0.001115610937
	0.001402032878	0.0009953673912	0.0008526858386	0.001382296158	0.001664958733
	0.00170881789	0.00170881789	0.001402032878	0.0002299746985	0.0006149679147
	0.002051047434	0.001800800703	0.001069639014	0.002281942619	0.002095060634
	0.001800800703	0.002287038269	0.001859397748	0.001728711365	0.001562892281
	0.001733000983	0.002051047434	0.001716325533	0.0009369453637	0.0009548553371
	0.001112962616	0.001124766742	0.001124766742	0.0001321269514	0.0001056295163
	0.0003556283146	0.0002299746985	0.0006261666943	0.001069639014	0.0004272813966
	0.00115353652	0.001126915486	0.001153698991	0.001196627525	0.001172445538
	0.0007303204193	0.0006821330171	0.0008814676076	0.0008814676076	0.0007303204193
	0.0007688737926	0.0007997003645	0.0007688737926	0.0006821330171	0.001037763395
	0.001252921244	0.0009335453531	0.0009335453531	0.0007997003645	0.00124149657
	0.001478069999	0.00124149657	0.0002299746985	0.0003954687159	0.002051047434
	0.001728711365	0.001562892281	0.001700374365	0.001482460908	0.001728711365
	0.001254840571	0.001536393131	0.001716325533	0.001415407103	0.001088017465
	0.001142146107	0.001232393958	0.001124766742	0.001165179134	8.546855124e-05
	0.0001348001606	0.0003688686875	8.546855124e-05	0.0007338449666	0.0008621056606
	0.001022460872	0.0004589131318	0.001085215885	0.001085215885	0.001063374121
	0.001094351756	0.0007303204193	0.0006186570619	0.0004707871953	0.0008258147988
	0.0007541532132	0.0005853237011	0.001252921244	0.001089617829	0.001184086074
	0.0009335453531	0.000893030772	0.000893030772	0.001254840571	0.00124149657
	0.001119581839	0.000985311926	0.0001744247995	0.0003556587268	0.001700374365
	0.0009338699465	0.001287827574	0.001287827574	0.001427713962	0.001482460908
	0.00131979971	0.001254840571	0.001415407103	0.001356523821	0.001221156391
	0.001232393958	0.001169828233	0.001232393958	0.0012183175	0.001165179134
	0.000283958361	0.0002034996997	0.0004589131318	0.0001624045767	0.0006548881269
	0.0009430911209	0.0006548881269	0.001128618791	0.001085215885	0.001094351756
	0.0004707871953	0.0004707871953	0.00065152496	0.0008179467087	0.0005853237011
	0.0005590185029	0.001104892616	0.0009909788887	0.001104892616	0.0008179467087
	0.00090224591	0.000893030772	0.001119581839	0.001119581839	0.0009013291938
	0.0003530796852	0.000193729646	0.001356523821	0.0009338699465	0.001287827574
	0.001231974084	0.001221675387	0.001090686388	0.001011037573	0.001036843972
	0.001317985395	0.001356523821	0.001221156391	0.001555494266	0.0012183175
	0.001464217682	0.0012183175	0.00120289649	0.001115721103	0.0004254401133
	0.0002398263104	0.0003581847498	0.0002034996997	0.0002640830782	0.0006548881269
	0.0005811719333	0.001047209782	0.0009908226313	0.0005382638391	0.0004609651421
	0.0003530796852	0.0008179467087	0.0004609651421	0.0005687991749	0.0007120393415
	0.0009909788887	0.0009909788887	0.0009530118494	0.0008928722728	0.0009530118494
	0.0008685145181	0.0008860081111	0.0008860081111	0.0008303225387	0.0003501210519
	0.001221675387	0.0007160031543	0.001036843972	0.001087379866	0.001035418774
	0.0009021707501	0.0009021707501	0.0009584340428	0.001004595128	0.001015530451
	0.001015530451	0.001464217682	0.001386040588	0.001464217682	0.001386040588
	0.001209079964	0.001015392549	0.001015392549	0.0005382638391	0.0003581847498
	0.0002640830782	0.0002924052649	0.0005777533459	0.0008862689234	0.0008862689234
	0.000681223968	0.0005382638391	0.0003961316955	0.0003501210519	0.0007277432209
	0.000519873674	0.0007120393415	0.0009116211939	0.0008630198553	0.0008685145181
	0.000841697485	0.0008685145181	0.0007153485592	0.0008860081111	0.0008303225387
	0.0008303225387	0.0004604362023	0.001035418774	0.0008281692578	0.0007186812718
	0.0008458308244	0.0009021707501	0.0008281692578	0.000812335359	0.0008952918919
	0.0008129663376	0.0008129663376	0.001829166368	0.001386040588	0.001829166368
	0.001209079964	0.001209079964	0.001015392549	0.001127078591	0.0004925932136
	0.0003422357901	0.0004527832336	0.0004527832336	0.000681223968	0.0008990838229
	0.0007908822893	0.0004925932136	0.000519873674	0.0007103445821	0.0006152981805
	0.0007153485592	0.0008677183368	0.0009082489069	0.0007153485592	0.0007885117179
	0.0007616184756	0.0007515513222	0.0007614667699	0.0004604362023	0.0008458308244
	0.0006545874187	0.0007473645707	0.0006113168854	0.0006545874187	0.0006704548565
	0.0006704548565	0.0005608264571	0.0005947368091	0.0006518686874	0.001829166368
	0.001450313419	0.00166394007	0.00126016524	0.001127078591	0.001135558088
	0.001127078591	0.0004925932136	0.0004562536546	0.0004527832336	0.0007908822893
	0.0008990838229	0.0008018493778	0.0005425625286	0.0005738300027	0.0006701245938
	0.0007285891931	0.0007335070988	0.0007614667699	0.0008104945501	0.0007515513222
	0.0007614667699	0.000623890656	0.0005527239523	0.0005115183219	0.0004888945272
	0.0005487860027	0.0005639552785	0.0006144164909	0.0006090593905	0.0005608264571
	0.0005314001204	0.0004548874695	0.00195069456	0.001396733357	0.001835319051
	0.001396733357	0.001310239438	0.001035651197	0.001310239438	0.0006298201702
	0.0005253152343	0.0005759603954	0.0005759603954	0.0008380751298	0.0008380751298
	0.0007524406716	0.0006298201702	0.0006701245938	0.0007539316373	0.0007191802639
	0.0007336015049	0.0006846282971	0.0006509121816	0.000623890656	0.0005115183219
	0.0004116511272	0.0004491151134	0.0004705058682	0.0005012409467	0.0005491481406
	0.0006509121816	0.0003265806994	0.0003731814914	0.0003090566269	0.001835319051
	0.001435706929	0.001835319051	0.001435706929	0.001310239438	0.001073175549
	0.001244062402	0.0006298201702	0.0007387058373	0.0007467980375	0.0008380751298
	0.0010065809	0.0007896961854	0.0008223911004	0.0006990703164	0.0007033074465
	0.0007025898657	0.0006755504426	0.0006509121816	0.0007544982272	0.0004116511272
	0.0004116511272	0.0003832492118	0.0004345345457	0.0004816992522	0.0006021387841
	0.0006021387841	0.0002543382714	0.000275590583	0.000275590583	0.002234496167
	0.001905179521	0.001979051824	0.001488789625	0.001421381081	0.001244062402
	0.001421381081	0.0007562351903	0.0007467980375	0.0007467980375	0.0008208191376
	0.001145830064	0.000943942235	0.0009078729464	0.0007544982272	0.0007223866291
	0.0006947288132	0.0006947288132	0.0007544982272	0.0003775159628	0.0003832492118
	0.0003832492118	0.0004215095706	0.0004860753489	0.0006021387841	0.0006497439384
	0.0002083105181	0.000275590583	0.0002083105181	0.002234496167	0.001979051824
	0.001979051824	0.001627732068	0.001421381081	0.001145830064	0.00127434786
	0.001234939462	0.000833373392	0.0008648951448	0.000833373392	0.0009078729464
	0.001190941731	0.000943942235	0.0008953802148	0.0007223866291	0.0007223866291
	0.0006947288132	0.0007904394989	0.0003110099195	0.0003561698912	0.0003561698912
	0.0004860753489	0.0004860753489	0.0005630028524	0.0007089819008	0.000184646765
	0.0002570394135	0.000184646765	0.002070768577	0.002068612064	0.002068612064
	0.001695844719	0.001695844719	0.00127434786	0.001565774315	0.001154625134
	0.001234939462	0.0008888208045	0.001045294175	0.001007164148	0.000910967767
	0.0007940003073	0.0007089819008	0.0007940003073	0.0002570394135	0.0004474743108
	0.0003667597633	0.0007873999839	0.0004474743108	0.0005258720567	0.0006317761546
	0.0007089819008	0.000184646765	0.0002583318973	0.0002302765337	0.002411423401
	0.002148669685	0.002148669685	0.001920429549	0.001298698048	0.001626327158
	0.001213145279	0.001364341462	0.001213145279	0.001007164148	0.001018872972
	0.000916474715	0.0007940003073	0.0003371074943	0.0004474743108	0.0003371074943
	0.0007873999839	0.0008024842027	0.0005258720567	0.0006399155769	0.0002060330408
	0.0002302765337	0.0002302765337	0.002600651589	0.00207008961	0.002235435763
	0.00196218476	0.00207008961	0.001429570865	0.001875375199	0.001354872815
	0.001354872815	0.001138250538	0.001138250538	0.001047745895	0.001047745895
	0.0003654485765	0.0005267030405	0.0003654485765	0.0008133137886	0.0008133137886
	0.0006644732802	0.0005267030405	0.0002498564952	0.0002915076625	0.0002498564952
	0.002600651589	0.00207008961	0.002666975302	0.002129331816	0.001732687018
	0.001732687018	0.001973670772	0.001354872815	0.001180621713	0.001324859964
	0.001040013919	0.0003654485765	0.0005267030405	0.000379286927	0.0007717620494
	0.001040013919	0.0007378223884	0.0002498564952	0.0003625216318	0.0003246548319
	0.002666975302	0.002129331816	0.002435871949	0.001731790694	0.001732687018
	0.001973670772	0.001324859964	0.001199252204	0.001324859964	0.001199252204
	0.0003625216318	0.0005979230931	0.0005730540124	0.0007378223884	0.0007595091776
	0.0005979230931	0.001199252204	0.0003122848843	0.0005241108031	0.0004111615293
	0.002783428296	0.002109884827	0.002551096983	0.002551096983	0.001731790694
	0.001889909181	0.002293296745	0.001390075751	0.001234866258	0.001019122135
	0.0005241108031	0.000811839669	0.000811839669	0.001633908056	0.001391710315
	0.0004111615293	0.0005241108031	0.0005183585552	0.002902264677	0.002293296745
	0.002559028527	0.001885830002	0.002069469657	0.002330897474	0.001579539875
	0.001019122135	0.0008338521695	0.000811839669	0.001885830002	0.001633908056
	0.001313127973	0.001170320724	0.0006403690035	0.0006403690035	0.002902264677
	0.0026960823	0.002823973398	0.001930536357	0.002397797016	0.001655745329
	0.001590913515	0.0008338521695	0.001590913515	0.001170320724	0.0006403690035
	0.0006656387472	0.002804535971	0.002823973398	0.002782486793	0.002155567333
	0.002480602128	0.001781094199	0.001590913515	0.00128723937	0.001007852045
	0.000841171766	0.000841171766	0.003025045844	0.003132107627	0.002782486793
	0.002480602128	0.00181287997	0.00181287997	0.001088192434	0.001298229718
	0.001298229718	0.003132107627	0.003129667573	0.002937830679	0.002210550099
	0.001648671653	0.001298229718	0.003270555582	0.003636984159	0.002618107993
	0.001648671653	0.001648671653	0.003636984159	0.003636984159	0.002618107993
	0.002874473713	0.004988203687	0.002874473713	0.006303031651	0.001028695299
	0.0009789792229	0.0007886278556	0.0007886278556	0.0002331911463	0.0010543555
	0.001035471216	0.0001517418516	0.0002331911463	0.0009095290569	0.002676640045
	0.0009095290569	0.0005839151539	0.0007702295937	0.0004406234741	0.0005364710609
	0.001554496611	0.0008615021177	0.0002606037044	0.00101122351	0.001078924341
	0.0010543555	0.0010543555	0.0001517418516	8.299252406e-05	0.0008951179784
	0.0006728597298	0.0003592884415	0.0003592884415	0.0004051352162	0.0003380893935
	0.0004448615386	0.0003233870715	0.001619600123	0.0009095290569	0.0005839151539
	0.0005839151539	0.0004406234741	0.0004406234741	0.0005811998416	0.00101122351
	0.0008615021177	0.0007083506475	0.0006800133419	0.00101122351	0.0009783804574
	0.0007919811106	0.0007155936632	0.0008951179784	0.0008951179784	0.0001949321753
	0.0006728597298	0.000778672977	0.001272800916	0.0004108013304	0.0005217405702
	0.0003592884415	0.000361432711	0.000441810378	0.0008148371455	0.0004087249188
	0.0004087249188	0.0004448615386	0.0003631248689	0.000441810378	0.0004968267371
	0.000658783418	0.0005429235098	0.0006335391808	0.0007185950886	0.0005366436575
	0.0007185950886	0.0008005347791	0.0008166375974	0.0007480129656	0.000658783418
	0.0006800133419	0.0006800133419	0.000778672977	0.00071225944	0.0009715431072
	0.0009715431072	0.0003021110767	0.0007828123441	0.0007704461641	0.0003312195779
	0.0003464408437	0.000490699966	0.0007812215237	0.0003021110767	0.0005217405702
	0.000361432711	0.0003312195779	0.0005380334524	0.0004731398432	0.0005092271485
	0.0007303531838	0.0005145169403	0.0005408928974	0.0004968267371	0.0008229057886
	0.0004374494388	0.0004968267371	0.0006358307155	0.0005408928974	0.0006358307155
	0.0007185950886	0.0006157277275	0.0008166375974	0.0006286534964	0.0006875323104
	0.0006574038149	0.0006574038149	0.00071225944	0.0006696447445	0.0007670539013
	0.0009715431072	0.0006696447445	0.0005494330502	0.0003755219735	0.0004740722795
	0.0003312195779	0.0004740722795	0.000686600932	0.0003733554679	0.0003535099203
	0.0003733554679	0.000338373189	0.0003123176482	0.0006619597189	0.0005380334524
	0.0005380334524	0.0005255840358	0.0005033007483	0.0005145169403	0.0005145169403
	0.0005525433796	0.0005487498329	0.0005487498329	0.0005762836353	0.0005525433796
	0.0005607197467	0.0006286534964	0.000631552668	0.000631552668	0.0006321911172
	0.0006786351866	0.0006875323104	0.0006623741064	0.0006623741064	0.0007150524721
	0.0006844434815	0.0006629755714	0.0006696447445	0.0005494330502	0.0005494330502
	0.0007713148666	0.001428209175	0.0003538207626	0.0009931064705	0.0004219605681
	0.0003619123553	0.0003601384297	0.0003281987579	0.0002486764834	0.0002771966434
	0.000317565152	0.0003733554679	0.0003601384297	0.0003123176482	0.0004458103608
	0.0007159274637	0.0006747117646	0.0005849887757	0.0005881671055	0.000570495779
	0.0005525433796	0.0006190923932	0.0005487498329	0.0005849887757	0.0006212393293
	0.0006321911172	0.0006321911172	0.0006524996351	0.0006792471588	0.000670824416
	0.0006790189153	0.0007099663931	0.0006590077926	0.0006942761044	0.0006629755714
	0.0006150615522	0.0005480481938	0.0005377254207	0.0003486060064	0.0003486060064
	0.0009931064705	0.0005840026668	0.0009931064705	0.000753998148	0.000865556959
	0.0004776933743	0.0004219605681	0.0004219605681	0.0003945841379	0.0003346370578
	0.0002717454382	0.0003332943699	0.0003711552143	0.0004031338306	0.0007159274637
	0.0004733084071	0.0004458103608	0.0006648761659	0.0009286832402	0.0006747117646
	0.0006747117646	0.0006576202278	0.0006524996351	0.0006576202278	0.0006825612796
	0.0006212393293	0.0006808466675	0.0006212393293	0.0006771097323	0.0006771097323
	0.000692693453	0.0006910150753	0.0007099663931	0.0007099663931	0.0006826748431
	0.0006826748431	0.0006011951787	0.0006150615522	0.000545127232	0.0004116066877
	0.0003039236416	0.0003486060064	0.000645259079	0.000645259079	0.001052585257
	0.0009462712394	0.0009419625851	0.001487886528	0.0003977048011	0.0003945841379
	0.0006084873217	0.0003945841379	0.0006783427366	0.000313539083	0.000313539083
	0.0003039236416	0.0003854619733	0.0004497908651	0.0004031338306	0.0005243857023
	0.00074601569	0.0004733084071	0.0006648761659	0.000501295847	0.0008976817789
	0.0006857274376	0.0007355643636	0.0007355643636	0.0007392512687	0.0007846938849
	0.000692693453	0.0006576202278	0.0006783778742	0.0006989866731	0.0006782110283
	0.0006782110283	0.0006771097323	0.0006947859397	0.000692693453	0.0006743371932
	0.0006315842964	0.0006929264545	0.0006929264545	0.0004408324529	0.0005642728676
	0.0003761135494	0.0004116066877	0.0002938241235	0.0006084873217	0.000645259079
	0.001052585257	0.001052585257	0.001132937399	0.0006977406807	0.001662494872
	0.001650446893	0.0006675882533	0.0004497908651	0.0006783427366	0.0006783427366
	0.0003192902996	0.0003192902996	0.000313539083	0.0003854619733	0.0004023880419
	0.000419348911	0.0008346151168	0.0008131484898	0.0008133043601	0.001166617218
	0.001166617218	0.0009777712033	0.0006901515169	0.0008131484898	0.0008685675918
	0.0007392512687	0.0007392512687	0.0007334456501	0.0007296136136	0.0007535232375
	0.0007535232375	0.0007799515726	0.0007427654588	0.0006994540795	0.0006315842964
	0.0006315842964	0.0006929264545	0.0007156365323	0.0006415950974	0.0004408324529
	0.0004706004771	0.0003217976705	0.0003561151453	0.0003522186477	0.0008410460848
	0.001151262921	0.001713754844	0.001387835415	0.0008755501253	0.001994717244
	0.002650928552	0.0006675882533	0.0005156588758	0.0007819626601	0.0007282115576
	0.0003784563192	0.0003784563192	0.0004056173439	0.0004023880419	0.0004023880419
	0.001227211033	0.0008346151168	0.0008131484898	0.0009567516161	0.001166617218
	0.00123008917	0.00123008917	0.0005942185606	0.0009311554035	0.0008070801724
	0.0008070801724	0.0007799515726	0.0007427654588	0.0007488299165	0.0007535232375
	0.0007627573428	0.0008072430471	0.0007156365323	0.000523949167	0.000523949167
	0.0006625572679	0.0007272651708	0.0006615555363	0.0004514390674	0.0004706004771
	0.0003584554139	0.0003522186477	0.001110834383	0.001442097122	0.001713754844
	0.001713754844	0.0008755501253	0.0009138148831	0.002075161868	0.002623184564
	0.002623184564	0.0001319160633	0.0007819626601	0.0005156588758	0.0007819626601
	0.0009138148831	0.0003729919113	0.0003784563192	0.0004056173439	0.0004612155009
	0.001865411334	0.001227211033	0.002349485035	0.0009311554035	0.001009255663
	0.00108597547	0.001538574605	0.00108597547	0.00123008917	0.0005942185606
	0.0008072430471	0.0009311554035	0.0008070801724	0.0008491475782	0.0007518867358
	0.0007652679613	0.0007875504061	0.0007875504061	0.0007089242157	0.0005445104934
	0.0004744542254	0.0006283872889	0.000647377282	0.0007089242157	0.0006283872889
	0.000416654971	0.0003673870073	0.0003584554139	0.0003743717841	0.001125885555
	0.001442097122	0.001707346447	0.001097769717	0.0009138148831	0.001797403558
	7.634350283e-05	0.00242386764	0.002623184564	0.002806583973	0.0007764934677
	0.0006159434303	0.0009547353125	0.0007866086503	0.0004295909146	0.0003952320219
	0.0004218796928	0.0005952992156	0.002055533022	0.001538574605	0.002055533022
	0.002851997618	0.0009010548377	0.001012362519	0.001012362519	0.00143129925
	0.00129613371	0.001138277395	0.001254495777	0.0005060370372	0.0008491475782
	0.0009010548377	0.0008491475782	0.0007652679613	0.0007652679613	0.0007875504061
	0.000803572174	0.0008237522084	0.0007089242157	0.0005060370372	0.0004744542254
	0.0006283872889	0.0006124115694	0.0007225058985	0.0005911928763	0.0003779416139
	0.0003779416139	0.0003743717841	0.0003743717841	0.001476826726	0.001608670273
	0.001788074455	0.001197422338	0.001097769717	0.001788074455	0.00226348553
	0.004630693333	0.002338208938	0.00242386764	0.002759013522	0.0007170174354
	0.0005952992156	0.0009683617239	0.0007170174354	0.0004948488068	0.0004218796928
	0.0004218796928	0.0004948488068	0.002055533022	0.002208854608	0.002208854608
	0.003242574302	0.0009010548377	0.001012362519	0.00161507471	0.001254495777
	0.001131130535	0.001254495777	0.0005060370372	0.0004757208306	0.0008601080518
	0.0008841484397	0.0009710674449	0.0008841484397	0.0007532632516	0.000803572174
	0.0008124330293	0.0007402326105	0.0004757208306	0.0004276327346	0.000608207426
	0.0005911928763	0.0005791652956	0.0005911928763	0.0003904430875	0.0004010301477
	0.0004010301477	0.001261697926	0.0016551919	0.0016551919	0.001390010467
	0.001957656341	0.002248517263	0.002531058883	0.004630693333	0.004630693333
	0.003245017019	0.002759013522	0.001144677752	0.0007170174354	0.0008680697229
	0.0007051839065	0.0004948488068	0.0004672361767	0.0005735171881	0.001714473941
	0.00161507471	0.001869862082	0.002223870812	0.003817134761	0.003242574302
	0.002736978403	0.0009710674449	0.001099894483	0.001258704252	0.001258704252
	0.001128970652	0.000526274588	0.0008601080518	0.0009549100781	0.0008810373834
	0.0009265961936	0.000777264499	0.0007903695647	0.0008405955676	0.000695689202
	0.0004557040473	0.0004058921993	0.0006395709805	0.0005411699942	0.0005165398261
	0.0005165398261	0.0004270256726	0.0004001677135	0.0004010301477	0.001261697926
	0.001261697926	0.001623149649	0.003651279158	0.001616335464	0.00217402527
	0.002817421455	0.003651279158	0.003401853354	0.002817421455	0.001987347177
	0.001144677752	0.0008208844432	0.0007663461552	0.0007351649284	0.0005610598354
	0.000503420129	0.0006222180952	0.00152559788	0.001952863491	0.002459042637
	0.002736978403	0.001261579063	0.002736978403	0.001046896996	0.001091333487
	0.00152559788	0.001268719672	0.0004922293003	0.001002455246	0.0008504956696
	0.0009265961936	0.0009265961936	0.0007572968258	0.0007279564812	0.0008360677491
	0.0008199238618	0.0006395709805	0.0004250268243	0.0004001677135	0.0006395709805
	0.0005411699942	0.000487737746	0.000487737746	0.000503420129	0.0004211059406
	0.0004211059406	0.001234831642	0.001350457104	0.00522416116	0.001792540577
	0.00217402527	0.00217402527	0.002817421455	0.003636494881	0.002929409631
	0.001987347177	0.005073129802	0.001662112616	0.001350100644	0.0009640365216
	0.0007351649284	0.0007351649284	0.0006222180952	0.000503420129	0.0006222180952
	0.001451084706	0.001952863491	0.001952863491	0.002459042637	0.002807892824
	0.004671100306	0.001199759002	0.002233741889	0.004069112624	0.001091333487
	0.001451084706	0.001148572972	0.0004649874071	0.0009310597498	0.0008773940926
	0.0009442587888	0.0008105978048	0.0006100348624	0.0007445637697	0.0006621464059
	0.0007325669618	0.0007325669618	0.0006621464059	0.0004195408452	0.002491197786
	0.002491197786	0.0004183173071	0.0004956754165	0.000563209154	0.0005594995957
	0.000487737746	0.000451279471	0.000460757982	0.0005168308169	0.001662112616
	0.00378499673	0.002058797394	0.002578088724	0.002319400524	0.003163891526
	0.003636494881	0.005073129802	0.004951430053	0.001662112616	0.001350100644
	0.001148729635	0.0008179287323	0.0007250041985	0.0005168308169	0.0006635424036
	0.0007696627585	0.001451084706	0.001347536366	0.002138957321	0.004069112624
	0.002664633021	0.003025346081	0.001861307156	0.001861307156	0.004337546559
	0.004069112624	0.001148572972	0.0009768568858	0.0004196806979	0.0008867213857
	0.0008557174854	0.0008557174854	0.0007532240948	0.0005131205554	0.0007445637697
	0.0006541967148	0.0006621464059	0.0004467114588	0.005102955414	0.003453587452
	0.00608600206	0.001321871534	0.0004527621679	0.0004721031411	0.0005131205554
	0.0005049229334	0.0004467114588	0.0004740480859	0.0005168308169	0.002008225134
	0.00378499673	0.002319400524	0.002319400524	0.003261476598	0.003068076149
	0.005102955414	0.004359838409	0.001581132243	0.001812691411	0.001019273162
	0.0009666047887	0.0009666047887	0.0005532726041	0.0008555683695	0.0007064495897
	0.001347536366	0.001448763039	0.003025346081	0.003659987505	0.003165893298
	0.001861307156	0.001393465299	0.003659987505	0.000997463384	0.001127590831
	0.0004309657058	0.0008085101717	0.0007215113777	0.0007215113777	0.0006512124947
	0.0005131205554	0.0005619179389	0.0005829837874	0.0006512124947	0.0004628378184
	0.005287610901	0.002997738843	0.002997738843	0.00608600206	0.004036996443
	0.0004359926631	0.0004623765683	0.0005184265987	0.0004628378184	0.0005229086193
	0.0005990754577	0.002210881438	0.003672576126	0.002679624942	0.003261476598
	0.003261476598	0.004540120235	0.003672576126	0.002315081305	0.001476630377
	0.001476630377	0.0005990754577	0.001160538219	0.0008555683695	0.001617919575
	0.001013387307	0.0008390435739	0.001252035012	0.001169040511	0.001393465299
	0.002947117312	0.002947117312	0.002043109548	0.002084892449	0.001393465299
	0.004036996443	0.003469841611	0.0008085101717	0.0008649408817	0.000997463384
	0.0004626692269	0.0008085101717	0.0006504343749	0.0006512124947	0.0004981043761
	0.0004981043761	0.0005269099405	0.0005829837874	0.0004628378184	0.005014801089
	0.003444943774	0.006293069483	0.004644609237	0.00461742792	0.0009233730504
	0.00045192861	0.0004621816734	0.0004918995516	0.0004918995516	0.0005842328854
	0.002530502683	0.003672576126	0.002975951175	0.00243534443	0.004597292412
	0.003403113738	0.001853921733	0.001617919575	0.0008202872575	0.001617919575
	0.001029935921	0.001238357144	0.001029935921	0.0009792344007	0.001064601646
	0.001064601646	0.001239874569	0.001432904528	0.002947117312	0.002970220116
	0.002084892449	0.002084892449	0.003453015162	0.002970220116	0.0007039111921
	0.0008461285797	0.0008461285797	0.0004626692269	0.0004962452423	0.0006543025072
	0.0006504343749	0.0006021123031	0.0004981043761	0.0005269099405	0.0006026918429
	0.0004889348016	0.00476301102	0.006293069483	0.006277747618	0.004844926838
	0.007380752703	0.006949529249	0.0007293593647	0.0004621816734	0.0005136203737
	0.000557956082	0.0007777649507	0.00243534443	0.003403113738	0.002218204974
	0.002603908638	0.003800938799	0.003749327463	0.001756481139	0.000812683287
	0.001447140453	0.001029935921	0.0009792344007	0.001064601646	0.001100996116
	0.001432904528	0.001608789902	0.002472354301	0.002059165288	0.004507015294
	0.003574821794	0.003574821794	0.0007393997877	0.0007870255985	0.0008461285797
	0.000507002051	0.0004962452423	0.0004962452423	0.0006543025072	0.000582886314
	0.0005423282621	0.0005384234025	0.0005423282621	0.000507002051	0.004844926838
	0.00561288007	0.00561288007	0.00618056454	0.01478868802	0.01478868802
	0.0008210902631	0.0007759389896	0.003223302874	0.0005640341159	0.000557956082
	0.0007223330662	0.0007777649507	0.002603908638	0.003282975562	0.0020510745
	0.002603908638	0.003282975562	0.001710245596	0.001121953229	0.001447140453
	0.001121953229	0.001100996116	0.001100996116	0.001431252035	0.001431252035
	0.002316220522	0.002316220522	0.003368550016	0.003368550016	0.003223302874
	0.0006759176152	0.0007393997877	0.0008880044914	0.000507002051	0.000490544473
	0.0005028761698	0.0005819799384	0.0006759176152	0.0005423282621	0.0005169487925
	0.0006250038562	0.004200712861	0.005619805589	0.004818792197	0.00561288007
	0.005152589119	0.005650945557	0.00377903218	0.00377903218	0.003253235347
	0.0006250038562	0.0006494998945	0.0008923200509	0.0009154564541	0.0020510745
	0.003123177582	0.002802872382	0.0020510745	0.004200712861	0.003123177582
	0.001710245596	0.001121953229	0.001121629125	0.001141968192	0.001082109675
	0.001431252035	0.001141968192	0.001954216891	0.002316220522	0.002842480788
	0.003368550016	0.002842480788	0.0005649897308	0.0006450587045	0.0007138073553
	0.0008569014784	0.0005574015198	0.0005262855662	0.0005224888751	0.0005574015198
	0.0005328844078	0.0005649897308	0.0005328844078	0.0006250038562	0.006878096421
	0.005068283007	0.004200712861	0.004492158022	0.004131257476	0.006878096421
	0.003253235347	0.004837803809	0.0008533511359	0.001027101526	0.0008533511359
	0.002308692965	0.002417659511	0.002802872382	0.002977861172	0.002977861172
	0.001846953879	0.001060455175	0.0008569014784	0.0008569014784	0.001141968192
	0.001369786076	0.001069463796	0.001842735489	0.001842735489	0.002520443524
	0.002178151188	0.001905489913	0.0005649897308	0.0005990676017	0.0006443906529
	0.0005574015198	0.0005542540642	0.0005480297979	0.000593871877	0.0005328844078
	0.0005536596674	0.0005505123839	0.0008147371565	0.00721748613	0.005211425198
	0.005068283007	0.003418323444	0.004452302061	0.0174139723	0.0008873798554
	0.003483902134	0.0005480297979	0.0008533511359	0.001179605921	0.001027101526
	0.001764539906	0.0022243374	0.002577995235	0.002825412256	0.00317745758
	0.001481369137	0.0008181206933	0.0009143383961	0.001069463796	0.001196339104
	0.001556277213	0.001588875427	0.001842735489	0.002520443524	0.00160713158
	0.0005990676017	0.0006443906529	0.0006443906529	0.0006166017491	0.0005981745461
	0.0006166017491	0.0005620961362	0.0005663722164	0.0008147371565	0.005190348601
	0.005190348601	0.005190348601	0.003763919677	0.003528464303	0.003495422912
	0.001180081917	0.002506598375	0.002856472076	0.002506598375	0.000651101812
	0.000798848255	0.0005981745461	0.001344442496	0.0009828613168	0.000982510226
	0.001704778961	0.0022243374	0.002248456656	0.002248456656	0.002472644652
	0.002985164927	0.001344442496	0.000684692128	0.0007777562623	0.001038152582
	0.001196339104	0.001588875427	0.001588875427	0.00160713158	0.0005896543022
	0.0005896543022	0.000684692128	0.000651101812	0.0008777733041	0.0005913742037
	0.0005939181698	0.0007950531768	0.003247455037	0.003300328526	0.00499565693
	0.003300328526	0.003247455037	0.02326452076	0.001180081917	0.002617125702
	0.002617125702	0.00193278844	0.0006122596271	0.0008777733041	0.0005967755574
	0.0006524550269	0.001344442496	0.001284568881	0.002053872679	0.002053872679
	0.002276602036	0.002773907223	0.003121510475	0.001447611155	0.001896016712
	0.0006578573988	0.0009588658429	0.0009588658429	0.001214620596	0.001594488437
	0.0005896543022	0.0006578573988	0.0006292038465	0.0007319579416	0.0008777733041
	0.0005939181698	0.001032585906	0.003247455037	0.002964060307	0.003300328526
	0.003729689634	0.009421586219	0.002878252036	0.00144081781	0.002617125702
	0.002121455299	0.001032585906	0.0005956108398	0.0007319579416	0.001188229709
	0.001447611155	0.002053872679	0.002276602036	0.002555378865	0.002725919012
	0.003121510475	0.001561490273	0.001896016712	0.0006578573988	0.0009588658429
	0.00144081781	0.0009573001221	0.001225320742	0.0006083789049	0.0006498237364
	0.0007082877388	0.0007319579416	0.001085747903	0.0006200382665	0.001188229709
	0.002521673039	0.002964060307	0.002657206152	0.002878252036	0.001461723124
	0.001069315427	0.002115665568	0.002115665568	0.001112491199	0.000679811487
	0.0007907038758	0.001556563077	0.001556563077	0.002406493822	0.002020190205
	0.002257036373	0.002441774723	0.002725919012	0.001796169534	0.0006498237364
	0.0007349044274	0.001069315427	0.0009573001221	0.0006721698947	0.0006920793163
	0.0007717374296	0.0008215472762	0.001112491199	0.0007717374296	0.001317729357
	0.002657206152	0.002521673039	0.00242555328	0.0068006232	0.001559793211
	0.001057084576	0.001057084576	0.002352857302	0.001082248944	0.0007505353742
	0.00115864003	0.001005712404	0.001556563077	0.001796169534	0.00242555328
	0.001953085189	0.001953085189	0.002091604514	0.001796169534	0.0006920793163
	0.0007349044274	0.000853493773	0.0008905104512	0.0007505353742	0.0007717374296
	0.001057371724	0.0008676019623	0.001441182104	0.001425574959	0.00242555328
	0.002433651369	0.002453335392	0.007159242343	0.001152609817	0.0009556105455
	0.0008631974309	0.001933046098	0.001933046098	0.0007505353742	0.00115864003
	0.001057371724	0.01422249563	0.001616110515	0.002287611776	0.001982699777
	0.002174355157	0.001982699777	0.000830448662	0.0008631974309	0.0008631974309
	0.0008803721793	0.0009258956836	0.0009786186481	0.001209880468	0.001013634694
	0.001441182104	0.001425574959	0.002287611776	0.002433651369	0.002401631016
	0.001435914926	0.001435914926	0.001412476536	0.001933046098	0.001412476536
	0.0009265548393	0.001209880468	0.001045601727	0.01550269489	0.00160366403
	0.002115445228	0.001982699777	0.001913705862	0.0009668165639	0.001041626494
	0.0009498954823	0.0009265548393	0.001045601727	0.001148238046	0.0009265548393
	0.00160366403	0.001250269022	0.002094952846	0.002015281056	0.00211639024
	0.001657325317	0.001478470469	0.001412476536	0.001003679855	0.001220972005
	0.03157686226	0.00160366403	0.001862982047	0.001712282335	0.001041626494
	0.001101395826	0.0009498954823	0.001097534042	0.001148238046	0.001148238046
	0.001097534042	0.001466617437	0.001392987006	0.001892740439	0.002005760638
	0.0002863822924	0.001391216005	0.001220972005	0.001211787726	0.003532757355
	0.001892740439	0.001712282335	0.001712282335	0.001516835492	0.0009775408503
	0.001012225566	0.0009775408503	0.001097534042	0.001292673998	0.001202405681
	0.001292673998	0.002005760638	0.0001472396158	0.001210634441	0.001210634441
	0.0261782456	0.001688605125	0.001516835492	0.001345484404	0.001231574625
	0.001243555854	0.001381469325	0.001551292754	0.001243555854	0.001226763645
	0.001751534348	0.001230849956	0.001210634441	0.001320769494	0.001381685093
	0.01287244437	0.001391907577	0.001391907577	0.001252903812	0.001243555854
	0.001605105531	0.001226763645	0.001226763645	0.001751534348	6.856947419e-05
	0.001222496523	0.0009183581671	0.001391907577	0.001252903812	0.001377279962
	0.001377279962	0.009113610623	0.001186220887	0.0009183581671	0.001762402881
	0.001186220887	0.003586627488	0.0006507850423	0.001702477177	