5884	
	1.999796785	2.000257267	2.000257267	2.001820496	2.000939436
	1.998338424	1.995954572	2.001820496	2.0003195	1.998338424
	1.998338424	1.993326195	2.001891082	2.001891082	2.001861294
	2.000930635	2.0003195	1.998220789	1.993326195	1.993326195
	2.0019785	2.002399072	2.0019785	2.004811517	2.00024995
	2.000356217	2.000356217	1.995673733	1.990851127	2.00283789
	2.00494459	2.0019785	2.004811517	2.008397801	2.005189644
	2.000770647	1.998176023	1.994521804	1.994521804	1.998804278
	1.998670284	2.001595672	1.995581533	2.008397801	2.00813816
	1.999002934	2.005189644	2.00813816	2.005189644	2.000770647
	2.000770647	2.00211666	1.994521804	1.989297851	1.987632975
	2.001356704	1.995730611	1.995581533	1.995581533	2.014449289
	2.005845837	2.022848786	1.999215607	1.984749008	2.006521888
	2.01994676	2.006521888	2.00211666	2.025258578	2.007013306
	1.993944457	1.991438867	1.984772233	1.995730611	1.999215607
	1.991001195	2.004050117	2.025667026	2.025667026	2.035767701
	1.976833102	1.979580945	2.01994676	2.01994676	2.020395676
	2.007013306	2.025258578	2.005330177	1.997685629	1.98950664
	1.984772233	2.004050117	1.99737475	1.974030822	2.029504579
	2.004313598	2.035767701	2.025667026	2.035385312	2.035767701
	2.039531833	1.979580945	1.979580945	2.035838462	2.017302004
	2.015129346	2.051998625	2.035838462	1.997685629	2.017578275
	1.997685629	1.985090971	1.985090971	2.004313598	1.9937397
	1.974030822	2.029504579	2.035385312	2.042887429	2.028354083
	2.055876097	2.055876097	1.969302611	1.954773329	2.071063107
	2.071063107	2.035838462	2.039954654	2.058717131	2.062548132
	2.035759906	2.008755356	2.008755356	2.062548132	1.994584462
	1.980078647	1.981219905	1.96409508	2.007934231	1.994994083
	2.028354083	2.072467948	2.065583768	2.035483999	2.098957685
	2.072467948	1.941058019	1.941058019	2.103694478	2.103694478
	2.098957685	2.049758275	2.062548132	2.035759906	2.024560463
	2.008755356	2.098921654	1.980078647	1.980078647	1.954017726
	1.941678278	1.969741838	1.999062778	2.007934231	2.035483999
	2.093885587	2.035483999	2.065583768	2.127276435	2.102204909
	2.152611067	1.93803155	1.919168632	2.103694478	2.148144855
	2.117473427	2.180710932	2.056006643	2.065344893	2.0469658
	2.0469658	2.009929663	2.098921654	2.098921654	1.98833286
	1.962403648	1.938285607	1.946533294	2.000910526	1.974318029
	2.027630101	2.027630101	2.102204909	2.065862236	2.065862236
	2.152611067	2.12067262	2.152611067	1.93803155	1.919168632
	2.148144855	2.180710932	2.232513265	2.197999238	2.148144855
	2.150337991	2.092300727	2.061803322	2.032235731	2.008437205
	2.110542775	2.117114367	1.979945052	1.979945052	1.938285607
	1.946533294	1.946533294	2.020425835	1.974318029	2.020425835
	2.075024741	2.12067262	2.103601955	2.043728913	2.149943742
	2.12067262	2.146784663	2.225844767	1.911645637	1.881485333
	2.232513265	2.170084765	2.197999238	2.232513265	2.197999238
	2.196850939	2.110542775	2.063025947	2.010954463	2.008437205
	2.110542775	2.151262762	1.96987109	1.96987109	1.896461241
	1.916692822	1.948914165	1.982859479	2.013780995	2.076891613
	2.103601955	2.103601955	2.043728913	2.008465524	2.200461899
	2.200461899	2.147929792	2.225844767	2.270392747	1.881485333
	1.881485333	2.282161489	2.179018059	2.219357174	2.282161489
	2.227880149	2.184987791	2.063025947	2.063025947	2.03377415
	2.030777848	2.098888465	2.179018059	1.997777913	1.91641161
	1.872830111	1.902563457	1.942225622	1.978187878	2.008465524
	2.008465524	2.076891613	2.131469254	2.078759018	2.072852453
	2.200461899	2.197181116	2.160905082	2.272414827	2.290819377
	2.290819377	1.849500524	1.902563457	1.849500524	2.328258524
	2.328258524	2.194240394	2.229848011	2.305436364	2.28827243
	2.251361355	2.251361355	2.100142852	2.03377415	2.03377415
	1.990182435	2.138299862	2.177651932	1.946105851	1.872830111
	1.872830111	1.902563457	1.96297107	1.96297107	2.021541789
	2.030875705	2.125977941	2.125977941	2.072852453	2.223506116
	2.194039161	2.194039161	2.272414827	2.33679863	2.314936933
	1.88405396	1.849500524	1.860954256	1.841704971	2.368807382
	2.368807382	2.399287085	2.360446048	2.328258524	2.306588
	2.176751311	2.299623003	2.299623003	2.251361355	2.255721448
	2.103645558	2.068131652	2.068131652	1.946105851	2.137535982
	2.188743148	1.946105851	1.841443542	1.810077377	1.949510202
	1.977215797	1.980714585	2.021541789	2.163998706	2.05821902
	2.125977941	2.225040157	2.195905289	2.195905289	2.281584627
	2.366112089	2.281584627	2.358431379	2.400336965	1.903770303
	1.877997584	1.843380504	1.843380504	1.808298675	2.368807382
	2.410312081	2.400336965	2.397790096	2.431110607	2.366478947
	2.349474013	2.188743148	2.330288794	2.330288794	2.27096971
	2.322355114	2.103645558	2.068131652	2.019919451	2.029729764
	2.108736162	2.188743148	1.912659214	1.960441404	1.849595213
	1.847159831	1.980457035	2.0025079	1.980457035	2.068554407
	2.148081216	2.094081527	2.148081216	2.03329458	2.26120793
	2.195905289	2.358431379	2.264031154	2.313187684	2.187205713
	2.414083013	2.401140037	2.386365341	2.366850312	2.400336965
	1.94161964	1.905499725	1.870328912	1.834863181	1.834559
	1.792949747	2.388992644	2.414083013	2.414083013	2.397790096
	2.410312081	2.397790096	2.431110607	2.366478947	2.410187293
	2.356661476	2.226107583	2.291557719	2.330288794	2.291557719
	2.104970955	2.104970955	2.016079413	2.153807393	2.202539483
	2.016079413	1.912659214	1.960441404	1.849595213	1.821383333
	1.980457035	2.0025079	2.088440399	2.148081216	2.13756791
	2.085736309	2.030450572	2.209112098	2.239337009	2.352882006
	2.264031154	2.24519235	2.215837025	2.34363619	2.34363619
	2.352048364	2.379400441	2.379400441	2.345272843	1.905499725
	1.870328912	1.870328912	1.807277101	1.822514677	1.792340901
	2.134196583	2.380685778	2.380685778	2.465225022	2.465225022
	2.482206964	2.424957331	2.457700497	2.424957331	2.357192242
	2.402213171	2.45852957	2.407772292	2.242476115	2.324662381
	2.357192242	2.357192242	2.104970955	2.016079413	2.242476115
	2.153807393	2.166208973	2.053055343	1.999805356	1.875762996
	1.946289893	1.796636452	1.706067394	1.952877495	1.992304145
	2.13756791	2.085736309	2.085736309	2.030450572	2.030450572
	1.768859002	2.07037211	2.209112098	2.315496557	2.24519235
	2.315007706	2.24519235	2.177393198	2.35065178	2.314252126
	2.314252126	2.379400441	2.315496557	1.908597545	1.868073031
	1.822514677	1.793164446	1.793164446	1.769677708	2.676425183
	1.823570958	2.23951139	2.34605752	2.380685778	2.465225022
	2.511813405	2.511813405	2.45852957	2.49224142	2.407772292
	2.402213171	2.45852957	2.407772292	2.242476115	2.324662381
	2.373729833	2.108317405	2.110834595	2.213352513	2.268859928
	2.213352513	2.053161275	1.999805356	1.856552734	1.856552734
	1.772095381	1.706067394	1.905983998	1.985681386	2.186059454
	2.138286119	2.078195631	2.053610174	2.015730625	2.553406955
	1.638474503	2.07037211	2.212576671	2.328386373	2.315007706
	2.237429778	2.265044245	2.186059454	2.186059454	2.314252126
	2.212576671	2.331915978	2.228272703	2.339752311	1.905983998
	1.853932115	1.834463546	1.793164446	1.78849239	1.769677708
	2.918381049	2.23951139	2.34605752	2.402505254	2.402505254
	2.47785986	2.494690356	2.488970479	2.488970479	2.493157357
	2.415961282	2.447068478	2.361820385	2.373729833	2.361820385
	2.110834595	2.10035777	2.307601279	2.209243516	2.053161275
	1.97582305	1.772095381	1.906149305	1.772095381	1.743821169
	1.905385946	1.925295392	2.072147551	2.150180805	2.072147551
	2.0208111	1.980819036	2.553406955	1.576730431	2.025364982
	2.065838787	2.253240675	2.26404026	2.183139828	2.126023635
	2.180710193	2.254420111	2.228272703	2.228272703	2.180710193
	1.853932115	1.876887061	1.853932115	1.801771966	1.762095857
	1.772841292	1.762095857	3.13529394	2.133436012	2.4934838
	2.4934838	2.50318924	2.516687592	2.539204309	2.489446192
	2.447068478	2.42105469	2.447068478	2.350665073	2.388888787
	2.359719993	2.270859523	2.10035777	2.10035777	2.209243516
	2.043324868	2.046625011	1.906149305	1.837555004	1.890732491
	1.743821169	1.723119344	1.876887061	1.905385946	1.947560152
	2.072147551	2.126023635	2.081658586	2.0208111	1.992450807
	1.971168895	2.334990297	1.538398103	2.065838787	2.065838787
	2.215720534	2.110899615	2.180710193	2.215720534	2.188014095
	2.15728408	1.876887061	1.861864122	1.801771966	1.801771966
	1.763795427	1.743429617	1.72622774	3.498418191	2.300563617
	2.4934838	2.50318924	2.50318924	2.489446192	2.540572009
	2.489446192	2.468869336	2.463768761	2.388888787	2.565822258
	2.270859523	2.369337306	2.369337306	2.270859523	2.421939011
	2.15439468	2.216840404	2.023907725	2.093428062	1.964794445
	1.804578598	1.804578598	2.052847535	1.803616848	1.69680153
	1.846667489	1.947560152	2.052847535	2.110899615	2.033057459
	2.008155126	1.953843873	1.971168895	2.504889466	1.528775272
	1.91455355	2.021841057	2.103305652	2.047251611	2.103305652
	2.03532185	2.193751541	2.15728408	1.846667489	1.842617624
	1.806402653	1.825221022	1.776548243	1.743429617	1.743429617
	1.718380435	3.428003772	2.3344161	2.642052137	2.633448732
	2.611454148	2.581369587	2.611454148	2.461409818	2.468869336
	2.534211586	2.540940765	2.216840404	2.317904126	2.369337306
	2.40098594	2.093428062	2.219824752	2.023850413	2.093428062
	1.964794445	2.146692768	1.804578598	1.874307198	1.68214182
	1.562314542	2.047251611	1.885687007	1.861021303	2.033057459
	2.053319954	1.964097597	1.939431823	1.902416233	2.504889466
	1.503975301	1.91455355	2.03532185	2.103305652	2.047251611
	2.084909695	2.084604077	1.825221022	1.827240858	1.784281404
	1.778456975	1.825221022	1.776548243	1.718380435	1.731224158
	1.754678226	2.461409818	3.726730627	2.520996464	2.663476783
	2.700377049	2.611454148	2.590671343	2.461146614	2.540940765
	2.338011425	2.450309642	2.317904126	2.334108654	2.317904126
	2.219824752	2.08992676	2.017556241	1.943331275	2.08992676
	1.777270437	1.777270437	1.666722726	1.666722726	2.01031608
	2.021080409	1.869243485	1.964097597	1.964097597	1.939431823
	1.853108634	2.400449424	1.55861338	1.963794329	2.037034198
	2.084604077	2.019923323	1.842820237	1.842820237	1.778456975
	1.77339398	1.778456975	1.80604785	1.738493052	1.754678226
	1.74933386	1.754678226	2.468603456	2.510378666	4.00752315
	2.82472323	2.754528061	2.754528061	2.590671343	2.590671343
	2.582820547	2.381526363	2.441254492	2.525577845	2.282071881
	2.282071881	2.217983636	2.08992676	2.010944955	1.863164363
	2.217983636	1.769953248	1.863164363	1.659417281	1.548055511
	1.938285135	1.986158856	1.920987571	1.819046199	1.938285135
	1.894280058	2.400449424	1.894850558	1.939600003	1.939600003
	1.986158856	1.788317887	1.842820237	1.756705078	1.77339398
	1.751382544	1.751382544	1.751273557	1.760045665	1.740862919
	1.708935295	1.731589907	1.757529636	2.582820547	4.00752315
	2.737598104	2.754528061	2.829096589	2.695454084	2.695454084
	2.441254492	2.525577845	2.525577845	2.471717782	2.355846152
	2.282071881	2.217983636	2.071219002	2.010944955	1.860351815
	2.071810798	1.765596737	1.860351815	1.765596737	1.544850255
	1.938285135	1.920987571	1.920987571	1.808034342	1.812771364
	1.860850277	2.743929974	1.881535187	1.910394086	1.939600003
	1.892217452	1.808034342	1.78661542	1.78661542	1.808034342
	1.728430522	1.751382544	1.760045665	1.754832882	1.733861716
	1.727120849	1.740406019	1.731589907	1.731589907	1.762894129
	2.636539477	2.711973924	4.020984227	2.763511759	2.829096589
	2.781985359	2.781985359	2.379200742	2.412664356	2.471717782
	2.636539477	2.265288327	2.339141892	2.215843707	2.087938237
	2.087938237	2.014516959	2.088114041	1.765596737	1.853818171
	2.013047717	1.660623768	1.65772618	1.910394086	1.875722784
	1.879354626	1.764926271	1.860850277	1.875722784	2.649644463
	1.906340647	1.852104983	1.906340647	1.852104983	1.754832882
	1.780211319	1.78661542	1.723705264	1.728430522	1.724517144
	1.732662986	1.733861716	1.709947652	1.733099401	1.727120849
	1.739120013	1.745645393	1.739120013	1.762894129	1.762894129
	2.656728109	2.716299692	2.828820893	4.441345448	3.215869411
	2.879593	2.828820893	2.412664356	2.412664356	2.56181064
	2.555693672	2.394007934	2.326607158	2.302816103	2.227516789
	2.013047717	2.085771553	2.013047717	2.085771553	1.861709946
	1.768958513	1.940906067	1.679723951	1.679723951	1.899280092
	1.830297297	1.743931034	1.764926271	1.830297297	2.678038635
	1.906340647	1.852104983	1.881380189	1.725118987	1.712595853
	1.723705264	1.749626226	1.732662986	1.732662986	1.69931151
	1.706422113	1.71394361	1.70703756	1.745096021	1.75391176
	1.710164163	1.754575866	1.754575866	2.716299692	2.796053412
	2.988320434	4.513744348	3.288329494	2.988320434	2.454435207
	2.56784788	2.551928828	2.757295514	2.372811216	2.298602765
	2.227516789	2.01735545	2.085771553	2.161169802	2.165171987
	2.165171987	1.775050958	1.870326426	1.87181219	1.679723951
	1.775050958	1.703031727	1.703031727	1.820273931	1.760379062
	1.743931034	1.779801909	2.678038635	1.876693197	1.881380189
	1.820273931	1.71394361	1.667182444	1.771192114	1.739638908
	1.711700816	1.676855094	1.69931151	1.742797289	1.720272065
	1.676855094	1.706422113	1.706422113	1.75425405	1.72127285
	1.72644011	1.72644011	1.724648278	1.754195474	1.759645076
	1.760018868	1.721670738	2.795647	2.796053412	3.19842178
	4.799643055	3.199263307	2.454435207	2.551928828	2.551928828
	2.795647	2.56784788	2.298602765	2.292194566	2.294173893
	2.021927403	2.084098163	2.154134149	2.235173846	1.775050958
	2.036046728	1.890269647	1.890269647	1.829480861	1.829480861
	1.730120105	1.820273931	1.826423418	3.096996168	1.88193765
	1.902430428	1.667182444	1.744903948	1.667182444	1.7191451
	1.711700816	1.676855094	1.715237827	1.702905134	1.688206048
	1.688206048	1.75805743	1.760018868	1.72127285	1.72644011
	1.715237827	1.730373883	1.75730774	1.753876736	1.760018868
	2.795647	3.069311985	3.199263307	4.799643055	2.461330922
	2.779405022	2.567412861	2.893554366	2.779405022	2.292194566
	2.292194566	2.235173846	2.036046728	2.154134149	2.154134149
	2.131887465	2.243976823	1.978039868	2.036046728	1.890269647
	1.826423418	1.629075285	1.832499806	1.85522108	1.85522108
	1.902430428	1.744903948	3.160542538	1.967669719	1.722098921
	1.752184305	1.752184305	1.708131402	1.689059174	1.725229423
	1.702905134	1.702905134	1.732767099	1.763011597	1.752153962
	1.779421896	1.727173998	1.718519694	1.754575372	1.727173998
	1.739789637	1.757572933	3.069311985	3.069311985	4.814675926
	2.461330922	2.776988857	2.461330922	2.661742289	2.933982284
	2.379562846	2.380193679	1.978039868	2.035999567	2.180628626
	2.250905694	2.135804875	2.194721299	1.997486383	1.801235248
	1.76636489	2.040799804	1.85522108	1.76143697	1.770084888
	1.996519762	1.920495637	1.828351679	3.184705659	1.675409176
	1.689059174	1.752184305	1.742683981	1.708093418	1.689059174
	1.725229423	1.718519694	1.732767099	1.785146617	1.794680354
	1.783620821	1.784910326	1.718519694	1.754575372	1.775109033
	1.795306958	1.726614875	2.933982284	3.299636988	4.814675926
	2.379562846	2.555760535	2.776988857	2.557458377	3.094282486
	2.379562846	2.316686479	2.388849006	2.093393713	2.250905694
	2.180628626	2.21527989	2.21527989	2.093393713	2.111567567
	1.840483506	1.840483506	1.923129072	2.044125989	2.058473159
	1.784744728	1.793081723	1.793081723	1.790258832	1.920495637
	1.920495637	1.802925576	3.25370669	1.730542175	1.71111744
	1.795725509	1.742683981	1.710571031	1.739111965	1.709588211
	1.709588211	1.771880313	1.741930945	1.766058246	1.785146617
	1.785146617	1.794680354	1.813472849	1.795330642	1.783008301
	1.795330642	1.807768864	1.812628118	3.336408308	3.336408308
	5.092854881	2.566743654	2.925542966	2.674317361	2.925542966
	3.082557169	2.388849006	2.343279531	2.566743654	2.215046041
	2.2839287	2.215046041	2.343279531	2.173828593	2.173828593
	1.885285377	1.885285377	1.961099362	2.08128483	2.119627409
	2.084242355	1.82327763	1.776350315	1.793081723	1.791476308
	1.826027712	1.91143808	1.824805402	1.91143808	3.604262516
	1.710342038	1.71111744	1.744626226	1.857785741	1.822762885
	1.738113245	1.779856536	1.779856536	1.774558599	1.783546707
	1.800454933	1.813472849	1.807768864	1.815719866	1.812832661
	1.767501197	1.806913859	1.842973266	3.336408308	6.234108733
	2.566743654	2.78848781	2.925542966	2.78848781	3.082557169
	2.485978538	2.485978538	2.215046041	2.242782201	2.363211968
	2.2839287	2.458831435	2.199534826	1.874998871	1.885285377
	1.890120294	2.118154345	2.169242852	2.169242852	1.830241593
	1.853920697	1.819065781	1.831920787	1.863055461	1.853828925
	1.91143808	2.008925299	3.253621211	1.744626226	1.744626226
	1.893941542	1.822762885	1.809135009	1.842973266	1.813866215
	1.783546707	1.783546707	1.768775518	1.865245067	1.884905619
	1.887658026	1.887658026	1.853482125	1.859090555	1.842973266
	1.853482125	1.838380973	1.866768057	3.107069921	4.902982771
	2.568859121	2.783042949	2.78848781	2.78103459	3.099232127
	2.485978538	2.265555829	2.331211387	2.280497617	2.363211968
	2.458831435	2.265555829	2.265555829	2.568688912	1.935418421
	2.035509115	2.035509115	2.093380785	2.199990575	2.199990575
	1.842667786	1.853920697	1.879821084	1.870139249	1.853828925
	1.883304173	1.883304173	1.901904608	2.008925299	3.253621211
	1.79161846	1.780742731	1.975016856	1.848884154	1.813866215
	1.780742731	1.848884154	1.865245067	1.898646191	1.921934731
	1.952765047	1.909304542	1.909304542	1.866768057	1.874518752
	1.936355879	1.894137276	3.237514454	4.900042946	2.77876892
	2.767617614	2.767617614	2.889066976	2.470858773	2.568688912
	2.332262875	2.363063704	2.381311073	2.470858773	2.253679882
	2.332262875	2.568688912	2.693554657	2.035740388	2.035740388
	2.035509115	2.174875985	2.174875985	2.199990575	2.266538966
	2.350311605	1.890539685	1.908704539	1.938555027	1.850842706
	1.886870502	1.916656769	1.897114793	1.938555027	1.968501655
	1.976733955	1.968501655	1.901904608	1.883304173	1.935666219
	1.901904608	1.975016856	3.156209026	1.851798321	1.820314987
	1.906193523	1.82464114	1.848884154	1.892157523	1.818951507
	1.924145328	1.976991454	1.952765047	1.921934731	2.002743344
	1.909304542	1.917284572	1.936355879	1.977135321	3.169123351
	4.740317146	2.746435707	2.854621347	2.98048882	2.470858773
	2.563939621	2.435648698	2.435648698	2.482544862	2.492720183
	2.30695803	2.563939621	2.618115433	2.575739162	2.165767441
	2.035740388	1.993867661	2.165767441	2.174875985	2.328546704
	2.250012134	2.30695803	2.350311605	2.362917216	1.912911917
	1.928333874	1.938798764	1.897114793	1.896037605	1.94107439
	1.912911917	1.99954228	1.988997287	1.991808894	2.00332624
	1.952865678	1.976733955	1.965594893	1.976733955	2.001136851
	1.99954228	1.964209079	1.935666219	1.935666219	1.987307345
	1.909860066	3.245989002	1.835558606	1.880699253	1.880699253
	1.854448207	1.892157523	1.892157523	1.884965457	1.964209079
	1.976991454	2.031795906	2.002743344	1.991120305	1.982592199
	1.991120305	1.977135321	3.123590176	4.740317146	2.854621347
	2.746435707	2.98048882	2.546414229	2.435648698	2.479367443
	2.546414229	2.659730005	2.659730005	2.586826821	2.197918835
	2.199237595	2.16268986	2.132863808	2.345827506	2.234417188
	2.31135581	2.31135581	2.362917216	2.448208197	2.362917216
	1.912911917	1.928333874	1.942511287	1.910581839	1.967924319
	1.98912496	1.954839851	1.99954228	1.996095122	2.000167488
	1.992954375	1.965594893	1.985308578	1.965586802	2.004981733
	2.004981733	2.000396557	2.001642698	2.003350272	1.997595809
	2.00007958	2.018635811	2.002287321	2.000426717	2.000426717
	1.885955446	2.986081208	1.854448207	1.880699253	1.854448207
	1.89991765	1.985549825	1.928614228	2.036127074	2.018635811
	2.079206369	2.060727065	1.991120305	2.032288753	2.05620045
	3.068403837	4.692106895	2.854096654	2.723464601	2.863823383
	2.546414229	2.448208197	2.479367443	2.669978457	2.586826821
	2.586826821	2.197918835	2.197918835	2.23183013	2.203206213
	2.179120744	2.345827506	2.345827506	2.326503635	2.326503635
	2.483933777	2.405029431	2.452131125	1.972379317	1.972379317
	1.962151834	1.967924319	2.000313725	1.98912496	1.964885171
	2.00270892	1.996491214	1.996491214	1.994006544	1.978499463
	1.978499463	2.000849933	2.000396557	1.99980916	2.003350272
	2.001868935	2.000114553	2.001868935	1.999905524	2.00007958
	2.001435869	2.018635811	2.01671158	2.000426717	2.030079798
	1.817494953	2.986081208	1.913703874	1.864791304	1.913703874
	2.032288753	2.042786285	2.042786285	1.976992157	2.060727065
	2.079206369	2.048249224	2.079206369	2.101440366	2.101440366
	2.043668731	2.863823383	4.463461357	2.756899944	2.723464601
	2.779111144	2.613601351	2.527711116	2.613601351	2.571825094
	2.407442192	2.640844977	2.320435366	2.295841226	2.239702234
	2.207081182	2.227750578	2.218862627	2.399311627	2.333618049
	2.326503635	2.527711116	2.457907151	2.461513128	1.972379317
	2.001242075	2.001242075	2.000313725	2.000313725	2.055424526
	1.991152626	2.005497373	2.005497373	1.994006544	1.987432121
	1.993231062	2.000849933	2.001435869	1.998390015	1.998365046
	2.001273108	2.001868935	1.998887712	2.004364458	2.001435869
	2.058520144	2.055424526	2.09730723	1.67860926	2.854247326
	1.913703874	1.941992592	1.976992157	2.094475468	2.042786285
	2.051122828	2.103307563	2.090111392	2.131826374	2.131826374
	2.101440366	2.128266171	2.710954623	3.949870929	2.731880773
	2.634798132	2.779111144	2.571825094	2.537864763	2.557138311
	2.521354392	2.427515536	2.427515536	2.602419429	2.320435366
	2.320435366	2.295841226	2.304229207	2.227750578	2.218862627
	2.218862627	2.634798132	2.399311627	2.385969756	2.537864763
	2.487452501	2.498886717	1.991152626	2.024960645	2.004193177
	2.100055553	2.067128988	2.005174867	2.067128988	2.013518787
	2.005497373	2.003491161	2.003491161	2.024006738	2.009411391
	2.007506865	2.005067056	1.998365046	1.998365046	2.003246632
	2.000031049	2.000031049	2.004364458	2.00334356	2.009411391
	2.09730723	2.09730723	1.67860926	2.601221278	2.00700249
	1.925590695	2.00700249	2.145500909	2.094475468	2.063217038
	2.13692943	2.146533927	2.157579631	2.15642287	2.192666028
	2.181511925	2.710954623	3.680642193	2.634798132	2.61307512
	2.557138311	2.557138311	2.411107628	2.498886717	2.465584094
	2.465584094	2.566520326	2.387024811	2.387024811	2.347647205
	2.331298844	2.332312102	2.312448562	2.313414579	2.570158072
	2.432934843	2.432934843	2.528495033	2.493068782	2.498886717
	2.015711653	2.137831219	2.024960645	2.024398681	2.101772862
	2.067128988	2.04619489	2.04619489	2.015711653	2.037830392
	2.038961558	2.024006738	2.019724045	2.023400587	1.993602467
	1.995803599	2.002659584	1.995803599	2.00334356	2.011227609
	2.019724045	2.011227609	2.146533927	1.925590695	2.907382703
	2.00700249	1.89141659	2.050156615	2.181511925	2.145500909
	2.103432262	2.177793225	2.175520644	2.157579631	2.227718499
	2.227718499	2.216554893	2.705057125	3.590779227	2.659638173
	2.61307512	2.54361618	2.526213407	2.519519076	2.465584094
	2.449130186	2.449130186	2.54361618	2.386371785	2.387024811
	2.347647205	2.347647205	2.331298844	2.312448562	2.355473033
	2.312448562	2.504062236	2.432934843	2.528495033	2.51756906
	2.50261987	2.51756906	2.169243321	2.169243321	2.028360984
	2.032578991	2.137831219	2.077663291	2.077663291	2.104166352
	2.072415326	2.076549627	2.179634708	2.038961558	2.072156696
	2.038961558	2.019724045	1.991603536	1.99485666	1.998055975
	2.002435963	2.02083912	2.010987724	2.019451228	2.019451228
	2.21314841	1.89141659	2.676450771	2.050156615	1.869777496
	2.050156615	2.134361601	2.219468089	2.219468089	2.136021884
	2.21314841	2.23842743	2.259688209	2.271570944	2.25552506
	2.445331713	3.336197259	2.504062236	2.512182029	2.526213407
	2.526213407	2.490895748	2.456376543	2.470052413	2.481752219
	2.441589503	2.389936009	2.389936009	2.40958859	2.395355633
	2.390543439	2.396444995	2.355473033	2.481752219	2.464874977
	2.441589503	2.501474542	2.51756906	2.490895748	2.477547573
	2.497385697	2.226782534	2.179634708	2.040635834	2.040635834
	2.163173626	2.077663291	2.104166352	2.157709379	2.054405335
	2.054405335	2.083496533	2.071812576	2.048158093	1.99485666
	1.993590995	2.001518381	1.99870988	2.026476943	2.02083912
	2.01502739	2.01502739	2.226782534	2.254818715	1.527374443
	2.676450771	2.01690564	1.899515901	2.15172191	2.29874216
	2.241320961	2.277509742	2.254818715	2.259688209	2.259688209
	2.28992923	2.272077255	3.05772564	2.389518806	2.389518806
	2.512932291	2.458373062	2.485422716	2.470052413	2.481752219
	2.430666473	2.414330887	2.414330887	2.434206182	2.427291236
	2.425594685	2.390543439	2.424750089	2.435156199	2.465908014
	2.450771514	2.459059862	2.50625708	2.512932291	2.50625708
	2.480726229	2.467349444	2.47454885	2.226782534	2.198926382
	2.071547331	2.157709379	2.141856087	2.183520307	2.183520307
	2.097666444	2.070868791	2.132532823	2.097666444	2.060029682
	1.993590995	1.993590995	2.052930341	2.00857446	2.020178071
	2.01502739	2.287092877	2.291311302	2.291311302	1.484453759
	2.495971653	2.01690564	1.97276659	2.123711983	2.28992923
	2.277509742	2.25897828	2.318298812	2.330972586	2.28992923
	1.97877046	3.05772564	2.389518806	2.214420037	2.447730309
	2.466784934	2.471499182	2.411647738	2.45117372	2.45117372
	2.450661438	2.458867801	2.455041581	2.425594685	2.425594685
	2.453623669	2.310398779	2.458669388	2.469506327	2.458669388
	2.50625708	2.447730309	2.472433595	2.454779263	2.454779263
	2.47454885	2.272334153	2.256880373	2.089822759	2.089822759
	2.204284065	2.170383267	2.190263052	2.097666444	2.142477591
	2.129175824	2.075233688	1.9943747	1.992769082	1.992769082
	2.052930341	2.052930341	2.00857446	2.020178071	2.287092877
	2.350681796	2.350681796	2.287092877	1.97276659	2.332341685
	2.095693292	2.031297443	2.303146651	2.328192201	2.339602122
	2.303146651	2.318298812	2.351827015	2.351827015	2.214420037
	2.688248696	2.229298201	2.229298201	2.402534439	2.458754314
	2.457177703	2.370647255	2.469506327	2.471092308	2.493874614
	2.477880188	2.500764392	2.477613398	2.492761663	2.489168288
	2.310398779	2.4489065	2.462842845	2.469506327	2.446305958
	2.429302601	2.385262461	2.454779263	2.432822983	2.416674363
	2.457177703	2.428129687	2.256880373	2.233066541	2.089822759
	2.133135224	2.157710444	2.229168781	2.190263052	2.190263052
	2.157710444	2.075233688	2.089569418	1.992587982	1.992769082
	1.999673771	2.005946753	2.048357247	2.03526587	2.0125535
	2.310639143	2.332172781	2.36463395	2.369008217	2.031297443
	2.487067426	2.210612472	2.031297443	2.303146651	2.328192201
	2.359318852	2.359318852	2.351827015	2.363405067	1.882113936
	2.592640301	2.229298201	2.005862958	2.370647255	2.458754314
	2.370647255	2.462842845	2.471092308	2.477880188	2.530046464
	2.524678756	2.477613398	2.547058116	2.477613398	2.471969367
	2.474682379	2.241943512	2.446305958	2.462842845	2.446305958
	2.416479928	2.393201635	2.341250641	2.399073153	2.393201635
	2.375648705	2.392761448	2.428129687	2.30313562	2.247422977
	2.247422977	2.09909334	2.133135224	2.170841644	2.194843722
	2.194843722	2.11324188	2.089569418	2.064420217	2.064420217
	1.991296658	1.991296658	1.995531684	1.995531684	2.054074116
	2.032456399	2.040886083	2.30313562	2.35458676	2.343889085
	2.408630773	2.369008217	1.634676993	2.486549268	2.139080092
	2.153641048	2.301646958	2.381305507	2.401839893	2.399231954
	2.381391665	2.432090881	2.441287486	2.005862958	2.592640301
	2.044480158	2.044480158	2.225049656	2.224565241	2.43021222
	2.468169322	2.485507843	2.492672364	2.544250984	2.571079109
	2.571079109	2.568634663	2.491351558	2.493584321	2.474682379
	2.474682379	2.052565996	2.416479928	2.452485361	2.43021222
	2.416479928	2.393201635	2.336984472	2.325628424	2.352973078
	2.375648705	2.392761448	2.33852114	2.312511412	2.270168049
	2.232072343	2.270168049	2.152377419	2.170841644	2.170841644
	2.116380056	2.116380056	2.06993179	2.332070509	1.988167075
	1.988167075	1.995531684	2.006095108	2.025013648	2.025013648
	2.06993179	2.408630773	2.35458676	2.364949096	2.404617452
	2.404617452	1.768771819	2.683568997	2.301646958	2.301646958
	2.435797605	2.432090881	2.452285187	2.432090881	2.462113482
	1.915610488	1.915610488	2.609494639	2.052565996	2.130712404
	2.224565241	2.425591245	2.44150494	2.49420786	2.500012636
	2.626987202	2.571079109	2.616982255	2.568634663	2.568634663
	2.496159631	2.452485361	1.996388382	2.130712404	2.396779729
	2.452485361	2.396779729	2.344177639	2.316484237	2.22368293
	2.124884914	2.22368293	2.316484237	2.334319804	2.291708337
	2.33852114	2.33852114	2.296806644	2.270168049	2.238377274
	2.238377274	2.175698782	2.204017621	2.116380056	2.162140841
	2.06993179	2.364949096	2.329733628	1.979180796	1.978653702
	1.991820529	2.025013648	2.033694326	2.033694326	2.090598338
	2.429911879	2.364949096	2.404617452	2.415511332	2.202866187
	2.918380795	2.263723847	2.263723847	2.435797605	2.462113482
	2.480827025	2.436822668	2.453291889	2.480827025	1.915610488
	1.911890409	2.405344374	1.996388382	2.130712404	2.370260858
	2.534306926	2.534306926	2.651216598	2.651216598	2.656243817
	2.57732769	2.560346756	2.506871652	2.44812458	2.474947491
	1.996388382	2.053021164	2.343663949	2.344177639	2.44812458
	2.390687964	2.370260858	2.343663949	2.3401025	2.254070276
	2.124884914	2.22368293	2.123023292	2.284319161	2.31692803
	2.170815639	2.26721518	2.26721518	2.296806644	2.249959123
	2.224427534	2.200309569	2.200309569	2.120991198	2.177309309
	2.128701674	2.351126912	2.329733628	1.971947761	1.991820529
	1.991820529	2.008336795	2.034148994	2.036396957	2.090598338
	2.433406603	2.427898536	2.427898536	2.40740364	1.939798679
	2.979650623	2.33690225	2.426619004	2.415815153	2.508857627
	2.469828777	2.445000109	2.469828777	1.402017441	1.73781188
	2.196918954	1.803757807	1.952814719	2.534306926	2.544619999
	2.71102566	2.651216598	2.647854019	2.617020484	2.617020484
	2.609111169	2.564236898	2.53879192	2.456605148	2.44812458
	2.397693874	1.93136667	1.947987166	2.320719986	2.309009053
	2.332130673	2.332663106	2.312028421	2.216745187	2.055821268
	2.182923423	2.182923423	2.170815639	2.23059001	2.170815639
	2.26721518	2.210870223	2.279337987	2.249959123	2.224427534
	2.224427534	2.188526269	2.128701674	2.128701674	2.344815045
	2.344815045	1.972294165	1.972294165	2.008336795	2.008336795
	2.034148994	2.060022422	2.099566346	2.427898536	2.420122211
	2.420122211	1.939798679	3.426953217	2.405468357	2.400720274
	2.525476478	2.485649649	2.469828777	2.518095085	2.505447822
	1.366485896	1.784477721	2.099574556	1.849384632	1.947987166
	2.53879192	2.774315646	2.774315646	2.709800207	2.76819331
	2.705682143	2.479738363	2.609111169	2.54369584	2.54369584
	2.397693874	2.397693874	2.329768629	1.791666353	1.774739068
	2.261147791	2.312028421	2.332663106	2.332663106	2.165998849
	2.165998849	2.055821268	2.055821268	2.119739868	2.111720271
	2.111720271	2.150030263	2.150030263	2.135886659	2.163867196
	2.30624679	2.216521921	2.216521921	2.134603576	2.360029535
	2.37210419	2.338075262	1.952580765	1.962090099	1.97881703
	1.996032557	2.060022422	2.060022422	2.140621624	2.457500865
	2.475180609	2.411605599	2.428188289	2.092862792	3.426953217
	2.405468357	2.526509149	2.496275049	2.526563089	2.505447822
	2.556760766	1.330238275	1.616501305	2.099574556	1.668699853
	1.798133126	2.432971663	2.152139422	2.876381579	2.774315646
	2.778804135	2.76819331	1.861195277	2.705682143	2.699070445
	2.484027577	2.588257268	2.531836204	2.388748279	2.359803503
	2.329768629	1.791666353	1.791666353	2.152139422	2.244444159
	2.264039424	2.165998849	2.046703601	2.068400998	1.896412724
	2.039190159	2.045014018	2.035484121	2.150030263	2.068400998
	2.209302496	2.254143146	2.216521921	2.140621624	2.353458055
	2.334933364	2.25071213	1.94867577	1.94867577	1.956725538
	1.996032557	2.032545825	2.105686489	2.109805604	2.346533243
	2.470384928	2.486229474	2.458338202	2.330262911	3.703180796
	2.526509149	2.526509149	2.593417376	2.5449056	2.55622938
	2.529502586	2.574705576	1.331411926	1.668699853	2.092742683
	1.668699853	1.798133126	1.861195277	2.152139422	2.175671013
	2.830399096	2.875993808	2.875993808	2.760124687	2.699070445
	1.896412724	2.591689279	2.591689279	2.388748279	2.531836204
	2.531836204	2.321267689	2.277307971	2.277307971	1.705839783
	1.616176878	2.088281074	2.175671013	2.033632754	1.992288273
	2.033632754	1.981175726	1.981175726	1.923723505	1.963074417
	1.94737842	1.974953212	2.191112102	2.219458116	2.191112102
	2.297142168	2.346533243	2.25071213	2.346533243	1.932269568
	1.956725538	1.956725538	2.024970075	2.024970075	2.066788747
	2.106418966	2.529502586	2.390548211	2.390548211	2.330262911
	4.531808902	2.725982407	2.593417376	2.593417376	2.55622938
	2.529502586	2.455004633	2.497226292	2.608154994	1.262603721
	1.509488967	2.286146275	1.60855974	1.705839783	1.789755932
	1.74686873	2.057539458	2.209543686	2.321267689	3.019531893
	2.975439605	2.962196254	2.962196254	2.720932647	2.697388247
	1.923723505	2.591689279	2.357570868	2.457485967	2.321267689
	2.184955682	2.103957981	1.612758632	1.562793678	2.050050881
	2.01640289	2.033632754	1.975072259	1.907366102	1.974953212
	1.934074394	1.923723505	1.920678715	1.974953212	1.737899158
	2.353387658	2.143715108	2.191112102	2.297142168	2.24133715
	2.353387658	1.914669363	1.941989127	1.941989127	1.971694111
	1.971694111	2.106418966	2.106418966	2.39409594	2.390548211
	2.460032061	2.725982407	3.981886082	2.653911978	2.661078926
	2.642425569	2.497226292	2.453685992	2.453685992	2.611034519
	1.295376938	1.509488967	2.087755838	1.562793678	1.643949068
	1.643953647	1.737899158	2.050050881	2.137387642	2.260079255
	2.260079255	1.54185258	3.981338438	3.050370354	3.194560462
	2.858737429	3.050370354	2.62417605	2.62417605	2.516246932
	1.812928487	2.457485967	2.184955682	2.184955682	2.008623994
	2.008623994	1.562793678	2.050050881	1.970180052	1.94913731
	1.960882262	1.91419239	1.907366102	1.836586029	1.885645139
	1.869129857	1.792217195	1.884251964	1.737899158	2.335849601
	2.193834316	2.193834316	2.228409212	2.234536299	2.30639413
	1.870036652	1.870637254	1.908912287	1.971694111	1.95396104
	2.051264896	2.151010501	2.151010501	2.366826539	2.366826539
	2.414978535	2.823628045	3.981886082	2.808926474	2.661078926
	2.834264649	2.611034519	2.515546541	2.414978535	2.453685992
	2.642846091	1.295376938	1.507838996	2.087755838	1.514443591
	1.597765142	1.643953647	1.643953647	1.597765142	2.260079255
	2.290945946	1.792217195	1.54185258	2.516246932	3.981338438
	3.981338438	3.050370354	3.184665456	2.631542599	2.84733644
	2.62417605	2.320674952	1.698404485	2.290945946	2.079840095
	2.071620131	1.981742345	1.935831805	1.935831805	1.514443591
	1.886909711	1.860632726	1.845639471	1.825844827	1.91419239
	1.836586029	1.836586029	1.864619451	1.815990158	1.792217195
	1.622602799	2.30639413	2.212083305	2.212083305	2.30639413
	1.808728805	1.808728805	1.908912287	1.95396104	1.997393996
	1.997393996	2.153647649	2.10095757	2.366826539	2.414978535
	2.886352371	4.356216491	2.808926474	2.790405368	2.392897024
	2.790405368	2.551844288	2.551844288	2.512746319	2.443849608
	2.6013934	1.393133061	1.507838996	2.223544399	1.467463343
	1.597765142	1.531958741	1.485830949	1.522845005	1.472608134
	2.290945946	1.706728385	1.497856663	2.383438348	4.699323643
	3.467074505	3.179714232	2.84733644	2.768259559	2.488366188
	2.563411079	2.488366188	2.383438348	2.320674952	1.643550217
	2.173942327	2.031091562	1.996013373	1.996013373	1.954437865
	1.935831805	1.82070406	1.403441024	1.396714012	1.886909711
	1.789566414	1.766861137	1.825844827	1.803662987	1.764977167
	1.740603959	1.683922918	1.781721526	1.643550217	1.670264546
	1.683922918	1.622602799	1.485830949	2.309887974	2.272063782
	2.203375825	1.808728805	1.892608265	1.942588299	2.203375825
	1.942588299	1.982369163	2.044218459	2.044218459	2.267850571
	2.255236459	2.886352371	4.356216491	2.94962446	2.951011635
	2.388727844	2.412246069	2.633252711	2.551844288	2.44739253
	2.633252711	1.342447359	1.460811856	2.223544399	1.403441024
	1.460041004	1.442660769	1.485830949	1.472608134	2.782433131
	2.782433131	2.389466319	2.488366188	2.436661767	2.325402632
	2.197663671	2.155497678	1.562086715	2.008765279	2.034559089
	1.996013373	1.849721125	1.799299092	1.799856251	1.396714012
	1.396714012	1.394017934	1.789566414	1.766861137	1.766861137
	1.72634415	1.731166492	1.740603959	1.623031874	1.683922918
	1.64685175	1.518224164	1.670264546	1.518224164	1.35194445
	2.267850571	2.203375825	1.773469939	2.152949197	1.796656039
	1.925264554	2.152949197	1.982369163	1.976053438	2.044218459
	2.335316106	2.255236459	2.255236459	3.345267631	4.863645225
	2.94962446	2.821160864	2.471667104	2.335316106	2.730561582
	2.471667104	2.64740776	1.31004032	1.387252247	2.4137439
	1.387252247	1.411959947	1.394017934	1.389884753	2.389466319
	2.135236885	2.278696006	2.436661767	2.101278863	2.135236885
	1.562086715	1.917850339	1.959217186	1.899932614	1.799856251
	1.784651489	1.799856251	1.332136759	1.341565312	1.332136759
	1.394017934	1.742504124	1.720839521	1.648104644	1.658329937
	1.627743441	1.627743441	1.598806818	1.598121165	1.539543636
	1.532292394	1.518224164	1.507570705	1.411959947	1.304306719
	1.385432059	2.20086631	2.153101223	1.794664403	2.08413128
	1.768494261	1.858303525	2.088587068	1.976053438	1.976053438
	2.268160496	2.275971204	2.259741857	2.203902968	3.163615499
	4.863645225	3.020381443	2.738958886	2.7341484	3.020381443
	2.471667104	2.40829583	2.40829583	2.64740776	2.561884351
	2.64197594	1.349241692	1.360813429	2.464231293	1.360813429
	1.389884753	1.3486673	1.389884753	2.046987439	2.181482656
	2.101278863	2.037497403	2.037497403	1.465781556	1.917850339
	1.917850339	1.665057834	1.810965278	1.762502557	1.730614661
	1.780734505	1.305401704	1.332136759	1.337179064	1.263117428
	1.276353105	1.28061115	1.628798939	1.648104644	1.648104644
	1.598806818	1.565035273	1.565035273	1.598806818	1.539543636
	1.479729653	1.519054436	1.465781556	1.453946342	1.352895538
	1.28061115	1.252496993	1.352895538	2.153101223	2.08413128
	1.768494261	2.08413128	1.768494261	1.836694397	1.889471778
	1.889471778	2.275971204	2.275971204	2.203902968	2.153781209
	3.203344544	4.822259716	3.014818382	2.7341484	2.914074653
	2.338514376	2.56880993	2.40829583	2.338514376	2.399313552
	2.56880993	2.516256179	2.647811338	1.368563891	1.360813429
	2.398741224	1.337179064	1.278412023	1.278412023	1.465781556
	1.862518064	1.665057834	1.61843754	1.812956314	1.765626735
	1.715560866	1.300117126	1.310917824	1.232879063	1.236308107
	1.276353105	1.28061115	1.571408284	1.628798939	1.643401329
	1.486078858	1.456595137	1.44704446	1.490489787	1.481348842
	1.469503451	1.452232413	1.408086933	1.453946342	1.453946342
	1.352895538	1.252496993	1.232879063	1.29314351	2.138738247
	2.024163866	1.742544834	1.952841789	1.746029432	1.821944085
	1.889471778	2.134690712	2.073834839	2.153781209	3.262994609
	4.822259716	3.262994609	2.914074653	2.783942105	2.218149557
	2.281270266	2.450665397	2.368189231	2.450665397	2.663892044
	1.368563891	1.459545688	2.477778362	1.349229657	1.325872092
	1.263171196	1.278412023	1.261154565	1.286524047	1.232879063
	1.242737487	1.260374608	1.522707164	1.535408859	1.486078858
	1.452232413	1.396842014	1.388575096	1.469503451	1.418285314
	1.452232413	1.37725424	1.37725424	1.337639954	1.29314351
	1.204270217	1.204622137	1.226164435	1.209735943	1.201212586
	1.290784	2.020656367	2.020656367	1.63845607	1.875958652
	1.799306566	1.801094246	2.14859517	2.135446732	2.073834839
	2.009178983	5.216340835	3.262994609	3.543994812	3.120562137
	2.927211904	2.783942105	2.657518668	2.218149557	2.286041495
	2.451006511	2.368189231	2.451006511	1.349229657	1.462074669
	2.146043001	1.350686192	1.251676853	1.215346985	1.216891825
	1.209735943	1.1994311	1.47808417	1.432307729	1.396842014
	1.388575096	1.388575096	1.158900875	1.365412528	1.307886346
	1.399907401	1.324519693	1.324519693	1.238227913	1.171997209
	1.226164435	1.258777876	1.184166187	1.168739079	1.184166187
	1.238541511	1.177836835	1.215346985	2.009178983	1.85303333
	1.607025798	1.784875986	1.784875986	2.150163409	2.084306266
	2.084306266	2.012182439	2.000775859	5.216340835	3.061191355
	3.74848033	3.061191355	3.063484562	2.772786111	2.657518668
	2.657518668	2.216388881	2.37213314	2.45620171	2.287023575
	2.37213314	2.451006511	1.350686192	1.424169016	2.080036088
	1.32449441	1.182695449	1.182695449	1.392755489	1.389586603
	1.145368279	1.168739079	1.307886346	1.307886346	1.306702352
	1.234727499	1.270536274	1.199311112	1.148818218	1.16306485
	1.258777876	1.184166187	1.205336982	1.168739079	1.200333771
	1.147666595	1.150812396	1.85303333	1.85303333	1.676375621
	1.767931431	2.150163409	2.150163409	1.972088226	1.972088226
	1.972088226	4.943204042	3.267116438	3.123691923	3.061191355
	2.907131608	2.921229404	2.79748704	2.661317868	2.553975217
	2.216388881	2.553975217	2.381279224	2.381279224	1.352151433
	1.471179362	2.460760481	1.352151433	2.460760481	1.16306485
	1.305826159	1.148068513	1.145368279	1.136129602	1.305826159
	1.270536274	1.306702352	1.236036704	1.233716193	1.20054123
	1.135893102	1.212836912	1.205336982	1.205336982	1.159183115
	1.129235779	1.147352533	1.150431293	1.143951803	1.143951803
	1.852900138	1.766736444	1.669877661	1.66314056	2.15958384
	2.086805676	1.935456758	1.935456758	4.872134912	3.267116438
	2.932227113	2.907131608	2.906156321	2.671716446	2.661317868
	2.469016489	2.225713857	2.311855245	2.381279224	2.15958384
	1.352151433	1.387787926	1.387787926	1.281949377	1.281949377
	1.352330155	2.383077187	1.115104872	1.148068513	1.125245967
	1.267985766	1.233716193	1.172772744	1.233716193	1.148283379
	1.115104872	1.113716793	1.159183115	1.263523544	1.220201374
	1.220201374	1.11795318	1.125087709	1.133913937	1.147352533
	1.12693492	1.130495978	1.143951803	1.847601223	1.660306601
	1.546615394	1.546615394	2.15958384	2.009915639	2.089950021
	1.935456758	2.004336008	1.859976015	5.045705721	3.231118492
	3.082011833	2.904580193	2.932227113	2.671716446	2.671716446
	2.678523483	2.469893104	2.31826419	2.241337716	2.31826419
	2.241337716	1.408753972	1.265180506	1.329807999	1.408753972
	1.328702354	2.383077187	1.109050695	1.120938485	1.199848717
	1.173886411	1.173902423	1.134314587	1.113716793	1.113716793
	1.11795318	1.106371181	1.159340072	1.228812229	1.228812229
	1.114733791	1.133913937	1.140777129	1.152832525	1.134314587
	1.128737899	1.12693492	1.106984713	1.661774047	1.656787992
	1.546615394	2.033282438	1.866335317	2.009915639	2.033887834
	1.866335317	1.781941294	4.64667821	3.120392361	3.173239444
	2.747286796	2.747286796	2.747286796	2.662612784	2.568733632
	2.480196184	2.31826419	2.410997433	2.241337716	2.193714506
	2.194445355	2.312495162	2.376099818	1.329807999	1.289051681
	1.376211192	1.32286414	1.382450445	1.328702354	1.105379724
	1.173902423	1.134314587	1.113034833	1.099979506	1.099627971
	1.204874555	1.228812229	1.219026042	1.105379724	1.124460812
	1.140777129	1.140777129	1.201825614	1.117664215	1.112963131
	1.108022641	1.106984713	1.65783444	1.65783444	1.958514278
	1.866335317	1.943013097	1.781941294	1.781941294	2.061832751
	4.64667821	3.120392361	4.316335873	4.122334091	3.120392361
	2.740668776	2.740668776	2.749085864	2.756474826	2.570306019
	2.590291232	2.425274262	2.425274262	2.337517376	2.193714506
	2.211439466	2.149362112	4.122334091	2.354494457	1.481272184
	1.442117892	2.072113376	1.32286414	1.382450445	1.336831948
	1.344129587	1.382450445	1.442117892	1.105379724	1.113034833
	1.099627971	1.259849938	1.204874555	1.219026042	1.108011326
	1.201825614	1.116446579	1.105167348	1.116446579	1.124460812
	1.146453211	1.169501345	1.201825614	1.110256255	1.108011326
	1.103883055	1.547605797	1.788187591	1.958514278	1.892034387
	1.704419669	1.998416479	2.086740513	3.054400611	2.928474574
	2.943422702	2.887236231	2.928474574	2.740668776	2.660664188
	2.679957102	2.660169375	2.526759046	2.445636315	2.445636315
	2.337517376	2.211439466	2.231976851	2.086740513	2.670129158
	3.648004688	2.072113376	2.05200773	2.128309528	2.164112104
	2.221256788	2.408075997	2.303452384	1.481272184	1.502385328
	1.442117892	1.494554067	1.313423844	1.406860131	1.379851455
	1.412954625	1.105540822	1.273153811	1.239045378	1.287465317
	1.108404536	1.239045378	1.116446579	1.114102005	1.158220475
	1.16442822	1.193228645	1.226534811	1.213298457	1.108404536
	1.105540822	1.596278374	1.892034387	1.892034387	1.704419669
	1.924019865	1.998416479	2.086740513	2.86023856	2.684211607
	2.887236231	2.628250423	2.684211607	2.61613176	2.597703085
	2.526759046	2.526759046	2.430454761	2.344213732	2.344213732
	2.231976851	2.167703413	2.112342491	3.393673593	3.354157381
	2.76673699	2.407795642	2.76673699	2.577391757	2.407795642
	2.666304709	2.429915746	1.474753736	1.556659861	1.663227597
	1.351708634	1.510061782	1.400577086	1.404466382	1.494554067
	1.544966047	1.463760501	1.577635755	1.358073001	1.358073001
	1.399122577	1.424083407	1.49829784	1.105540822	1.328036431
	1.239045378	1.108404536	1.243962786	1.136483946	1.130944975
	1.16442822	1.158220475	1.220761744	1.230139049	1.300121178
	1.112754284	1.113778501	1.727974142	1.924019865	1.732255579
	2.018818166	2.018818166	2.11559872	2.654402999	2.684211607
	2.626477305	2.628250423	2.691301997	2.608281383	2.61613176
	2.477076154	2.477076154	2.403850453	2.344213732	2.242438039
	2.242438039	2.174592957	2.11559872	2.54288429	2.121896529
	1.976089633	1.600195406	2.208902054	1.709253018	2.466346922
	2.54288429	1.916466124	1.577635755	1.666266488	1.663227597
	1.843669771	1.795830639	1.795830639	1.544966047	1.544966047
	1.568031199	1.676633871	1.368758575	1.358073001	1.388331924
	1.424083407	1.424083407	1.49829784	1.113778501	1.328036431
	1.117696517	1.300121178	2.485750914	1.14785934	1.182088823
	1.151886945	1.222547436	1.344121682	1.263973099	1.122721795
	1.147223802	1.134748723	1.667252424	1.963933734	1.667252424
	1.963933734	2.061253372	2.611198932	2.611198932	2.626477305
	2.607583536	2.608281383	2.608281383	2.545925935	2.382105692
	2.377802084	2.325587946	2.138887082	2.292661626	2.237043915
	2.138887082	2.418978578	2.301945121	2.216791571	1.916466124
	2.115677322	2.538549816	2.466691638	2.024866541	1.666266488
	1.820436201	1.855874537	1.843669771	2.024866541	1.568031199
	1.595719517	1.568031199	1.576395512	1.757131762	1.408721968
	1.386133486	1.42006779	1.491099336	1.576395512	2.498029943
	1.147223802	2.485750914	1.361280435	2.485750914	1.14785934
	1.205720418	1.222495241	1.257359267	1.392179199	1.30430126
	1.134748723	1.147223802	1.134748723	1.667252424	1.921179725
	1.801184398	1.921179725	2.164124697	2.611198932	2.633052625
	2.607583536	2.530145817	2.572322059	2.474661595	2.572322059
	2.377802084	2.292661626	2.394328407	2.247357602	2.292661626
	2.164124697	2.466691638	2.301945121	2.163610317	2.216791571
	2.171380551	2.466691638	2.024866541	1.863709222	1.863709222
	2.003574683	2.009772355	1.741854423	1.688536285	1.576395512
	1.757131762	1.830856461	1.491491502	1.491491502	1.410192916
	1.596875499	2.491927997	1.205817057	2.474661595	1.410192916
	1.410192916	2.445675535	1.392179199	1.205817057	1.205720418
	1.257359267	1.257359267	1.367993691	1.154439386	1.17512552
	1.173724412	1.713587338	1.921179725	1.840639475	1.959103566
	2.144599686	2.557758408	2.613346367	2.57136581	2.550962924
	2.491927997	2.541737914	2.53521459	2.474661595	2.541737914
	2.396344778	2.361331867	2.247357602	2.293662849	2.21656296
	2.377588753	2.300739342	2.186327325	2.186327325	2.171380551
	2.425804365	2.094235135	1.863709222	1.957797781	2.094235135
	1.812151769	1.596875499	1.830856461	1.830856461	1.53653123
	1.54848998	1.550815793	1.700027314	2.491927997	2.474256251
	1.205817057	1.479557675	1.479557675	2.396344778	1.295337775
	1.47682419	1.276555006	1.285543301	1.336314683	1.203446317
	1.204030362	1.233712502	1.760836589	1.991636451	1.991636451
	2.144558177	2.144599686	2.523513436	2.57136581	2.52069722
	2.49585158	2.541737914	2.478506218	2.517848381	2.396344778
	2.361331867	2.361331867	2.292530986	2.254176178	2.366121961
	2.366121961	2.238177846	2.306384866	2.412685076	2.185368796
	2.094235135	1.957797781	2.056454879	1.799045528	1.812151769
	1.700027314	1.893069121	1.979142576	1.669888873	1.624492905
	1.550815793	1.550815793	1.700027314	2.472486098	2.39687963
	1.233955735	1.47682419	2.451702111	1.336314683	1.396643755
	1.47682419	1.276555006	1.373092323	1.429140977	1.519595046
	1.234834598	1.233955735	1.268594533	1.816825852	1.991636451
	1.984794418	2.12856037	2.12856037	2.49585158	2.523513436
	2.528912113	2.472486098	2.517848381	2.451702111	2.497536008
	2.37756434	2.377652253	2.345759193	2.292530986	2.254176178
	2.344312757	2.253310454	2.238177846	2.238177846	2.344312757
	2.144840167	2.056555001	2.144840167	2.253310454	1.828979247
	1.737042605	1.97392506	1.97392506	2.056555001	1.691246574
	1.619166927	1.691246574	2.472486098	2.386090607	1.233955735
	1.429140977	1.519595046	1.32133593	1.432613606	1.429140977
	1.630084644	1.268057788	1.268594533	1.270742159	1.872644685
	2.077032736	2.030202998	2.12856037	2.23270516	2.484597048
	2.508245193	2.504737131	2.484597048	2.464271264	2.463461517
	2.419607756	2.492071914	2.354406486	2.354406486	2.35814497
	2.320978254	2.344312757	2.284277234	2.379825664	2.125199669
	2.187995914	2.340235887	1.737042605	1.880152484	1.785536532
	1.97392506	2.092475405	2.092475405	1.630084644	1.691246574
	1.727221512	1.867885198	2.452103905	2.435772103	1.32133593
	2.396681711	1.550248735	1.550248735	1.372105211	1.432613606
	1.500288134	1.630084644	1.270742159	1.358853913	1.354033438
	2.030202998	2.159421115	2.030202998	2.195798176	2.23270516
	2.506498185	2.495371163	2.492071914	2.486436918	2.465016604
	2.406039018	2.465016604	2.298405889	2.354406486	2.320978254
	2.379825664	2.379825664	2.249662138	2.164614029	2.340235887
	2.286506156	1.926913909	1.934326732	1.926913909	2.164614029
	2.018907586	2.092475405	1.727221512	1.727221512	1.840707872
	2.413558938	2.466955057	1.358853913	2.396681711	1.550248735
	1.55742402	1.419304946	1.522659364	1.569645598	1.661822787
	1.307285192	1.358853913	1.354033438	2.050832278	2.195798176
	2.130133834	2.195798176	2.291983713	2.343551414	2.47638617
	2.482422255	2.480833611	2.495371163	2.464036475	2.465016604
	2.463375468	2.348882312	2.375340423	2.467763453	2.333040562
	2.413558938	2.164614029	2.333040562	2.297254231	2.273400171
	1.934326732	1.934326732	2.058272459	2.140296999	2.058272459
	2.051362594	1.802284278	1.802284278	1.877075082	2.400348909
	1.419304946	2.444472941	1.661822787	1.597130023	1.460111058
	1.570618623	1.570618623	1.683270573	1.350158157	1.39799304
	1.39799304	2.130133834	2.201843506	2.130133834	2.201843506
	2.3116625	2.383394802	2.383394802	2.467763453	2.480833611
	2.464036475	2.448397835	2.466158836	2.410419788	2.410419788
	2.450956898	2.467763453	2.370901494	2.400348909	2.237780127
	2.346013591	2.273400171	1.965776513	2.034576865	2.051362594
	2.107910676	2.051362594	2.202565687	1.802284278	1.877075082
	1.877075082	2.393906419	1.460111058	1.664091211	1.732169248
	1.505025059	1.570618623	1.664091211	1.795314542	1.391230436
	1.441612601	1.441612601	2.162708137	2.201843506	2.162708137
	2.3116625	2.3116625	2.383394802	2.383228538	2.465184257
	2.46837956	2.4300303	2.4300303	2.450956898	2.434619565
	2.443663197	2.465184257	2.346013591	2.211210798	2.273814493
	2.202565687	2.067207511	2.076091276	2.202565687	2.152887325
	1.792941857	1.930657788	2.045552724	2.393906419	1.505025059
	1.713782857	1.579459061	1.623399788	1.713782857	1.779098221
	1.779098221	1.478885792	1.539052127	1.489316916	2.162708137
	2.238913671	2.224088243	2.34951733	2.383228538	2.394140279
	2.383228538	2.465184257	2.432452319	2.4300303	2.443663197
	2.434619565	2.44846307	2.457875134	2.35403343	2.289194887
	2.231178424	2.228887275	2.045552724	2.170991796	1.930657788
	2.045552724	2.377835395	1.610089141	1.614602336	1.679549837
	1.725488443	1.802973582	1.833972483	1.968445043	1.478885792
	1.549779509	1.536230594	2.214807071	2.328889483	2.311221545
	2.328889483	2.397381829	2.4242168	2.397381829	2.449982196
	2.439976432	2.403941324	2.403941324	2.452421875	2.452421875
	2.458178458	2.449982196	2.289194887	2.249152673	2.177024552
	2.10131859	2.093136907	2.035759701	2.377835395	1.614602336
	1.664539067	1.723694343	1.79945382	1.874982284	1.932223989
	2.035759701	1.575926519	1.647724411	1.633223067	2.311221545
	2.356933177	2.311221545	2.356933177	2.397381829	2.434154686
	2.455347794	2.449982196	2.423578071	2.398887035	2.452421875
	2.466543344	2.447992187	2.460574852	2.32530257	2.229361461
	2.221348794	2.149062551	2.035759701	2.344525596	1.664539067
	1.664539067	1.783169615	1.849375849	1.909525523	2.049210243
	2.049210243	1.618575852	1.635558704	1.635558704	2.352113852
	2.349376772	2.386746705	2.387956201	2.451458641	2.455347794
	2.451458641	2.424821607	2.398887035	2.398887035	2.461957988
	2.473522843	2.472699567	2.468609948	2.344525596	2.254676754
	2.178875093	2.178875093	2.344525596	1.706913549	1.783169615
	1.783169615	1.861801225	1.987395064	2.049210243	2.140561053
	1.666882459	1.635558704	1.666882459	2.352113852	2.386746705
	2.386746705	2.457428135	2.451458641	2.473522843	2.499374486
	2.507977198	2.418352944	2.440619216	2.418352944	2.468609948
	2.489147666	2.472699567	2.399211921	2.254676754	2.254676754
	2.178875093	2.366550779	1.77025418	1.840224853	1.840224853
	1.987395064	1.987395064	2.075397105	2.222110454	1.715076822
	1.752365947	1.715076822	2.422110333	2.422349248	2.422349248
	2.479657097	2.479657097	2.499374486	2.48326488	2.506599486
	2.507977198	2.443880223	2.476907894	2.445970983	2.384090417
	2.318527863	2.222110454	2.318527863	1.752365947	2.002507603
	1.882314702	2.284276929	2.002507603	2.069536382	2.15002531
	2.222110454	1.715076822	1.798699798	1.826714136	2.42736884
	2.458497087	2.458497087	2.531053318	2.525585552	2.534402334
	2.509410928	2.520066015	2.509410928	2.445970983	2.424353962
	2.379355886	2.318527863	1.921391646	2.002507603	1.921391646
	2.284276929	2.282179636	2.069536382	2.173386508	1.812399495
	1.826714136	1.826714136	2.490844111	2.515220126	2.484996839
	2.567666532	2.515220126	2.555865716	2.600688504	2.551497519
	2.551497519	2.487419709	2.487419709	2.421719124	2.421719124
	1.965105924	2.094449407	1.965105924	2.291919203	2.291919203
	2.189530368	2.094449407	1.866000433	1.894388165	1.866000433
	2.490844111	2.515220126	2.52360968	2.599310283	2.593844675
	2.593844675	2.632431299	2.551497519	2.471181092	2.535933985
	2.40124993	1.965105924	2.094449407	1.97565924	2.258090917
	2.40124993	2.230968787	1.866000433	1.962277924	1.934118875
	2.52360968	2.599310283	2.568472645	2.642173279	2.593844675
	2.632431299	2.535933985	2.468610934	2.535933985	2.468610934
	1.962277924	2.133802662	2.105461486	2.230968787	2.239598991
	2.133802662	2.468610934	1.918192537	2.068505155	1.980426304
	2.556506885	2.643230163	2.595689181	2.595689181	2.642173279
	2.69351608	2.702040571	2.55183502	2.487620343	2.360528201
	2.068505155	2.255400731	2.255400731	2.632859566	2.536328992
	1.980426304	2.068505155	2.037433577	2.626396816	2.702040571
	2.743884374	2.68151226	2.692874442	2.759768881	2.585735217
	2.360528201	2.242731403	2.255400731	2.68151226	2.632859566
	2.477019868	2.389127966	2.106076209	2.106076209	2.626396816
	2.699268041	2.777788076	2.687077496	2.807035177	2.629188796
	2.588619033	2.242731403	2.588619033	2.389127966	2.106076209
	2.102324206	2.772238706	2.777788076	2.964006845	2.795675803
	2.923833128	2.669976118	2.588619033	2.451078611	2.282829403
	2.182452719	2.182452719	2.743971364	2.837378141	2.964006845
	2.923833128	2.674588893	2.674588893	2.314338453	2.397496044
	2.397496044	2.837378141	3.029215145	3.161030656	2.830420725
	2.549681003	2.397496044	2.969743965	3.423745345	3.025080016
	2.549681003	2.549681003	3.423745345	3.423745345	3.025080016
	3.161054723	4.005551115	3.161054723	4.675655097	1.212590635
	1.153256339	1.432211843	1.432211843	0.6625341149	1.447854037
	0.7810805611	0.6453128843	0.6625341149	1.563970222	1.060747247
	1.563970222	1.449063562	1.278333264	1.45554225	1.449875618
	1.148991354	1.461812781	1.141579414	1.462169373	1.468569589
	1.447854037	1.447854037	0.6453128843	0.6858837267	1.531530803
	1.475985931	1.31194367	1.31194367	1.297545441	1.376003273
	1.439612175	1.265229928	1.55504498	1.563970222	1.449063562
	1.449063562	1.45554225	1.45554225	1.453719276	1.462169373
	1.461812781	1.464303544	1.474628761	1.462169373	1.483882356
	1.470296513	1.471281678	1.531530803	1.531530803	0.7446142118
	1.475985931	1.495115277	0.723188213	1.465543956	1.462303069
	1.31194367	1.484486695	1.283406461	1.610642592	1.31959607
	1.31959607	1.439612175	1.39862664	1.283406461	1.419004013
	1.465431615	1.457162877	1.462554012	1.459704365	1.449205367
	1.459704365	1.474099529	1.463643712	1.46444768	1.465431615
	1.474628761	1.474628761	1.495115277	1.485821484	1.512124976
	1.512124976	1.47479132	1.499083707	1.50321659	1.479671787
	1.481875036	0.8060464142	0.8131561429	1.47479132	1.462303069
	1.484486695	1.479671787	1.495787992	1.306066666	1.467214116
	1.579291227	1.455971062	1.465748409	1.419004013	1.46375777
	1.403898548	1.419004013	1.465998396	1.465748409	1.465998396
	1.459704365	1.456587455	1.463643712	1.46660245	1.471689656
	1.478605729	1.478605729	1.485821484	1.490921536	1.500867792
	1.512124976	1.490921536	1.497236969	0.7962624251	1.5049017
	1.479671787	1.5049017	1.499120444	1.480302147	1.486874015
	1.480302147	1.488390066	1.505726045	1.111729749	1.495787992
	1.495787992	1.454459389	1.434379111	1.455971062	1.455971062
	1.439416348	1.425077464	1.425077464	1.417365207	1.439416348
	1.445205379	1.46660245	1.46217133	1.46217133	1.467240682
	1.465702786	1.471689656	1.470039341	1.470039341	1.483363446
	1.47591621	1.486848734	1.490921536	1.497236969	1.497236969
	1.495144455	1.492545876	0.8217101282	1.279431499	1.535949871
	1.522270435	1.527313336	1.491604249	1.489172858	1.484378405
	1.477289708	1.480302147	1.527313336	1.505726045	0.8959058663
	1.437396399	1.424418606	1.447195475	1.440375786	1.455605228
	1.439416348	1.431779808	1.425077464	1.447195475	1.437505353
	1.467240682	1.467240682	1.457148629	1.465182183	1.466491368
	1.473149489	1.479245647	1.468363291	1.472778242	1.486848734
	1.486195434	1.494389451	1.493723855	1.494292048	1.494292048
	1.279431499	1.506242066	1.279431499	1.517185111	1.499998439
	0.8885314589	1.535949871	1.535949871	1.520845353	1.491659855
	1.487585828	1.49156017	1.516479211	1.506331466	1.437396399
	1.199878298	0.8959058663	1.385399489	1.413166688	1.424418606
	1.424418606	1.448777587	1.457148629	1.448777587	1.447158215
	1.437505353	1.429078082	1.437505353	1.46852585	1.46852585
	1.45720375	1.462948617	1.479245647	1.479245647	1.472461541
	1.472461541	1.48856508	1.486195434	1.494229175	1.493629095
	1.495476581	1.494292048	1.482533048	1.482533048	1.527352397
	1.627882769	1.50504024	1.484580676	0.6747817299	1.520845353
	1.499150262	1.520845353	1.518647944	1.497409147	1.497409147
	1.495476581	1.503537478	1.523475258	1.506331466	1.42834738
	1.402745456	1.199878298	1.385399489	0.6920068965	1.381758962
	1.476000733	1.40772348	1.40772348	1.429395502	1.414647448
	1.45720375	1.448777587	1.44980824	1.446526964	1.438757461
	1.438757461	1.46852585	1.465417915	1.45720375	1.477640904
	1.481812376	1.47060865	1.47060865	1.492073755	1.486067763
	1.49459954	1.493629095	1.494475084	1.499150262	1.482533048
	1.527352397	1.527352397	1.509294981	1.514018	1.518194826
	1.498778459	0.6950959007	1.523475258	1.518647944	1.518647944
	1.496626155	1.496626155	1.497409147	1.503537478	1.509473987
	1.518662431	1.401208762	1.403902558	1.405154633	1.347643935
	1.347643935	1.384939244	1.473716399	1.403902558	1.415222608
	1.429395502	1.429395502	1.459365821	1.449966877	1.446163949
	1.446163949	1.437571208	1.458239589	1.467027994	1.481812376
	1.481812376	1.47060865	1.464274216	1.474950921	1.492073755
	1.489777162	1.495522483	1.494493049	1.498927056	1.528746209
	1.510271716	1.493815201	1.493651367	1.52283393	1.494892747
	1.492639124	0.6950959007	1.513145613	1.514499541	1.519650457
	1.503784509	1.503784509	1.507462376	1.509473987	1.509473987
	1.38038231	1.401208762	1.403902558	1.393646279	1.347643935
	1.386204995	1.386204995	1.479768066	1.410705201	1.424851564
	1.424851564	1.437571208	1.458239589	1.452173568	1.446163949
	1.446571277	1.438882947	1.464274216	1.483901193	1.483901193
	1.470806572	1.461182811	1.470596943	1.487709204	1.489777162
	1.497146677	1.498927056	1.514661195	1.497302447	1.493815201
	1.493815201	1.52283393	1.514125189	1.499156154	1.516385381
	1.516385381	0.697851799	1.514499541	1.513145613	1.514499541
	1.514125189	1.501859961	1.503784509	1.507462376	1.511182946
	1.358818827	1.38038231	1.333719517	1.410705201	1.402357185
	1.392211183	1.363208393	1.392211183	1.386204995	1.479768066
	1.438882947	1.410705201	1.424851564	1.429706306	1.453949349
	1.450326811	1.443784484	1.443784484	1.458527963	1.480366991
	1.484629585	1.471792613	1.467501249	1.458527963	1.471792613
	1.489088692	1.493948676	1.497146677	1.49970817	1.507385865
	1.497302447	1.497934722	1.509929393	1.514125189	1.496258226
	0.6567643	1.482387157	1.516385381	1.514347176	1.51622596
	1.515369855	1.504607689	1.506803368	1.507141485	1.501564144
	1.500792714	1.508657065	1.322797168	1.363208393	1.322797168
	1.304009471	1.411967162	1.397527829	1.397527829	1.3551962
	1.369620002	1.381176428	1.369047339	1.480901765	1.429706306
	1.411967162	1.429706306	1.450326811	1.450326811	1.443784484
	1.441318933	1.432990283	1.458527963	1.480901765	1.484629585
	1.471792613	1.467695328	1.457656508	1.472090791	1.494002139
	1.494002139	1.49970817	1.49970817	1.50131503	1.497682153
	1.496004471	1.50169645	1.509929393	1.496004471	1.486763434
	1.481392206	1.540941969	1.482387157	1.502548537	1.507042835
	1.508657065	1.506127569	1.507042835	1.503558583	1.500792714
	1.500792714	1.503558583	1.322797168	1.296028435	1.296028435
	1.270552321	1.411967162	1.397527829	1.340979425	1.369047339
	1.380590233	1.369047339	1.480901765	1.482224608	1.425283326
	1.420482638	1.40278208	1.420482638	1.451418524	1.441318933
	1.431562027	1.452640567	1.482224608	1.484729926	1.460720632
	1.472090791	1.46737401	1.472090791	1.492601558	1.4942337
	1.4942337	1.499133934	1.499850575	1.499850575	1.498664175
	1.494020479	1.490251864	1.489767751	1.481392206	1.481392206
	1.482611316	1.502548537	1.498381935	1.507042835	1.505022858
	1.507827871	1.503558583	1.500196591	1.502513275	1.344968518
	1.340979425	1.334323979	1.304248856	1.163083879	1.270552321
	1.338348865	1.40278208	1.386881006	1.367342198	1.367342198
	1.381646592	1.477165891	1.425283326	1.405420096	1.414759592
	1.407768515	1.444941919	1.436497679	1.430446631	1.449822747
	1.48254389	1.488441786	1.456095386	1.466583955	1.472480964
	1.472480964	1.494103648	1.490135564	1.4942337	1.499133934
	1.499133934	1.497580703	1.469020663	1.496455832	1.492300106
	1.491907758	1.469020663	1.490673532	1.491907758	0.7807777753
	1.498381935	1.500178616	1.503336057	1.49810024	1.496825073
	1.496932171	1.498531072	1.360951835	1.347895398	1.340594158
	1.338348865	0.6148644666	1.338348865	0.5345618971	1.386952561
	1.360951835	1.372526202	1.477323843	1.397184745	1.424521152
	1.407768515	1.407768515	1.443958807	1.442626643	1.420320677
	1.429671385	1.456095386	1.481811996	1.490135564	1.456095386
	1.466583955	1.472212439	1.472212439	1.496932171	1.492537454
	1.492537454	1.499900513	1.500121613	1.361413864	1.493714509
	1.492300106	1.492300106	1.491907758	1.476974066	1.494480945
	0.7807777753	1.447631725	1.493953002	1.494049666	1.497915196
	1.49810024	1.49810024	1.498531072	1.496932171	1.498531072
	1.367539496	1.347895398	1.347895398	1.340594158	1.339151845
	1.385437895	0.7696791251	1.340896212	1.27607545	1.386952561
	1.367539496	1.382614502	1.477202888	1.398414695	1.411945818
	1.407683356	1.417722044	1.451482834	1.428468644	1.44300665
	1.434750049	1.434750049	1.44300665	1.483687746	0.8428878101
	0.8428878101	1.489226721	1.47082592	1.454717814	1.46341799
	1.472212439	1.48216731	1.49375396	1.485428452	1.493953002
	1.460338329	1.493088065	1.487672802	1.490466284	1.485462035
	1.476974066	1.447631725	1.458941762	1.493953002	1.494049666
	1.496282512	1.499476028	1.497140066	1.485428452	1.494275079
	1.487208056	1.367539496	1.356326349	1.347937987	1.27607545
	1.33321073	1.275199075	1.330593334	1.330593334	1.226145406
	1.27607545	1.382614502	1.390130169	1.481403432	1.401907678
	1.407682416	1.407682416	1.415037016	1.456945169	1.428468644
	1.436510699	1.44300665	1.477395051	1.460006528	0.9427714509
	1.416716649	0.5996725455	1.470812565	1.470608962	1.456945169
	1.4660693	1.477395051	1.484272624	1.485428452	1.492033341
	1.460338329	1.490466284	1.490466284	1.477297605	1.483111226
	1.460006528	1.466582091	1.491953798	1.489055251	1.493369611
	1.490083348	1.490083348	1.487208899	1.483470959	1.483167038
	1.356326349	1.336371954	1.275199075	1.252510079	1.32208838
	1.330593334	1.339583922	1.252510079	1.380345934	1.372621629
	1.479247631	1.39601112	1.411102378	1.411102378	1.428174863
	1.456945169	1.442560786	1.43581295	1.428174863	1.471960453
	1.456736096	0.9762192075	0.9762192075	1.416716649	1.241724309
	1.4743432	1.465548111	1.454975999	1.471960453	1.482668918
	1.481637183	1.489090938	1.474083763	1.488221724	1.477297605
	1.477297605	1.466092446	1.474083763	1.481714164	1.490146227
	1.490146227	1.481637183	1.489416146	1.483470959	1.483684166
	1.481055909	1.480236122	1.351758895	1.36186676	1.339583922
	1.276156168	1.276156168	1.310182538	1.311647698	1.339583922
	1.241724309	1.274034892	1.39601112	1.390275913	1.380345934
	1.466187893	1.39601112	1.419393926	1.428174863	1.450344757
	1.450344757	1.443051251	1.43581295	1.471960453	1.456615411
	1.177339854	1.475575947	1.456983934	1.064311332	0.6103504719
	1.468868167	1.461722756	1.470025408	1.470025408	1.474667334
	1.483900053	1.474083763	1.481710756	1.478757954	1.465114377
	1.47569576	1.481899429	1.483684166	1.475910706	1.483684166
	1.481695566	1.480999593	1.481695566	1.478722223	1.360459615
	1.360459615	1.346361624	1.335773316	1.276156168	1.295202756
	1.311647698	1.311647698	1.288078197	1.295202756	1.400261861
	1.38050748	1.38050748	1.466187893	1.445733442	1.40877601
	1.419393926	1.427320079	1.450344757	1.443051251	1.424857774
	1.460623999	1.457174	1.475575947	1.449976933	1.468537103
	1.469017135	1.378323634	0.6137631531	1.461722756	1.458850548
	1.46803509	1.46985205	1.478757954	1.47569576	1.479065562
	1.475967651	1.469933715	1.470178839	1.478128559	1.474718567
	1.478280797	1.481695566	1.478722223	1.360459615	1.353699949
	1.335773316	1.329669192	1.307826638	1.320791132	1.315354185
	1.299944272	1.299944272	1.384457946	1.385327023	1.38050748
	1.452228073	1.445733442	1.445733442	1.40877601	1.416045805
	1.424815349	1.430632493	1.424815349	1.452228073	1.468537103
	1.463741032	1.463741032	1.465633973	1.163379005	1.163379005
	0.6315056772	0.5268893557	1.250567303	1.45568383	1.46803509
	1.464843797	1.46985205	1.475967651	1.469335808	1.476037171
	1.475967651	1.469335808	1.47602275	1.471748828	1.478280797
	1.471748828	1.353699949	1.353699949	1.331942756	1.331942756
	1.311284456	1.311284456	1.289312781	1.289312781	1.250567303
	1.394714957	1.384457946	1.365822977	1.452228073	1.447274582
	1.439909273	1.412707862	1.394714957	1.424815349	1.430607354
	1.452884573	1.464528167	1.476912124	1.464351492	1.463741032
	1.459913815	1.496841458	1.21718357	1.21718357	1.229377614
	1.452884573	1.457717611	1.463688695	1.46887932	1.476037171
	1.468595233	1.47151187	1.476037171	1.464528167	1.468595233
	1.47602275	1.471748828	1.471729046	1.341638621	1.351279045
	1.331942756	1.341638621	1.313078449	1.311284456	1.271264227
	1.289312781	1.271264227	1.402021742	1.392862988	1.376589963
	1.358250659	1.442340604	1.441777208	1.436526647	1.442340604
	1.4229302	1.402021742	1.4229302	1.452884573	1.43767855
	1.461108761	1.464528167	1.453933327	1.460415179	1.43767855
	1.229377614	1.353086323	1.456783371	1.46121031	1.456783371
	1.471102787	1.472557138	1.47151187	1.463116188	1.463116188
	1.468671346	1.466674287	1.358250659	1.358250659	1.341638621
	1.316651482	1.341024846	1.308267228	1.308267228	1.29852174
	1.284532711	1.276314598	1.402021742	1.390400026	1.374327167
	1.442340604	1.435957094	1.423735845	1.445610207	1.4229302
	1.404774459	1.411904027	1.450163631	1.446205462	1.468384012
	1.461108761	1.461093597	1.45638546	1.363654737	0.6149371098
	1.257062427	1.423735845	1.456783371	1.459061228	1.46121031
	1.46380387	1.466024589	1.464796943	1.46198365	1.460975959
	1.462108269	1.357775875	1.348259075	1.341024846	1.330306112
	1.30965912	1.318316878	1.308267228	1.29852174	1.307492011
	1.390400026	1.374327167	1.374327167	1.439810136	1.421033009
	1.439810136	1.417438948	1.405673432	1.450163631	1.443343757
	1.443343757	1.443343757	1.464332344	1.461439428	1.311139264
	0.625038448	1.252433727	1.302796597	1.252433727	1.42973915
	1.443302825	1.421033009	1.458085994	1.455308541	1.455234068
	1.46254721	1.466024589	1.459710989	1.459710989	1.458370125
	1.456832537	1.458085994	1.364606289	1.346611869	1.336935683
	1.330306112	1.318316878	1.318316878	1.307492011	1.383281524
	1.383281524	1.364606289	1.42973915	1.434748801	1.411065486
	1.389758986	1.442378227	1.458756121	1.461189862	1.482902304
	1.461189862	1.458756121	1.339154139	0.625038448	1.23959348
	1.23959348	1.273521853	1.414457403	1.434748801	1.383140154
	1.41877828	1.458085994	1.452315901	1.456461375	1.456461375
	1.455187671	1.451511548	1.448499755	1.448454019	1.45277442
	1.358559185	1.333685282	1.333685282	1.318715433	1.309292585
	1.383281524	1.358559185	1.402318161	1.418376589	1.434748801
	1.389758986	1.440573607	1.458756121	1.442090375	1.461189862
	1.610947274	1.651141666	1.239820327	1.287419224	1.23959348
	1.248270852	1.440573607	1.384368096	1.418376589	1.444072414
	1.448454019	1.456461375	1.455187671	1.450231152	1.446676223
	1.448499755	1.446592714	1.45277442	1.358559185	1.333685282
	1.287419224	1.321283605	1.318350542	1.373350563	1.354023695
	1.409454355	1.418376589	1.432198065	1.390340064	1.444072414
	1.443977958	1.442090375	1.308468791	1.239820327	1.27788954
	1.298752036	1.232647332	1.232647332	1.433049156	1.379315808
	1.408878759	1.442165875	1.442165875	1.447398688	1.447204864
	1.447179066	1.446736384	1.446676223	1.444222331	1.354023695
	1.342623201	1.298752036	1.321283605	1.367072324	1.355271717
	1.399435416	1.418440411	1.433049156	1.399435416	1.438688392
	1.308468791	1.443977958	1.443593187	1.33025257	0.5367576665
	1.292458557	1.292458557	1.111158496	1.290853987	1.378894805
	1.42192009	1.414593383	1.442165875	1.444222331	1.443593187
	1.442067395	1.442067395	1.441837358	1.444222331	1.355271717
	1.342623201	1.315403897	1.371405796	1.378894805	1.399435416
	1.416463247	1.399042892	1.42938575	1.429084244	1.443593187
	1.432734598	1.420859877	1.245526497	0.6544768341	1.318514311
	1.331495383	1.367354342	1.367354342	1.378894805	1.42192009
	1.416463247	1.233045637	1.431134604	1.435900491	1.436659889
	1.442876445	1.436659889	1.343638956	1.331495383	1.331495383
	1.370387184	1.382667218	1.407547478	1.419582482	1.396912914
	1.42938575	1.429084244	1.435900491	1.432734598	1.401225669
	1.160053115	1.160053115	1.342049745	1.367354342	1.342049745
	1.381856453	1.419582482	1.404011098	1.173816255	1.425331
	1.436222852	1.436659889	1.430790263	1.358500518	1.350026471
	1.371926883	1.381856453	1.404011098	1.403764973	1.381856453
	1.425331	1.414372696	1.4241996	1.423715023	1.431609686
	1.267715743	1.305324149	1.342049745	1.298586312	1.331868083
	1.198541831	1.425331	1.422355741	1.419888079	1.350026471
	1.340907628	1.371926883	1.386451363	1.403764973	1.403764973
	1.386451363	1.412201634	1.40569821	1.422465032	1.421007274
	0.5552420009	1.328865554	1.331868083	1.326898001	1.42330437
	1.422465032	1.419888079	1.419888079	1.40990833	1.363054082
	1.352558219	1.363054082	1.386451363	1.40007568	1.388223837
	1.40007568	1.421007274	0.5843585001	1.330174759	1.330174759
	1.150210232	1.412538516	1.40990833	1.375490821	1.375672508
	1.385022355	1.40069214	1.402008449	1.385022355	1.389631563
	1.461342065	1.34513121	1.330174759	1.375354435	1.41614468
	0.9555105687	1.392098479	1.392098479	1.378975778	1.385022355
	1.401322667	1.389631563	1.389631563	1.461342065	0.6985050912
	1.371236523	1.35430311	1.392098479	1.378975778	1.38687985
	1.38687985	0.906856037	1.361491539	1.35430311	1.408262152
	1.361491539	0.8204205449	0.6959154393	0.7249363881	