5884	
	4.334086867e-09	1.09327285e-08	1.09327285e-08	4.439609036e-08	2.534313559e-08
	2.874412672e-07	1.2831498e-07	4.439609036e-08	1.100827395e-06	2.874412672e-07
	2.874412672e-07	2.195655096e-06	4.17248673e-06	4.17248673e-06	1.706078159e-07
	9.013873781e-07	1.100827395e-06	5.879959343e-06	2.195655096e-06	2.195655096e-06
	1.132748813e-05	5.868310222e-06	1.132748813e-05	2.050889272e-07	1.595856978e-06
	7.606229683e-06	7.606229683e-06	1.229299922e-05	5.247239599e-05	5.180107099e-06
	2.65423013e-05	1.132748813e-05	2.050889272e-07	2.604035736e-06	7.612477699e-06
	1.848841549e-05	1.750087576e-05	8.419387987e-05	8.419387987e-05	2.678289545e-05
	4.410202398e-05	3.580946595e-05	6.968673279e-05	2.604035736e-06	1.010165898e-06
	9.567556503e-05	7.612477699e-06	1.010165898e-06	7.612477699e-06	1.848841549e-05
	1.848841549e-05	4.225251802e-05	8.419387987e-05	0.0001197140029	0.0003861597468
	2.875716207e-05	4.601789628e-05	6.968673279e-05	6.968673279e-05	6.306930884e-06
	2.676298751e-05	4.67381054e-06	8.490782544e-05	0.0001524290213	1.722054215e-05
	2.747422806e-05	1.722054215e-05	4.225251802e-05	1.625466058e-05	0.0001025741966
	0.0001581451943	0.0003830339106	0.0005859141575	4.601789628e-05	8.490782544e-05
	0.0001361672057	4.642141499e-05	1.294739169e-05	1.294739169e-05	1.421372745e-05
	0.0002074473255	0.0002698214338	2.747422806e-05	2.747422806e-05	4.860350976e-05
	0.0001025741966	1.625466058e-05	0.0002535660511	0.0004092569375	0.0005801847544
	0.0005859141575	4.642141499e-05	7.912076299e-05	0.000171812431	3.655010961e-05
	6.950993192e-05	1.421372745e-05	1.294739169e-05	2.102156023e-05	1.421372745e-05
	1.234658396e-05	0.0002698214338	0.0002698214338	8.937803304e-05	9.859163378e-05
	0.0002578665997	7.241546359e-05	8.937803304e-05	0.0004092569375	0.0003295097912
	0.0004092569375	0.0008091788314	0.0008091788314	6.950993192e-05	0.0001078183407
	0.000171812431	3.655010961e-05	2.102156023e-05	4.003836939e-05	6.833854885e-05
	2.413119294e-05	2.413119294e-05	0.0002411100581	0.0003031113031	7.183454443e-05
	7.183454443e-05	8.937803304e-05	0.0001665798537	0.0001395620397	0.0001077520914
	0.0003016263517	0.0005294584102	0.0005294584102	0.0001077520914	0.000710584171
	0.001074876023	0.001004118132	0.0002839581434	9.829409113e-05	0.0001526238492
	6.833854885e-05	4.274834533e-05	7.115480748e-05	0.0001304856449	6.641608967e-05
	4.274834533e-05	0.0003435237032	0.0003435237032	0.0001569605079	0.0001569605079
	6.641608967e-05	0.0001565512886	0.0001077520914	0.0003016263517	0.00043200674
	0.0005294584102	0.0002216488977	0.001074876023	0.001074876023	0.001810064796
	0.00028549753	0.0001913198654	0.0001535592144	9.829409113e-05	0.0001304856449
	8.797966266e-05	0.0001304856449	7.115480748e-05	9.689462718e-05	0.0001195298387
	0.0001334942877	0.0003569434293	0.0004550049571	0.0001569605079	0.0002352270288
	0.0001025364759	0.0001716935288	0.0003310046642	0.0003177582915	0.0004617982968
	0.0004617982968	0.0006391545653	0.0002216488977	0.0002216488977	0.001104537779
	0.001528130607	0.002149980701	0.0003283687818	0.000217972991	0.0002174367172
	0.000182014129	0.000182014129	0.0001195298387	0.0001466068991	0.0001466068991
	0.0001334942877	0.0001942796599	0.0001334942877	0.0003569434293	0.0004550049571
	0.0002352270288	0.0001716935288	0.0002623277393	0.0002485933051	0.0002352270288
	0.000240789658	0.0003175397924	0.0005809107624	0.0006542395819	0.0009751444413
	0.0004065110315	0.0003124255349	0.001275018992	0.001275018992	0.002149980701
	0.0003283687818	0.0003283687818	0.0002277135562	0.0002174367172	0.0002277135562
	0.0002146481458	0.0001942796599	0.0002969099156	0.0003683964957	0.0001752831818
	0.0001942796599	0.0002516736347	0.0002765319281	0.0003299677258	0.0004356239775
	0.0002623277393	0.000430568885	0.0002485933051	0.0002623277393	0.0002485933051
	0.0004140796014	0.0004065110315	0.0007265534699	0.0009571162432	0.0009751444413
	0.0004065110315	0.0005695246871	0.00145414114	0.00145414114	0.002679185654
	0.0003539370735	0.0003452985122	0.000284060634	0.0003010581517	0.0003104577096
	0.0002969099156	0.0002969099156	0.0003683964957	0.000361106106	0.0003578354194
	0.0003578354194	0.0004166535481	0.0002765319281	0.0003526382228	0.0004356239775
	0.0004356239775	0.0003305270487	0.0005700285031	0.0003243862315	0.0003305270487
	0.0004424963962	0.0006015348422	0.0007265534699	0.0007265534699	0.001048187217
	0.001003393349	0.0007103465723	0.0005700285031	0.00124134655	0.002098667287
	0.002800324251	0.000358944861	0.0003107085323	0.0003657021588	0.000361106106
	0.000361106106	0.0003104577096	0.0006060072302	0.0003688360889	0.0004651090816
	0.0003578354194	0.0005285086586	0.0006049607215	0.0005453263483	0.00047499441
	0.00047499441	0.0003623934073	0.000358944861	0.0003623934073	0.0004421638719
	0.0004421638719	0.000714746722	0.0004537459283	0.0003587888836	0.0004442284012
	0.000596364119	0.000596364119	0.0008328594211	0.001048187217	0.001048187217
	0.001378385751	0.0008172482384	0.0009004085029	0.001715868936	0.002800324251
	0.002800324251	0.000358944861	0.0003577013215	0.0003577013215	0.0006453403591
	0.000552361248	0.000570965326	0.000570965326	0.0004651090816	0.0005931576957
	0.0007002575808	0.0007002575808	0.0005453263483	0.0005786335304	0.0007365495336
	0.0003402119047	0.0003623934073	0.0003119657712	0.0003420934353	0.0006159447553
	0.0006159447553	0.0006745927703	0.0004472556476	0.0004421638719	0.0004365376837
	0.0008742178418	0.0006660214912	0.0006660214912	0.000596364119	0.001031176905
	0.0009637245079	0.001091280735	0.001091280735	0.001715868936	0.001013724655
	0.0011502168	0.001715868936	0.002907259288	0.002865299072	0.0003888850833
	0.0005394899764	0.0005283212285	0.0006453403591	0.001036905592	0.0006965043718
	0.000570965326	0.0008799012332	0.001008484976	0.001008484976	0.001115687592
	0.00119606998	0.001115687592	0.001162209807	0.001748067777	0.0003767006884
	0.0003027952594	0.000280070731	0.000280070731	0.0002849460543	0.0006159447553
	0.001469050621	0.001748067777	0.0005874944911	0.0009689033282	0.000626563793
	0.0004530887203	0.0011502168	0.0009356806951	0.0009356806951	0.001346007546
	0.0008549031693	0.0009637245079	0.001091280735	0.00136199055	0.0012838851
	0.001201390271	0.0011502168	0.001828772985	0.001608584564	0.0021902486
	0.002183291733	0.0005813528801	0.0006785999729	0.0005813528801	0.001070396979
	0.001245606095	0.0007000824698	0.001245606095	0.0009066448808	0.001430123012
	0.001008484976	0.001162209807	0.001657883193	0.001014413815	0.001235166985
	0.003273752582	0.00270907607	0.002239902381	0.001525543395	0.001748067777
	0.0005566660074	0.0004423938711	0.0003335487058	0.0002624842493	0.0002403992275
	0.0002295882463	0.003080442448	0.003273752582	0.003273752582	0.0005874944911
	0.001469050621	0.0005874944911	0.0009689033282	0.000626563793	0.0005532401162
	0.0008557326744	0.001335608643	0.001174513623	0.0009356806951	0.001174513623
	0.001314227729	0.001314227729	0.001492031956	0.001401852644	0.001568344357
	0.001492031956	0.001828772985	0.001608584564	0.0021902486	0.002078116163
	0.0005813528801	0.0006785999729	0.001404396235	0.001245606095	0.001581375294
	0.001271694718	0.00120568603	0.006526352427	0.002034286982	0.001881348755
	0.001657883193	0.002188247224	0.001817119297	0.005636376275	0.005636376275
	0.004513730295	0.003509506879	0.003509506879	0.002069135437	0.0004423938711
	0.0003335487058	0.0003335487058	0.0002243590768	0.0002119210385	0.0001548191578
	0.007302235607	0.005762572583	0.005762572583	0.0036296137	0.0036296137
	0.002156530416	0.0006276152171	0.001039389845	0.0006276152171	0.001528549363
	0.0008622236559	0.0007405006211	0.001166081442	0.001619722986	0.001587315092
	0.001528549363	0.001528549363	0.001314227729	0.001492031956	0.001619722986
	0.001401852644	0.00173063103	0.001586528066	0.001604320928	0.001729955644
	0.001633181566	0.001907143337	0.002271727766	0.0007987376036	0.0006918241665
	0.001581375294	0.001271694718	0.001271694718	0.00120568603	0.00120568603
	0.01731653858	0.006818329435	0.006526352427	0.002356821855	0.002188247224
	0.002755043453	0.002188247224	0.002097098594	0.00639710749	0.00528747786
	0.00528747786	0.003509506879	0.002356821855	0.000559050731	0.0002837350945
	0.0002119210385	0.000130384564	0.000130384564	6.469477951e-05	0.01107675499
	0.024118788	0.01434294561	0.01084928408	0.005762572583	0.0036296137
	0.001783570933	0.001783570933	0.0007405006211	0.0007504203426	0.001166081442
	0.0008622236559	0.0007405006211	0.001166081442	0.001619722986	0.001587315092
	0.001903555978	0.001454436719	0.001619278771	0.002104603475	0.002316236543
	0.002104603475	0.001703069622	0.001604320928	0.001593851383	0.001593851383
	0.001688450212	0.002271727766	0.0004846707528	0.00107120248	0.002482554091
	0.001668812788	0.002028382635	0.001439780587	0.001159158117	0.004566522221
	0.01042897828	0.006818329435	0.005275846854	0.003239373101	0.002755043453
	0.002037658465	0.002384876749	0.002482554091	0.002482554091	0.00528747786
	0.005275846854	0.004964458266	0.004035549086	0.003741611731	0.0004846707528
	0.0003448975421	0.0002619318686	0.000130384564	0.0001305570161	6.469477951e-05
	0.03737448064	0.01434294561	0.01084928408	0.005512968059	0.005512968059
	0.00235201664	0.001818922345	0.0006912553707	0.0006912553707	0.001242777668
	0.001277915521	0.001408438384	0.002551293562	0.001903555978	0.002551293562
	0.001619278771	0.001891571572	0.002487283559	0.002255969119	0.001703069622
	0.001534232317	0.001688450212	0.001401825874	0.001688450212	0.001447908754
	0.0006931356689	0.0006534946232	0.001801892773	0.002639261432	0.001801892773
	0.001430096543	0.001328919581	0.004566522221	0.004652807509	0.004916564404
	0.003655536543	0.003723990032	0.003113104942	0.003670663277	0.002807275834
	0.004091014958	0.005477315326	0.004035549086	0.004035549086	0.004091014958
	0.0003448975421	0.000603635573	0.0003448975421	0.0001822447453	3.532367583e-05
	6.597569559e-05	3.532367583e-05	0.05504253176	0.04066279815	0.009900802182
	0.009900802182	0.004365842155	0.002384890131	0.001423867033	0.001086954636
	0.001408438384	0.002167157996	0.001408438384	0.002660655277	0.002661924196
	0.002854468856	0.002712181822	0.001891571572	0.001891571572	0.002255969119
	0.001739265217	0.001798213045	0.001401825874	0.001414733427	0.001237791313
	0.001447908754	0.001190999636	0.000603635573	0.0006931356689	0.0009289609241
	0.001801892773	0.002807275834	0.0026493966	0.001430096543	0.001604838516
	0.001367308446	0.002434331015	0.001217581778	0.003655536543	0.003655536543
	0.003315205907	0.002941625989	0.004091014958	0.003315205907	0.003759688374
	0.003761616482	0.000603635573	0.0003732810286	0.0001822447453	0.0001822447453
	4.943222846e-05	0.0001010745327	8.180955134e-05	0.08784630555	0.04384566229
	0.009900802182	0.004365842155	0.004365842155	0.001086954636	0.001920866376
	0.001086954636	0.001883907596	0.001921698141	0.002661924196	0.001505784879
	0.002712181822	0.003575152649	0.003575152649	0.002712181822	0.003484611687
	0.002466921734	0.002985684007	0.001689631193	0.002109206134	0.001356964979
	0.001063045183	0.001063045183	0.002379285498	0.001016083105	0.0009719499741
	0.0004929994503	0.0009289609241	0.002379285498	0.002941625989	0.002252919979
	0.002081041949	0.001762792442	0.001367308446	0.003036067053	0.00151784652
	0.001183031176	0.002628078271	0.002821624967	0.002669787077	0.002821624967
	0.002250321806	0.003775305107	0.003761616482	0.0004929994503	0.0003808657155
	0.0002503856517	0.0005522275482	0.0001292724632	0.0001010745327	0.0001010745327
	7.260932838e-05	0.06428947175	0.03854439977	0.008548844877	0.003836364692
	0.001701148321	0.001148862856	0.001701148321	0.003688539859	0.001883907596
	0.002138627653	0.001619650436	0.002985684007	0.00370049375	0.003575152649
	0.00442323739	0.002109206134	0.003183675136	0.001637882597	0.002109206134
	0.001356964979	0.002475253002	0.001063045183	0.001029783183	0.0007704295563
	0.0009424569204	0.002669787077	0.0007499051915	0.0008253613034	0.002252919979
	0.002334325872	0.002092051931	0.001625344966	0.001306400685	0.003036067053
	0.003837342398	0.001183031176	0.002250321806	0.002821624967	0.002669787077
	0.002343648727	0.003002511577	0.0005522275482	0.000356458627	0.0002282929015
	0.0001697521627	0.0005522275482	0.0001292724632	7.260932838e-05	0.0001005019745
	4.465969594e-06	0.003688539859	0.07282323093	0.03699235245	0.0110421536
	0.007238790706	0.001701148321	0.002159496521	0.003140094577	0.001619650436
	0.004105457564	0.004641083282	0.00370049375	0.004372350033	0.00370049375
	0.003183675136	0.002061925673	0.001497966506	0.001110036365	0.002061925673
	0.000642842636	0.000642842636	0.0005829447078	0.0005829447078	0.002209598214
	0.002598319038	0.001070477114	0.002092051931	0.002092051931	0.001625344966
	0.001099453052	0.01162273654	0.002537197478	0.0009910026385	0.001842542983
	0.003002511577	0.001873689626	0.0005488905658	0.0005488905658	0.0001697521627
	0.000217942747	0.0001697521627	0.0003488444675	0.0001140911814	4.465969594e-06
	5.982094204e-05	4.465969594e-06	0.003855850127	0.003636724441	0.08249897295
	0.01396818591	0.006107481173	0.006107481173	0.002159496521	0.002159496521
	0.003238993923	0.004692893276	0.005095250013	0.0040576829	0.004042090952
	0.004042090952	0.003397363679	0.002061925673	0.001445615283	0.0007463176556
	0.003397363679	0.0004878086832	0.0007463176556	0.000417084628	0.0006260331356
	0.001610892845	0.001940708859	0.001745200534	0.0008034262056	0.001610892845
	0.001505183785	0.01162273654	0.0006253784612	0.0004528591526	0.0004528591526
	0.001940708859	0.000635832902	0.0005488905658	0.0005255052625	0.000217942747
	0.000191589324	0.000191589324	0.000317072516	0.0001529603452	0.0001007884871
	5.605460721e-05	6.629522277e-05	7.249153399e-06	0.003238993923	0.08249897295
	0.009254403225	0.006107481173	0.005207025528	0.001962080879	0.001962080879
	0.005095250013	0.0040576829	0.0040576829	0.005027179744	0.004959820349
	0.004042090952	0.003397363679	0.001778937123	0.001445615283	0.0006288914662
	0.001793986006	0.0003365198766	0.0006288914662	0.0003365198766	0.0005330606798
	0.001610892845	0.001745200534	0.001745200534	0.0006287164055	0.0008983404427
	0.00107576185	0.02546428897	0.000508731338	0.001307017819	0.0004528591526
	0.0008104421464	0.0006287164055	0.0003446890847	0.0003446890847	0.0006287164055
	0.0003280893456	0.000191589324	0.0001529603452	0.0002990138407	0.0001822111272
	0.0001745320283	6.456860275e-05	6.629522277e-05	6.629522277e-05	1.548434321e-05
	0.004252475781	0.00263773578	0.08017832648	0.03054849945	0.005207025528
	0.002080834825	0.002080834825	0.005457328692	0.005643854321	0.005027179744
	0.004252475781	0.00386372953	0.005179186672	0.003444446187	0.001842946893
	0.001842946893	0.001274563429	0.001902243577	0.0003365198766	0.0004012910239
	0.001167832027	0.0001891691608	0.0001900001547	0.001307017819	0.001343141588
	0.001429136426	0.001068155895	0.00107576185	0.001343141588	0.01773795925
	0.001409665704	0.001104212212	0.001409665704	0.001104212212	0.0002990138407
	0.0005201863019	0.0003446890847	0.0006469026605	0.0003280893456	0.0002803120313
	0.0002674782924	0.0001822111272	0.0004249264879	0.0001077848587	0.0001745320283
	9.694575138e-05	1.235419328e-05	9.694575138e-05	1.548434321e-05	1.548434321e-05
	0.005315383602	0.005457675772	0.002646799025	0.0862755207	0.03882340736
	0.00428034526	0.002646799025	0.005643854321	0.005643854321	0.006111840962
	0.006835845793	0.005871313629	0.00484857369	0.004578286611	0.003454403873
	0.001167832027	0.001780674347	0.001167832027	0.001780674347	0.0003920363752
	0.0001837574005	0.0006783324711	0.0001229731986	0.0001229731986	0.001103451506
	0.00132022388	0.001075657257	0.001068155895	0.00132022388	0.01860306411
	0.001409665704	0.001104212212	0.001526900714	0.0003472289008	0.0009120780465
	0.0006469026605	0.0005340829747	0.0002674782924	0.0002674782924	0.0003416982381
	0.0004144568115	0.0004056772102	0.0001790644904	5.591495347e-05	9.614009165e-06
	4.808679454e-05	9.336372273e-06	9.336372273e-06	0.005457675772	0.004515839571
	0.003393462074	0.05924750756	0.04069786013	0.003393462074	0.006324660728
	0.006882460975	0.007114833595	0.004806978907	0.005331299858	0.004497810221
	0.003454403873	0.001160850476	0.001780674347	0.002475847313	0.002508764793
	0.002508764793	0.0001572853262	0.0003840589105	0.0003839985348	0.0001229731986
	0.0001572853262	0.0001361096641	0.0001361096641	0.001838254002	0.0009504524179
	0.001075657257	0.001227788855	0.01860306411	0.001588528683	0.001526900714
	0.001838254002	0.0004056772102	0.0007500495332	0.001196137262	0.0009320011064
	0.0005476751128	0.000599067932	0.0003416982381	0.0001729645856	0.0003135977651
	0.000599067932	0.0004144568115	0.0004144568115	4.447251535e-06	5.361517143e-05
	0.0002180763018	0.0002180763018	8.50366524e-05	0.0001185793581	7.246600199e-05
	1.488540565e-05	8.30473309e-05	0.005031141593	0.004515839571	0.005019706485
	0.04303257044	0.01277310849	0.006324660728	0.007114833595	0.007114833595
	0.005031141593	0.006882460975	0.004497810221	0.00426095737	0.004300607648
	0.001087893442	0.0016321858	0.002305896149	0.003347596644	0.0001572853262
	0.001185304015	0.0004691163715	0.0004691163715	0.0003390716356	0.0003390716356
	0.0002112682242	0.001838254002	0.001957586031	0.01200580462	0.002426929612
	0.002501166033	0.0007500495332	0.001599238367	0.0007500495332	0.001200135431
	0.0005476751128	0.000599067932	0.0003483221741	0.0004362906386	0.0005238172135
	0.0005238172135	2.123554176e-06	1.488540565e-05	5.361517143e-05	0.0002180763018
	0.0003483221741	0.0002136810538	0.0001123178076	8.268752723e-05	1.488540565e-05
	0.005031141593	0.003727572951	0.01277310849	0.04303257044	0.006505265565
	0.0065419594	0.007895018255	0.004342226623	0.0065419594	0.00426095737
	0.00426095737	0.003347596644	0.001185304015	0.002305896149	0.002305896149
	0.002017563516	0.003437483748	0.0008739859864	0.001185304015	0.0004691163715
	0.001957586031	0.0003245666548	0.0003519447507	0.0004981611059	0.0004981611059
	0.002501166033	0.001599238367	0.004875320554	0.003850054111	0.0003827576596
	0.001238711138	0.001238711138	0.0007092464843	0.0005293481814	0.0003946635032
	0.0004362906386	0.0004362906386	7.077714722e-05	2.69882138e-05	7.046462197e-05
	5.974454034e-05	0.0003496318123	0.0004030331029	0.0001760337385	0.0003496318123
	0.0002628069943	0.0001055150593	0.003727572951	0.003727572951	0.02214651467
	0.006505265565	0.006282546072	0.006505265565	0.007221219267	0.00492559875
	0.005503303232	0.005503171946	0.0008739859864	0.001176604831	0.00254024939
	0.003488392387	0.002056119006	0.002742832696	0.001029782886	0.0005665643397
	0.000348396415	0.001385282411	0.0004981611059	1.287983414e-05	2.355438286e-05
	0.002526457444	0.002660425847	0.002120897026	0.004665056993	0.0007152904917
	0.0005293481814	0.001238711138	0.001438823278	0.0008966077638	0.0005293481814
	0.0003946635032	0.0004030331029	7.077714722e-05	7.144675503e-05	7.873483724e-05
	7.826554253e-05	8.927865844e-05	0.0004030331029	0.0001760337385	0.0001813605446
	0.000131195922	0.0004594707816	0.00492559875	0.003777020755	0.02214651467
	0.005503303232	0.007054912009	0.006282546072	0.007329331889	0.00361178736
	0.005503303232	0.004485151644	0.005550801785	0.001737991774	0.003488392387
	0.00254024939	0.002920564525	0.002920564525	0.001737991774	0.00191530744
	0.0008339434726	0.0008339434726	0.001004033328	0.001419732506	0.00155465131
	3.983826262e-05	5.179493123e-05	5.179493123e-05	5.213302943e-05	0.002660425847
	0.002660425847	0.002326921687	0.006438297926	0.000652884871	0.0009011250825
	0.001982080902	0.001438823278	0.001307349935	0.0005869648428	0.0005649144977
	0.0005649144977	0.0003829072389	0.0009107024669	0.0007446974299	7.144675503e-05
	7.144675503e-05	7.873483724e-05	9.091226463e-05	0.000164750504	0.0002269454881
	0.000164750504	0.0001241634642	0.0002239970142	0.00428005891	0.00428005891
	0.06703926204	0.007421265946	0.004447971498	0.00751303785	0.004447971498
	0.004129568534	0.005550801785	0.004885583755	0.007421265946	0.002871454627
	0.003941751981	0.002871454627	0.004885583755	0.00238689564	0.00238689564
	0.001167217693	0.001167217693	0.001288177054	0.001747727486	0.001990680316
	0.001790701171	8.57225351e-05	8.277724935e-05	5.179493123e-05	9.496350908e-05
	6.983037738e-05	0.002367734622	0.002457374486	0.002367734622	0.00705194788
	0.001120200693	0.0009011250825	0.001218120487	0.002282818104	0.001573054862
	0.0006788046159	0.0004498275415	0.0004498275415	0.0008335232767	0.001058427494
	7.459110947e-05	9.091226463e-05	0.0001241634642	0.0001339918325	0.0001723615343
	0.0003921716743	0.0002019825895	0.0004202162926	0.00428005891	0.07490329131
	0.007421265946	0.006510499252	0.004447971498	0.006510499252	0.004129568534
	0.006753758922	0.006753758922	0.002871454627	0.003207827047	0.004958503885
	0.003941751981	0.006414036216	0.002644549897	0.001787730307	0.001167217693
	0.001208624536	0.002013578928	0.002332283315	0.002332283315	0.0001066547676
	9.381683238e-05	7.336643071e-05	8.623954675e-05	8.965783781e-05	0.0001034412736
	0.002367734622	0.002088464621	0.004087411718	0.001218120487	0.001218120487
	0.002230186168	0.001573054862	0.0009487138222	0.0004202162926	0.0007553437516
	0.001058427494	0.001058427494	0.001128252321	0.0001322987955	0.0002182319517
	0.0002878232066	0.0002878232066	0.0003729464761	0.0002546766549	0.0004202162926
	0.0003729464761	0.0006235417354	0.0006567099167	0.004148322612	0.06852894038
	0.007282165431	0.006358678518	0.006510499252	0.006139102212	0.003957949134
	0.006753758922	0.003429824458	0.004526805858	0.003764749193	0.004958503885
	0.006414036216	0.003429824458	0.003429824458	0.006673552411	0.002332179772
	0.001871298462	0.001871298462	0.001988694455	0.002482706059	0.002482706059
	0.0001015005241	9.381683238e-05	9.369622698e-05	0.0001209657674	0.0001034412736
	0.0001216733756	0.0001216733756	0.0001412848854	0.002088464621	0.004087411718
	0.001775089571	0.001240795858	0.00191216712	0.001133982757	0.0007553437516
	0.001240795858	0.001133982757	0.0001322987955	0.0001914341267	0.0003768285097
	0.0003974720575	0.0005152625856	0.0005152625856	0.0006567099167	0.0007465308276
	0.0007405902848	0.000827847788	0.008493580672	0.05303513431	0.005876361568
	0.005633619932	0.005633619932	0.004268570098	0.005972720334	0.006673552411
	0.004065153279	0.004546407935	0.004623163795	0.005972720334	0.002840949401
	0.004065153279	0.006673552411	0.006564810426	0.002426388616	0.002426388616
	0.001871298462	0.002358056053	0.002358056053	0.002482706059	0.002906303709
	0.003994038754	0.0001224126385	0.0001233460652	0.0001378056311	0.0001140715039
	0.0001052041919	0.0001048451302	0.0001015239043	0.0001378056311	0.0001118370186
	7.666942843e-05	0.0001118370186	0.0001412848854	0.0001216733756	0.0001412878972
	0.0001412848854	0.00191216712	0.004284931725	0.001652174294	0.001465714926
	0.001721476922	0.001253402314	0.001133982757	0.001133802522	0.001260339398
	0.0002023699161	0.0004644527313	0.0003974720575	0.0003768285097	0.0006992378464
	0.0005152625856	0.000979737291	0.0007405902848	0.00107480579	0.01225485705
	0.03748026876	0.0044364105	0.002494032967	0.003316137862	0.005972720334
	0.006512137906	0.004480697041	0.004480697041	0.005498691981	0.005643928639
	0.003357239371	0.006512137906	0.006140379401	0.005933517983	0.00243440769
	0.002426388616	0.002909518754	0.00243440769	0.002358056053	0.003201445879
	0.002704506615	0.003357239371	0.003994038754	0.003584351974	0.0001014655999
	9.966047408e-05	0.0001155059449	0.0001015239043	9.654937556e-05	0.0001664575679
	0.0001014655999	1.688613383e-05	8.004263568e-05	4.205060386e-05	2.327149396e-05
	0.0001070961831	7.666942843e-05	0.0001000737616	7.666942843e-05	1.002586093e-05
	1.688613383e-05	0.0003155581057	0.0001412878972	0.0001412878972	0.0003200551013
	0.005547012524	0.009773265357	0.001499907803	0.00102445027	0.00102445027
	0.001206758019	0.001133802522	0.001133802522	0.001372941642	0.0003155581057
	0.0004644527313	0.0007686424058	0.0006992378464	0.0008604308212	0.00121953087
	0.0008604308212	0.00107480579	0.006774349934	0.03748026876	0.002494032967
	0.0044364105	0.003316137862	0.005371542668	0.004480697041	0.004110654413
	0.005371542668	0.00542851305	0.00542851305	0.004396612759	0.002622609678
	0.002600460433	0.002798680475	0.003213394285	0.003100587436	0.002611493982
	0.002740647595	0.002740647595	0.003584351974	0.004229882783	0.003584351974
	0.0001014655999	9.966047408e-05	9.317109867e-05	0.0001017987153	0.0001518164901
	0.0001877495064	9.53024335e-05	1.688613383e-05	3.59251646e-05	2.448729181e-05
	4.63264813e-05	0.0001000737616	5.832050404e-05	7.18316615e-05	1.346311203e-06
	1.346311203e-06	9.758451025e-08	5.38183599e-07	1.903915956e-06	1.091993415e-05
	5.062671014e-06	0.0004332708629	0.0002977388504	0.0002824549952	0.0002824549952
	0.001519781259	0.01721600226	0.001206758019	0.00102445027	0.001206758019
	0.001288351802	0.001297533624	0.001198189005	0.0007768604083	0.0004332708629
	0.000938030211	0.00108225171	0.0008604308212	0.001241018777	0.001277681143
	0.00889268022	0.05857726748	0.003403788823	0.00313460903	0.006519797955
	0.005371542668	0.004229882783	0.004110654413	0.004631828994	0.004396612759
	0.004396612759	0.002622609678	0.002622609678	0.002717248373	0.002985530933
	0.003515113457	0.003100587436	0.003100587436	0.00271157633	0.00271157633
	0.003407378199	0.003528811822	0.00338386197	0.0001098513186	0.0001098513186
	7.900547893e-05	0.0001518164901	0.0001862850877	0.0001877495064	8.745105095e-05
	1.404518727e-05	3.727181256e-05	3.727181256e-05	4.34783357e-05	4.752514413e-05
	4.752514413e-05	9.629816824e-06	9.758451025e-08	8.556830799e-10	1.903915956e-06
	2.41419027e-08	8.642232885e-08	2.41419027e-08	2.339596897e-06	5.062671014e-06
	5.023370749e-06	0.0004332708629	0.0002859479545	0.0002824549952	0.00041508369
	0.009220032471	0.01721600226	0.0009279727643	0.0007574029837	0.0009279727643
	0.001241018777	0.001280911819	0.001280911819	0.001111225167	0.00108225171
	0.000938030211	0.000632232747	0.000938030211	0.001182770392	0.001182770392
	0.001338481528	0.006519797955	0.06343878813	0.002288220822	0.00313460903
	0.008198994786	0.003581395738	0.003491858696	0.003581395738	0.003087322536
	0.003072638876	0.002606033679	0.002590574338	0.002646516951	0.002789212001
	0.003021764385	0.003789391557	0.004691593439	0.002684376965	0.002717158985
	0.00271157633	0.003491858696	0.003651019792	0.003346501319	0.0001098513186
	9.142980718e-05	9.142980718e-05	0.0001862850877	0.0001862850877	0.0003333988307
	9.778481468e-05	2.182595138e-05	2.182595138e-05	4.34783357e-05	5.699708937e-05
	4.179704676e-05	9.629816824e-06	5.023370749e-06	1.43938768e-07	1.138360251e-07
	1.991193499e-06	2.41419027e-08	2.403537622e-07	1.487272385e-07	5.023370749e-06
	0.0005587905796	0.0003333988307	0.0005464961447	0.005215081645	0.02591744636
	0.0009279727643	0.0006533818708	0.001111225167	0.001185672995	0.001280911819
	0.001124567316	0.0007101545619	0.001054851622	0.001072975541	0.001072975541
	0.001182770392	0.001339209979	0.03055212634	0.07281904114	0.003460189414
	0.002579813474	0.008198994786	0.003087322536	0.002582952169	0.002043638054
	0.002781105008	0.00257790303	0.00257790303	0.002490956343	0.002590574338
	0.002590574338	0.002646516951	0.00289448879	0.003789391557	0.004691593439
	0.004691593439	0.002579813474	0.002684376965	0.002428954677	0.002582952169
	0.002488625288	0.002008292508	9.778481468e-05	0.0001149082124	7.593607975e-05
	0.0003771554586	0.0002495498377	0.0001471295411	0.0002495498377	0.0001301269084
	2.182595138e-05	3.248275796e-05	3.248275796e-05	4.649657715e-05	9.261316967e-07
	9.679357449e-06	4.335804063e-06	1.138360251e-07	1.138360251e-07	9.863676906e-07
	1.164474015e-06	1.164474015e-06	1.487272385e-07	1.906118587e-06	9.261316967e-07
	0.0005464961447	0.0005464961447	0.005215081645	0.01271448204	0.0005534218598
	0.0009621207817	0.0005534218598	0.001133700522	0.001185672995	0.0007630916796
	0.0008040912031	0.0006230881984	0.001249016316	0.001042023099	0.001010101796
	0.001300856252	0.03055212634	0.08155774098	0.002579813474	0.01045224484
	0.002043638054	0.002043638054	0.002472266981	0.002008292508	0.002265141315
	0.002265141315	0.00188615367	0.002242831607	0.002242831607	0.002582135997
	0.002908354235	0.002883715516	0.004034690356	0.005015603108	0.002355588692
	0.001954045323	0.001954045323	0.001513280789	0.001709677436	0.002008292508
	1.607740662e-05	0.0003881049203	0.0001149082124	9.243483814e-05	0.0003559595646
	0.0002495498377	0.0001533715988	0.0001533715988	1.607740662e-05	6.901198085e-05
	3.725670818e-05	4.649657715e-05	2.691407645e-06	3.926401104e-06	1.414837788e-06
	5.596331902e-06	6.558253018e-06	5.596331902e-06	1.906118587e-06	1.569996399e-06
	2.691407645e-06	1.569996399e-06	0.0006230881984	0.0009621207817	0.005227934492
	0.0005534218598	0.0009874755036	0.0006882044548	0.001300856252	0.001133700522
	0.0008235537107	0.0008070673746	0.0008715769889	0.001249016316	0.001146278547
	0.001146278547	0.001151325369	0.04971346334	0.08370405464	0.006875412917
	0.01045224484	0.001964492133	0.001254811551	0.001791248495	0.002265141315
	0.002134469134	0.002134469134	0.001964492133	0.002293942398	0.002242831607
	0.002582135997	0.002582135997	0.002908354235	0.004034690356	0.005015567374
	0.004034690356	0.00423328292	0.001954045323	0.001513280789	0.00130543328
	0.00166310629	0.00130543328	0.0004882657005	0.0004882657005	1.10630086e-05
	1.022701947e-05	0.0003881049203	0.0001306264353	0.0001306264353	0.0002311517797
	0.0001682172278	0.0001754309024	0.0003704742359	3.725670818e-05	0.0001032141893
	3.725670818e-05	2.691407645e-06	8.391093594e-06	1.56176595e-05	1.810640822e-05
	2.68053918e-05	1.59849292e-05	9.593920834e-06	9.935036224e-06	9.935036224e-06
	0.0008734177878	0.0009874755036	0.002713595484	0.0006882044548	0.0007238900604
	0.0006882044548	0.0009252373974	0.001163038344	0.001163038344	0.001085562471
	0.0008734177878	0.001214334156	0.001066362079	0.001123045498	0.001318744433
	0.03255379088	0.05309616659	0.00423328292	0.01196782267	0.001254811551
	0.001254811551	0.001337639446	0.001726065691	0.001373577882	0.0032447971
	0.001715278096	0.002299296593	0.002299296593	0.002140334422	0.004920924664
	0.002852106509	0.002851074918	0.005015567374	0.0032447971	0.001208698377
	0.001715278096	0.001016425232	0.00130543328	0.001337639446	0.0006687069705
	0.0008912533947	0.0005785638802	0.0003704742359	1.078254306e-05	1.078254306e-05
	0.000314144702	0.0001306264353	0.0002311517797	0.0002369868024	3.007461808e-05
	3.007461808e-05	9.889557643e-05	7.261693863e-05	1.620136159e-05	1.56176595e-05
	3.95334713e-05	4.869066017e-05	3.561656455e-05	2.551379522e-05	1.59849292e-05
	4.507509747e-05	4.507509747e-05	0.0005785638802	0.0009871197444	0.003143770195
	0.002713595484	0.0008360674724	0.0006216487802	0.0008875367121	0.001347264467
	0.001294554018	0.001486689068	0.0009871197444	0.001066362079	0.001066362079
	0.001110994139	0.03453877173	0.0419323826	0.008669514152	0.008669514152
	0.001182510595	0.002186359917	0.001096654394	0.001373577882	0.0032447971
	0.001861246334	0.002163522875	0.002163522875	0.002078112264	0.003972485723
	0.003963978567	0.002852106509	0.003285669114	0.004767196598	0.001234889252
	0.00149172287	0.001094159192	0.0009736703501	0.001182510595	0.0009736703501
	0.0006995194934	0.0005828614633	0.0006353316153	0.0005785638802	0.0003370685139
	2.77865528e-05	0.0002369868024	0.0001849246985	0.0002715286088	0.0002715286088
	6.29439046e-05	2.746726841e-05	0.0001410652554	6.29439046e-05	2.767577838e-05
	3.95334713e-05	3.95334713e-05	4.105108995e-05	7.916296807e-05	6.237774216e-05
	4.507509747e-05	0.0006039850417	0.0009297251173	0.0009297251173	0.001270055718
	0.004053773988	0.0008360674724	0.0009437561151	0.001060922357	0.001110994139
	0.001486689068	0.001458271647	0.0009479011155	0.001255726791	0.001110994139
	0.02492709317	0.0419323826	0.008669514152	0.01215842108	0.002220334584
	0.0006740239366	0.0008261797646	0.00292148742	0.00151367967	0.00151367967
	0.001701578	0.003845026912	0.00194079012	0.003963978567	0.003963978567
	0.002703918189	0.007198441793	0.0008431185529	0.001161993276	0.0008431185529
	0.0009736703501	0.002220334584	0.001205356013	0.0006758257949	0.0006758257949
	0.0006353316153	0.0004935304327	0.0003886622744	4.357690475e-05	4.357690475e-05
	0.0002469247695	0.0002013773566	0.0002088722649	6.29439046e-05	0.0001319666619
	8.370466312e-05	4.449228789e-05	6.615643866e-05	0.0001198310144	0.0001198310144
	4.105108995e-05	4.105108995e-05	7.916296807e-05	6.237774216e-05	0.0006039850417
	0.0008530851598	0.0008530851598	0.0006039850417	0.0009437561151	0.001079891863
	0.001395312283	0.00129531554	0.001996761773	0.001214345266	0.001784010402
	0.001996761773	0.0009479011155	0.001007189301	0.001007189301	0.01215842108
	0.03481490964	0.009036211576	0.009036211576	0.002921229682	0.0006952104904
	0.0005886262228	0.004669829157	0.001161993276	0.001355884413	0.004491745933
	0.001566971389	0.003170591501	0.002218762061	0.002690986075	0.00219560279
	0.007198441793	0.0006330778885	0.0009036419466	0.001161993276	0.0004799413592
	0.001590105899	0.001714979819	0.0006758257949	0.0006653809373	0.0005620453718
	0.0005886262228	0.0004304224087	0.0003886622744	0.0002866037624	4.357690475e-05
	8.36171135e-05	0.0001220133478	0.000275167148	0.0002088722649	0.0002088722649
	0.0001220133478	4.449228789e-05	6.515170775e-05	0.0001151876963	0.0001198310144
	0.0001147904706	0.0001394586481	7.304481998e-05	0.0001148855793	9.793913821e-05
	0.0004192573295	0.0007130881067	0.0007078082201	0.0007005895024	0.00129531554
	0.002060365915	0.001777940236	0.00129531554	0.001996761773	0.001214345266
	0.001859002835	0.001859002835	0.001007189301	0.001062130851	0.02402201786
	0.01936817519	0.009036211576	0.009631825223	0.004669829157	0.0006952104904
	0.004669829157	0.0009036419466	0.001355884413	0.001566971389	0.004246090429
	0.003684255018	0.002218762061	0.002544167183	0.002218762061	0.002662025579
	0.001053924521	0.007018023868	0.0004799413592	0.0009036419466	0.0004799413592
	0.0003891586306	0.001999332288	0.003033381325	0.000700435562	0.001999332288
	0.0007944893083	0.0004983628033	0.0004304224087	0.0003809901991	0.0002648646045
	0.0002648646045	5.473133668e-05	8.36171135e-05	0.0001265795815	0.0001725486066
	0.0001725486066	7.969200023e-05	6.515170775e-05	0.0001295912856	0.0001295912856
	0.0001864337597	0.0001864337597	0.0002566184964	0.0002566184964	9.698934682e-05
	0.0001060410333	0.0001518626524	0.0003809901991	0.0004856499719	0.0005540443259
	0.0007950096	0.0007005895024	0.001816070186	0.005727495252	0.002240474031
	0.001804254364	0.002429093044	0.00162547603	0.001252949993	0.001291611544
	0.0008767654327	0.0012127745	0.001743705497	0.009631825223	0.01936817519
	0.008182387872	0.008182387872	0.00508246921	0.005662350905	0.0004855787088
	0.00073462263	0.001063031766	0.001540429489	0.003558110818	0.003094735545
	0.003094735545	0.00214148964	0.001911651981	0.002228293887	0.001053924521
	0.001053924521	0.00765707398	0.0003891586306	0.0006982720161	0.0004855787088
	0.0003891586306	0.001999332288	0.003037393906	0.001695846983	0.001581142128
	0.0007944893083	0.0004983628033	0.0006124966157	0.0003561970471	0.0002808651594
	0.0002110628215	0.0002808651594	0.0001191381176	0.0001265795815	0.0001265795815
	0.0001253266533	0.0001253266533	0.0001473690787	0.0003864758834	0.0002727703487
	0.0002727703487	0.0002566184964	0.00021905187	0.0002147912856	0.0002147912856
	0.0001473690787	0.0007950096	0.0004856499719	0.0004430479673	0.0005914054025
	0.0005914054025	0.00402570136	0.003425252219	0.002429093044	0.002429093044
	0.002714025941	0.0012127745	0.001075987609	0.0012127745	0.002039060825
	0.009643963897	0.009643963897	0.003213489819	0.00765707398	0.005194581983
	0.005662350905	0.0003988179938	0.0004979149229	0.001334714975	0.001542239174
	0.003111264663	0.003094735545	0.002569244964	0.00214148964	0.00214148964
	0.001029075307	0.0006982720161	0.006788437957	0.005194581983	0.0003609733567
	0.0006982720161	0.0003609733567	0.000471463022	0.001603570171	0.003430142469
	0.0049460355	0.003430142469	0.001603570171	0.0009316340235	0.001234337475
	0.0006124966157	0.0006124966157	0.0003202283406	0.0002808651594	0.0002247452415
	0.0002247452415	0.0001518680779	0.0001787809525	0.0001253266533	0.0001679835834
	0.0001473690787	0.0004430479673	0.0003816882879	0.0004117210134	0.0005154064147
	0.0004086520406	0.0002147912856	0.0003124241912	0.0003124241912	0.0002130708371
	0.0006030133863	0.0004430479673	0.0005914054025	0.0005382620571	0.002927764829
	0.01227350666	0.003561005053	0.003561005053	0.002714025941	0.002039060825
	0.001557833667	0.0007541037917	0.0009238822526	0.001557833667	0.009643963897
	0.0076850851	0.002796501103	0.006788437957	0.005194581983	0.000356403534
	0.001190716131	0.001190716131	0.003088132017	0.003088132017	0.002453863062
	0.002197061742	0.001872162828	0.0009656444017	0.0005846711863	0.00075960222
	0.006788437957	0.005141926996	0.0004026349126	0.000471463022	0.0005846711863
	0.0003918202876	0.000356403534	0.0004026349126	0.0005149649518	0.002804835709
	0.0049460355	0.003430142469	0.004139528215	0.00194564778	0.001017651974
	0.002190583736	0.001037242484	0.001037242484	0.0003202283406	0.0002685653194
	0.0002422334027	0.0001951581514	0.0001951581514	0.0001348248714	0.0001867469813
	0.0002359524367	0.0003997307314	0.0003816882879	0.0005809167785	0.0004086520406
	0.0004086520406	0.0004150173971	0.0003415591692	0.0003434413565	0.0002130708371
	0.000647834334	0.0005825161951	0.0005825161951	0.0005356746097	0.008915782773
	0.00999974483	0.006155803966	0.005084848296	0.003291779414	0.00257658828
	0.001234789195	0.0006821429877	0.001234789195	0.003004017033	0.00293506575
	0.002222708269	0.003738966219	0.00493529148	0.001190716131	0.00147497373
	0.002880935646	0.003088132017	0.00309137953	0.002006695138	0.002006695138
	0.001745528872	0.001466697585	0.001198570866	0.0005971714728	0.0005846711863
	0.0004516346182	0.005615033784	0.005072561922	0.0005007251642	0.0004501738334
	0.0003591740214	0.0003606698096	0.000379707416	0.0008082132331	0.004923052811
	0.00335689962	0.00335689962	0.002190583736	0.001206866023	0.002190583736
	0.001037242484	0.001136878852	0.0002916448527	0.0002685653194	0.0002422334027
	0.0002422334027	0.0001845299761	0.0002359524367	0.0002359524367	0.0004044299958
	0.0004044299958	0.0006232898804	0.0006232898804	0.0004150173971	0.0004150173971
	0.0003415591692	0.00035074512	0.0002704939891	0.0005825161951	0.0005489477065
	0.0005489477065	0.008915782773	0.02672744718	0.006844498533	0.004480930001
	0.003816563628	0.002516707792	0.001234789195	0.001095282784	0.001270530232
	0.00100464476	0.00389949201	0.003619325201	0.004183223382	0.005072561922
	0.001198570866	0.002744836086	0.002744836086	0.002160375682	0.002039608592
	0.001790274062	0.0007591459708	0.001745528872	0.0009650959451	0.0009650959451
	0.0004516346182	0.0004516346182	0.000358168509	0.003612788485	0.003137337166
	0.0006252098525	0.000379707416	0.0003606698096	0.0003606698096	0.001058107057
	0.001058107057	0.004923052811	0.004923052811	0.003071201668	0.002563169481
	0.002563169481	0.002048253628	0.002048253628	0.001190268022	0.0002290039832
	0.0003499596359	0.0003105868552	0.0003105868552	0.0002685679151	0.0004353476393
	0.0005146047596	0.0004783820854	0.0009246993713	0.0007629522504	0.0006090345807
	0.0005666099717	0.00035074512	0.00035074512	0.0003206151272	0.0007036736299
	0.0007310158187	0.0005615985114	0.0005678978588	0.01145637604	0.02672744718
	0.006844498533	0.00600101483	0.003695688339	0.002748756351	0.001270530232
	0.001292331958	0.001189315883	0.001212103646	0.003619325201	0.001839060676
	0.003702942414	0.0006285901731	0.0007600314542	0.002605066746	0.002744836086
	0.002734584969	0.002039608592	0.004396203707	0.001790274062	0.001647869614
	0.0007438636058	0.001206021548	0.0009474331734	0.0005003554543	0.0004096929795
	0.000358168509	0.003612788485	0.003612788485	0.0007600314542	0.0004606437371
	0.0003819513729	0.001058107057	0.001128728636	0.001877012207	0.004160986648
	0.004406457179	0.002770067237	0.002374566842	0.002048253628	0.001877012207
	0.0002858834585	0.0003439163538	0.0003105868552	0.0003206151272	0.0005583535652
	0.0006055169631	0.000505668932	0.0009028739145	0.0009028739145	0.0008157689814
	0.0005666099717	0.0004694162885	0.00037130324	0.0003920290754	0.000676602307
	0.0006841013116	0.0006849623686	0.0007226470062	0.01878387605	0.0350074052
	0.00600101483	0.00600101483	0.00412690914	0.001128613466	0.001365051083
	0.0008320763534	0.002431549375	0.002073021332	0.001839060676	0.007352070234
	0.001839060676	0.003702942414	0.004396203707	0.0007600314542	0.0004279744102
	0.002760211362	0.002591771879	0.002591771879	0.002027130602	0.001647869614
	0.004160986648	0.001155375023	0.001155375023	0.0005003554543	0.0009474331734
	0.0009474331734	0.0004014371621	0.000345225699	0.000345225699	0.003450174341
	0.001974137496	0.0007285050898	0.0004279744102	0.0009671267744	0.001488619472
	0.0009671267744	0.001981140708	0.001981140708	0.003541055302	0.003070886411
	0.002791134829	0.002321029332	0.0004188146037	0.0003642012707	0.0004188146037
	0.0005829011168	0.000676602307	0.000505668932	0.000676602307	0.001053405252
	0.0008157689814	0.0008157689814	0.0005271307683	0.0005271307683	0.000529858779
	0.0004929670101	0.0008320763534	0.0006488061816	0.0006488061816	0.01878387605
	0.02716443133	0.01240791605	0.00412690914	0.00412690914	0.001365051083
	0.0008320763534	0.0008508397943	0.001122189851	0.001465569614	0.001694740638
	0.001318277047	0.01720831786	0.001820422176	0.003450174341	0.003746829923
	0.003681362182	0.0006399641025	0.0003351393888	0.0004014371621	0.002514586151
	0.002620581341	0.002302022344	0.002302022344	0.001682784882	0.001402897832
	0.003541055302	0.001155375023	0.0005081396048	0.0007634266151	0.0004014371621
	0.0002991720298	0.0004233601204	0.002518015437	0.001165256414	0.0006894130858
	0.0004742197861	0.0009671267744	0.001409693739	0.001204250061	0.002321029332
	0.001807236139	0.003541055302	0.003031705924	0.002321029332	0.003082121813
	0.0006961098356	0.0004718927713	0.0004188146037	0.0005829011168	0.0005833781839
	0.0006961098356	0.00118105582	0.0009065502676	0.0009065502676	0.0007629246017
	0.0007629246017	0.0004929670101	0.0004929670101	0.0008320921801	0.0006488061816
	0.001136669913	0.01240791605	0.06073826924	0.01016484228	0.003850727084
	0.005635070604	0.001122189851	0.001151680839	0.001151680839	0.001324393741
	0.005664429792	0.001318277047	0.01389639614	0.001165256414	0.0027663501
	0.002683749691	0.003082121813	0.0006894130858	0.0003044472087	0.0003649674882
	0.0003649674882	0.001682773505	0.003037608368	0.001996311009	0.002486885807
	0.001800607231	0.001996311009	0.00117774547	0.00117774547	0.0009332383967
	0.003279140394	0.0007634266151	0.0002991720298	0.0002991720298	0.0003437263891
	0.0003437263891	0.001165256414	0.0006894130858	0.0006074816536	0.0004782783972
	0.001030959697	0.00149046622	0.001204250061	0.001142883624	0.00250905166
	0.001683568439	0.00269565105	0.00249648906	0.003082121813	0.0008783916129
	0.000519633289	0.000519633289	0.0006922905732	0.0006818790637	0.0008805226739
	0.001713638133	0.001393724727	0.001056612189	0.0007629246017	0.0008310101614
	0.0006209919116	0.0006056341788	0.0006056341788	0.0009742334743	0.0009742334743
	0.001419713263	0.0124416318	0.06073826924	0.009469461925	0.003850727084
	0.006136822897	0.001324393741	0.001120023236	0.001419713263	0.001151680839
	0.001913137868	0.005664429792	0.001610504003	0.01389639614	0.001022708137
	0.002629556971	0.002683749691	0.002683749691	0.002629556971	0.0003649674882
	0.0004639206129	0.00269565105	0.001682773505	0.0009332383967	0.003037608368
	0.003037608368	0.001996311009	0.002207981371	0.001223805385	0.001578948211
	0.00117774547	0.0005517354854	0.00279907531	0.0004639206129	0.0002413665879
	0.0002402044618	0.0002776426495	0.0003351959383	0.0003351959383	0.001022708137
	0.0008264150358	0.0006611593133	0.0005290212526	0.0009927759658	0.00149046622
	0.001142883624	0.001142883624	0.001860379832	0.002341839964	0.00269565105
	0.002550124559	0.0008805226739	0.0008180154276	0.0008180154276	0.0008805226739
	0.00199862662	0.00199862662	0.001056612189	0.0008310101614	0.0007385388814
	0.0007385388814	0.0007633147907	0.0006987114036	0.0009742334743	0.001419713263
	0.02647258163	0.06342829839	0.009469461925	0.00369222768	0.001595842679
	0.00369222768	0.001906322424	0.001906322424	0.001677043437	0.00194326164
	0.002336591698	0.009156984865	0.001610504003	0.02437779851	0.001033332387
	0.002629556971	0.002016401718	0.001542753685	0.001922853621	0.001809206883
	0.0004639206129	0.002454677278	0.001284098925	0.0007287239803	0.003594240893
	0.002179255564	0.001969833562	0.001578948211	0.001443615059	0.0009908775596
	0.001135075415	0.0009908775596	0.0007287239803	0.0005517354854	0.002352581444
	0.0003260270871	0.0002143927379	0.0002173571704	0.0002173571704	0.0002363076322
	0.0003351959383	0.0004086585503	0.001453211483	0.001186999093	0.0008264150358
	0.0006348287847	0.0005195932692	0.0009927759658	0.001626996243	0.001404352975
	0.001258266113	0.00193252405	0.001720184	0.002352581444	0.002194246992
	0.00193252405	0.002550124559	0.001542753685	0.001220197527	0.001216938957
	0.0008952712008	0.00199862662	0.001076660338	0.00083633446	0.0008952712008
	0.00083633446	0.0007405445118	0.0007435529732	0.0007435529732	0.001272324156
	0.001371097465	0.02647258163	0.06342829839	0.006646265806	0.00401213977
	0.002132567932	0.002190311978	0.002842969027	0.001906322424	0.001944580256
	0.002842969027	0.009532168832	0.002671037548	0.02437779851	0.001453211483
	0.001862349895	0.001752014501	0.001542753685	0.001809206883	0.001417969803
	0.001417969803	0.0008743379251	0.0009908775596	0.0009075119352	0.0006903979943
	0.0004766462893	0.0003280632267	0.001911615381	0.0002075893476	0.0002127591645
	0.0002173571704	0.0002526050825	0.0003137822052	0.0003478582275	0.001186999093
	0.001186999093	0.001510458527	0.0006348287847	0.0005195932692	0.0005195932692
	0.0007735015811	0.001477661815	0.001258266113	0.0009568272238	0.00193252405
	0.001645658263	0.001837535768	0.002194246992	0.001837535768	0.001436659921
	0.001272324156	0.0008952712008	0.002090649274	0.0008196698279	0.001477951751
	0.0008729208178	0.0008196698279	0.0007405445118	0.0007618333787	0.0007435529732
	0.002011496603	0.001371097465	0.001371097465	0.04105586039	0.0554380281
	0.006646265806	0.004051955701	0.002552497959	0.002011496603	0.00237445863
	0.002552497959	0.003215119944	0.007503726221	0.003600697305	0.0154240534
	0.003600697305	0.001597135792	0.001510458527	0.001432208345	0.0008743379251
	0.000348367476	0.0006669280573	0.0009075119352	0.0003801457483	0.000348367476
	0.001911615381	0.0001562690645	0.0001820962313	0.0002156140842	0.0003478582275
	0.0002305587824	0.0003478582275	0.001956055638	0.001297902609	0.001956055638
	0.001510458527	0.0004391180173	0.000610589916	0.0005559277681	0.0007519451211
	0.001187734163	0.001187734163	0.000832457253	0.001651467087	0.001384193124
	0.001218848013	0.001837535768	0.001528532241	0.001597135792	0.001421378671
	0.001428425069	0.001152643579	0.001031447559	0.001488291976	0.0008545745279
	0.001426124468	0.001079075684	0.0008025969663	0.0007618333787	0.0007618333787
	0.001903704944	0.002024622652	0.00144913178	0.001292678573	0.008142010296
	0.0554380281	0.004117811449	0.003672902167	0.003649843255	0.004117811449
	0.002552497959	0.003049501228	0.003049501228	0.003215119944	0.003152276447
	0.003291066489	0.007510602373	0.004854697069	0.01373385226	0.004854697069
	0.001432208345	0.001416609338	0.001432208345	0.0002633089231	0.0004937196947
	0.0003801457483	0.0002550998567	0.0002550998567	0.001490835296	0.0001562690645
	0.0001562690645	0.0003167953522	0.0001447805419	0.0001690824266	0.0002890332372
	0.0002688090173	0.001244420797	0.001956055638	0.003747101936	0.001601363338
	0.00204421897	0.00119368755	0.0004817047783	0.0005559277681	0.0005559277681
	0.000832457253	0.001036475374	0.001036475374	0.000832457253	0.001384193124
	0.001209201715	0.001075308406	0.001490835296	0.001264672699	0.001261777488
	0.00119368755	0.001279227849	0.001261777488	0.001031447559	0.0008545745279
	0.001426124468	0.0008545745279	0.001426124468	0.001055934601	0.0008143832107
	0.0008143832107	0.002024622652	0.002024622652	0.001292678573	0.001244752735
	0.01605316923	0.01801102577	0.003266642996	0.003649843255	0.003503045386
	0.002709464333	0.003586381738	0.003049501228	0.002709464333	0.003404812857
	0.003586381738	0.004423517317	0.004451955891	0.006768473606	0.004854697069
	0.01064904165	0.003747101936	0.001289127266	0.001289127266	0.001490835296
	0.000142961993	0.0003167953522	0.0003806633735	0.0001666226608	0.0002029607466
	0.0002544251426	0.001200012096	0.002407746034	0.001213660817	0.002088702109
	0.00204421897	0.00119368755	0.0003840370195	0.0004817047783	0.0006060945872
	0.0006178030036	0.0009153526984	0.0007810979495	0.0007973823198	0.001376320771
	0.001217273293	0.0009416558743	0.00136867257	0.001264672699	0.001264672699
	0.001261777488	0.001279227849	0.001213660817	0.001146884937	0.001043679183
	0.0008268180854	0.001347190231	0.0007470631039	0.001349398992	0.0009797013076
	0.0008143832107	0.001308126534	0.0009834460106	0.001244752735	0.003927417836
	0.01801102577	0.003927417836	0.003503045386	0.004487586491	0.002004400772
	0.002453073168	0.003868427321	0.00333415598	0.003868427321	0.005317071452
	0.006768473606	0.006695237823	0.0112118512	0.004568347135	0.003803160122
	0.001194900213	0.001289127266	0.001174091941	0.002825485647	0.001213660817
	0.002085045481	0.001256821164	0.0005052698031	0.0005632453264	0.0006178030036
	0.0009416558743	0.0006983102404	0.0005893978347	0.001217273293	0.001086695717
	0.0009416558743	0.001131237837	0.001131237837	0.00116750308	0.001146884937
	0.001296808591	0.001252203311	0.001197507302	0.001372984514	0.001890831119
	0.001160732533	0.0008232732965	0.0008232732965	0.001812947599	0.00077397432
	0.0009001749546	0.0009239210323	0.00149011588	0.001317223919	0.0009834460106
	0.0008119015956	0.01232153013	0.003927417836	0.009047089423	0.003113379353
	0.003930249918	0.004487586491	0.00475787964	0.002004400772	0.002526784927
	0.004143746727	0.00333415598	0.004143746727	0.004568347135	0.005895081341
	0.01173774298	0.004740963986	0.002630953687	0.001132200054	0.001187624353
	0.001372984514	0.001237984273	0.0005600393615	0.0006062868776	0.0006983102404
	0.0005893978347	0.0005893978347	0.001396744572	0.0009531704416	0.0008523605184
	0.0008531834162	0.001009522928	0.001009522928	0.001075457475	0.001255575318
	0.001197507302	0.002992831714	0.001900686925	0.001356188269	0.001900686925
	0.001034184805	0.001077772049	0.001132200054	0.0008119015956	0.000628630521
	0.001630633817	0.000797666776	0.000797666776	0.001503945756	0.001108527173
	0.001108527173	0.000806315443	0.0007749065751	0.01232153013	0.003212832208
	0.005817298064	0.003212832208	0.003214839257	0.004697900313	0.00475787964
	0.00475787964	0.00202651028	0.00349939365	0.00422158996	0.002658974297
	0.00349939365	0.004143746727	0.004740963986	0.006339785805	0.01132328917
	0.004499207185	0.001163123923	0.001163123923	0.0007461108185	0.000644677133
	0.00138623612	0.001356188269	0.0008523605184	0.0008523605184	0.000804312637
	0.0009624788782	0.0008939917966	0.0009918044346	0.001275432651	0.001227855629
	0.002992831714	0.001900686925	0.001791380352	0.001356188269	0.001007486301
	0.001084494123	0.001122183336	0.000628630521	0.000628630521	0.0009378293979
	0.0006989764968	0.001503945756	0.001503945756	0.0007031709066	0.0007031709066
	0.0007031709066	0.0650522307	0.00586126404	0.002950958997	0.003212832208
	0.003259624026	0.003724163954	0.003924566216	0.005252910935	0.004549642718
	0.00202651028	0.004549642718	0.003571942421	0.003571942421	0.005200341935
	0.006890124955	0.01079273221	0.005200341935	0.01079273221	0.001227855629
	0.0007173320517	0.001292324225	0.00138623612	0.001515461063	0.0007173320517
	0.0008939917966	0.000804312637	0.0009235831756	0.0008617997096	0.0009573098247
	0.001258175047	0.002885254991	0.001791380352	0.001791380352	0.001844184805
	0.001487354109	0.001049324589	0.001093916926	0.001167393412	0.001167393412
	0.0004723749937	0.0005786366976	0.0007542775118	0.0007784100713	0.001541612436
	0.001084298626	0.0005573955893	0.0005573955893	0.04077260434	0.00586126404
	0.003595238321	0.003259624026	0.003285719036	0.004475436796	0.005252910935
	0.00435826207	0.002107872429	0.002904354566	0.003571942421	0.001541612436
	0.005200341935	0.006785728984	0.006785728984	0.004185312324	0.004185312324
	0.006620649188	0.01178199749	0.001335628084	0.001292324225	0.001446511138
	0.0007585777193	0.0008617997096	0.0009144928012	0.0008617997096	0.0009627599254
	0.001335628084	0.001339718666	0.001844184805	0.002632925495	0.001890281726
	0.001890281726	0.001415069306	0.001367105833	0.001476665526	0.001049324589
	0.001079501448	0.001195247841	0.001167393412	0.0004279475983	0.0004595911551
	0.0007023259556	0.0007023259556	0.001541612436	0.0007485987001	0.001086486359
	0.0005573955893	0.0007398031707	0.0004036930327	0.06046287571	0.00913373287
	0.002734624259	0.00266999392	0.003595238321	0.004475436796	0.004475436796
	0.004712801087	0.004355231289	0.002870893394	0.002141894674	0.002870893394
	0.002141894674	0.006194696781	0.002575290985	0.004121608778	0.006194696781
	0.006817985244	0.01178199749	0.00132652622	0.001341252811	0.0008400968618
	0.0009413919469	0.0008854346771	0.0009385680808	0.001339718666	0.001339718666
	0.001415069306	0.001240862383	0.00187660797	0.001725983605	0.001725983605
	0.001511582482	0.001476665526	0.001322629038	0.001537726149	0.0009385680808
	0.00103929657	0.001079501448	0.001189375397	0.0003545840849	0.0004566532827
	0.0007023259556	0.0008322121845	0.000400815478	0.0007485987001	0.000832547154
	0.000400815478	0.0003069622119	0.05383900102	0.007069983677	0.005886580295
	0.002923884279	0.002923884279	0.002923884279	0.003991356697	0.004577712112
	0.004082087787	0.002870893394	0.003645814053	0.002141894674	0.001728795516
	0.001737948124	0.01753136198	0.01963421004	0.004121608778	0.003168399371
	0.004471790337	0.002870105903	0.003383672807	0.006817985244	0.001261154809
	0.0008854346771	0.0009385680808	0.001378020888	0.00149685832	0.001200749599
	0.001749853791	0.001725983605	0.001654619881	0.001261154809	0.0014072976
	0.001322629038	0.001322629038	0.001356755005	0.001017419694	0.001000653401
	0.001075187961	0.001189375397	0.0003540760963	0.0003540760963	0.0005986583363
	0.000400815478	0.0005502702183	0.0003069622119	0.0003069622119	0.0009887450124
	0.05383900102	0.007069983677	0.06956022045	0.07092646122	0.007069983677
	0.003264820801	0.003264820801	0.002803488761	0.002903263932	0.004234655452
	0.003794916418	0.003528494949	0.003528494949	0.002852697423	0.001728795516
	0.001807384028	0.001405963914	0.07092646122	0.01394978701	0.00367073285
	0.00382532002	0.01125083067	0.002870105903	0.003383672807	0.002891861386
	0.001943816969	0.003383672807	0.00382532002	0.001261154809	0.001378020888
	0.001200749599	0.002223673947	0.001749853791	0.001654619881	0.001103364007
	0.001356755005	0.001297818363	0.001250855299	0.001297818363	0.0014072976
	0.001398822777	0.001379695886	0.001356755005	0.001044995322	0.001103364007
	0.001143869006	0.0004345648846	0.0003159758364	0.0005986583363	0.0004795896919
	0.0003253398499	0.0007634220378	0.00111441111	0.009596455124	0.003977377521
	0.01214737105	0.01221902377	0.003977377521	0.003264820801	0.002572482179
	0.002775555419	0.003272867991	0.00341956868	0.003302207045	0.003302207045
	0.002852697423	0.001807384028	0.001893413488	0.00111441111	0.04040721476
	0.05509494844	0.01125083067	0.01097083082	0.009097937052	0.006246386721
	0.00328214678	0.001829637759	0.00212064273	0.00367073285	0.00187374263
	0.00382532002	0.002330361062	0.002496473426	0.001493514426	0.001324536017
	0.001428153098	0.001130386184	0.001230690445	0.001171955709	0.001109533307
	0.001018110311	0.001171955709	0.001297818363	0.00117883122	0.001146811382
	0.001154051566	0.001155492801	0.001094645926	0.001259105988	0.001018110311
	0.001130386184	0.0004170968948	0.0004795896919	0.0004795896919	0.0003253398499
	0.0006007344339	0.0007634220378	0.00111441111	0.004792917547	0.003210819484
	0.01221902377	0.006537157566	0.003210819484	0.002648388338	0.00328611755
	0.00341956868	0.00341956868	0.003418834434	0.002534031785	0.002534031785
	0.001893413488	0.001508370908	0.001226386075	0.03166219599	0.03714152458
	0.01398015444	0.002974630236	0.01398015444	0.006029790892	0.002974630236
	0.01413178042	0.02283350135	0.002596661429	0.001177918289	0.001143958281
	0.001144808535	0.00177196097	0.0006573031481	0.0006621424496	0.002330361062
	0.001573567558	0.001358746586	0.001282912866	0.001245909979	0.001245909979
	0.001494770673	0.001363187242	0.001215040837	0.001130386184	0.001052571589
	0.001171955709	0.001018110311	0.001059356219	0.001159176412	0.00111521281
	0.001154051566	0.001146811382	0.0010565564	0.001056157847	0.001032156225
	0.0009894361376	0.001102348239	0.0004090390977	0.0006007344339	0.0004180051129
	0.0008698164869	0.0008698164869	0.001209146669	0.003823601447	0.003210819484
	0.004337757651	0.006537157566	0.001925265704	0.001960422388	0.002648388338
	0.002725995646	0.002725995646	0.002931756604	0.002534031785	0.001903084242
	0.001903084242	0.001450514113	0.001209146669	0.01290699486	0.01824282628
	0.0109418859	0.003008668963	0.007393501359	0.005669562617	0.007053336772
	0.01290699486	0.002926335807	0.001282912866	0.0009097262866	0.001143958281
	0.001811232423	0.0014250077	0.0014250077	0.001573567558	0.001573567558
	0.001118390369	0.001234632925	0.00109345113	0.001245909979	0.001109189942
	0.001363187242	0.001363187242	0.001215040837	0.001102348239	0.001052571589
	0.001033313844	0.001032156225	0.002566284448	0.001036952816	0.001132206708
	0.001107466842	0.001033270112	0.00100074835	0.0009928958006	0.0009575282588
	0.001001268742	0.0008972023478	0.0006807874299	0.000772179412	0.0006807874299
	0.000772179412	0.001040960823	0.002979018283	0.002979018283	0.004337757651
	0.002828087685	0.001960422388	0.001960422388	0.002761950172	0.002266001362
	0.00233341784	0.002195575195	0.001286158794	0.001966905553	0.001659571573
	0.001286158794	0.01202121808	0.0062928714	0.005281781598	0.002926335807
	0.005327091032	0.005382932888	0.004934243909	0.00286539161	0.0009097262866
	0.001596160615	0.001394244874	0.001811232423	0.00286539161	0.001118390369
	0.001531795154	0.001118390369	0.001227097941	0.001304205743	0.001301689166
	0.001026780953	0.001134865367	0.001136616632	0.001227097941	0.003762213557
	0.001001268742	0.002566284448	0.0009678800936	0.002566284448	0.001036952816
	0.0009211004524	0.001006602444	0.000921904846	0.0009385812163	0.0009396447466
	0.0008972023478	0.001001268742	0.0008972023478	0.0006807874299	0.0008488814408
	0.0007037207218	0.0008488814408	0.001314230486	0.002979018283	0.001778615197
	0.002828087685	0.002433124471	0.001513148172	0.001929553472	0.001513148172
	0.00233341784	0.001966905553	0.002041560951	0.001504106724	0.001966905553
	0.001314230486	0.004934243909	0.0062928714	0.003709016831	0.005281781598
	0.003367589952	0.004934243909	0.00286539161	0.001657960514	0.001657960514
	0.002324265249	0.002143390983	0.001253137474	0.001410311362	0.001227097941
	0.001304205743	0.001500563277	0.001181144913	0.001181144913	0.0009555319375
	0.0013799412	0.001849334746	0.0008806051465	0.001929553472	0.0009555319375
	0.0009555319375	0.001977611725	0.0009385812163	0.0008806051465	0.0009211004524
	0.000921904846	0.000921904846	0.0008248717148	0.0008398158078	0.0008985801585
	0.000864789483	0.0008849434095	0.0008488814408	0.0009005792171	0.001005387329
	0.001282350432	0.001602193136	0.002149935669	0.001517434748	0.001483847037
	0.001849334746	0.001504932669	0.001645564819	0.001929553472	0.001504932669
	0.001811838244	0.001811685477	0.001504106724	0.001729434861	0.001364870607
	0.003407238617	0.003306186351	0.002904682173	0.002904682173	0.003367589952
	0.003227138656	0.00239467258	0.001657960514	0.001912175742	0.00239467258
	0.001519234244	0.0013799412	0.001500563277	0.001500563277	0.001189238678
	0.001265371955	0.001028219341	0.001323303003	0.001849334746	0.00239600489
	0.0008806051465	0.0009393676251	0.0009393676251	0.001811838244	0.0008574511008
	0.0008554532071	0.0007870749598	0.0008309915871	0.0008034426375	0.0007281569396
	0.000809613064	0.0007083440634	0.001125619067	0.001115418362	0.001115418362
	0.001255175824	0.001282350432	0.001076222176	0.001517434748	0.0009650660223
	0.0009468428119	0.001504932669	0.001725364655	0.001386961778	0.001811838244
	0.001811685477	0.001811685477	0.001424406454	0.001368117474	0.002742171119
	0.002742171119	0.002093650502	0.002699151703	0.002586784835	0.002628355185
	0.00239467258	0.001912175742	0.001745533674	0.001500307771	0.001519234244
	0.001323303003	0.00170296071	0.001723154368	0.001226060254	0.001238080144
	0.001028219341	0.001028219341	0.001323303003	0.001161303974	0.001795032894
	0.0007386612041	0.0008554532071	0.001577665744	0.0008034426375	0.0008282074838
	0.0008554532071	0.0007870749598	0.0007193300342	0.0007460210585	0.0008661475968
	0.0006494735867	0.0007386612041	0.0006315865232	0.001368021097	0.001115418362
	0.001452534523	0.001299865468	0.001299865468	0.0009468428119	0.001076222176
	0.001089882433	0.001161303974	0.001386961778	0.001577665744	0.001017922823
	0.001500551444	0.00144110211	0.001442130246	0.001424406454	0.001368117474
	0.001885322239	0.001656961476	0.002093650502	0.002093650502	0.001885322239
	0.001688948219	0.001639821532	0.001688948219	0.001656961476	0.001494323313
	0.001345627416	0.001624456485	0.001624456485	0.001639821532	0.00115293735
	0.00112395842	0.00115293735	0.001161303974	0.001224449236	0.0007386612041
	0.0007460210585	0.0008661475968	0.0006313559447	0.0006550984882	0.0007460210585
	0.0009664576989	0.0005778556283	0.0006315865232	0.0005397866117	0.001611456185
	0.001373852105	0.001609878809	0.001299865468	0.001332155857	0.0006777641124
	0.0007705959503	0.000967753225	0.0006777641124	0.001271761965	0.001440044497
	0.001465592346	0.0009393379741	0.001341005629	0.001341005629	0.001296215985
	0.001276326853	0.001885322239	0.00151149138	0.001373704951	0.001584097851
	0.001498063675	0.001294036554	0.001345627416	0.001633288812	0.001469623423
	0.001624456485	0.001516456577	0.001516456577	0.0009664576989	0.00115293735
	0.001109086985	0.001195985471	0.0006535001315	0.001289813615	0.0006313559447
	0.001200584286	0.000775960495	0.000775960495	0.0005723468013	0.0006550984882
	0.0006946095186	0.0009664576989	0.0005397866117	0.0005386051353	0.0004881312623
	0.001609878809	0.001349015227	0.001609878809	0.001385947369	0.001332155857
	0.000842715911	0.0006516147404	0.0009393379741	0.0005986289284	0.001059301297
	0.001294854418	0.001059301297	0.001280704356	0.001341005629	0.001276326853
	0.001373704951	0.001373704951	0.001343442539	0.001391421491	0.001294036554
	0.001161984812	0.0015418058	0.001281032689	0.0015418058	0.001391421491
	0.001323781004	0.001516456577	0.001109086985	0.001109086985	0.001005105775
	0.0007343236587	0.0006073493039	0.0005386051353	0.001200584286	0.000775960495
	0.0007565704395	0.0005372967835	0.0006090700844	0.000649218042	0.0008447517717
	0.0005068121019	0.0005386051353	0.0004881312623	0.002192985715	0.001385947369
	0.00184481177	0.001385947369	0.001290667991	0.001189932342	0.0007636249393
	0.0005560777388	0.0006035593884	0.0006516147404	0.0004593035224	0.001059301297
	0.0008702855787	0.00121003075	0.001218497923	0.0007128699782	0.0009191034331
	0.0007343236587	0.001391421491	0.0009191034331	0.000905882227	0.001021929444
	0.001281032689	0.001281032689	0.001268867103	0.00140794937	0.001268867103
	0.001069818109	0.0009206873827	0.0009206873827	0.0009098749941	0.0005534819435
	0.0005372967835	0.0009196757	0.0008447517717	0.0007453830347	0.0004992362459
	0.0005806932919	0.0005806932919	0.0008097872247	0.0004074842968	0.000437093658
	0.000437093658	0.00184481177	0.001610793588	0.00184481177	0.001610793588
	0.001261616417	0.001046020748	0.001046020748	0.0007128699782	0.0006035593884
	0.0004593035224	0.0005150643812	0.0008372044613	0.000997096625	0.000997096625
	0.0008311016535	0.0007128699782	0.0007194424084	0.0005534819435	0.0009990749365
	0.0007327600015	0.001021929444	0.001103961497	0.001025263093	0.001069818109
	0.001080947218	0.001069818109	0.0007228182517	0.0009206873827	0.0009098749941
	0.0009098749941	0.0004443654764	0.0004992362459	0.0006640332294	0.0006397768307
	0.0004572949036	0.0005806932919	0.0006640332294	0.000812603679	0.0003839809572
	0.0003827851989	0.0003827851989	0.002396542403	0.001610793588	0.002396542403
	0.001261616417	0.001261616417	0.001046020748	0.00106441383	0.000490473363
	0.0004658171901	0.0003861485963	0.0003861485963	0.0008311016535	0.0008383795766
	0.0007883961258	0.000490473363	0.0007327600015	0.0008527805517	0.0007015435724
	0.0007228182517	0.000933603743	0.001063208242	0.0007228182517	0.0009310632297
	0.0007475831728	0.0007605815178	0.0007483132693	0.0004443654764	0.0004572949036
	0.0005637666865	0.0004864704101	0.000445175492	0.0005637666865	0.000628166691
	0.000628166691	0.0002878943859	0.0003546617897	0.0003425491138	0.002396542403
	0.001634315325	0.001961884103	0.001239130421	0.00106441383	0.001062404568
	0.00106441383	0.000490473363	0.0003993045744	0.0003861485963	0.0007883961258
	0.0008383795766	0.0007131950015	0.0004480687433	0.0005693867848	0.0005563459546
	0.000634868747	0.0006322055429	0.0007483132693	0.000761146594	0.0007605815178
	0.0007483132693	0.0003779888083	0.0003885029517	0.0003645378078	0.0003939403464
	0.0004747892719	0.0005229595804	0.0005848311222	0.0005485890542	0.0002878943859
	0.0003274849023	0.0002709342906	0.002444460529	0.001396846789	0.00196919519
	0.001396846789	0.001166201391	0.0009119176642	0.001166201391	0.0004038367505
	0.0003951234193	0.0003740559406	0.0003740559406	0.0006672729366	0.0006672729366
	0.0005475399803	0.0004038367505	0.0005563459546	0.0005290959906	0.0005302468497
	0.0006830242275	0.0005621351637	0.0005482877744	0.0003779888083	0.0003645378078
	0.0003227532488	0.0003799322487	0.0004198630873	0.0004431929297	0.0004807070329
	0.0005482877744	0.0002122424139	0.0002827361272	0.0002271614466	0.00196919519
	0.00137331134	0.00196919519	0.00137331134	0.001166201391	0.0008959952074
	0.0009465987868	0.0004038367505	0.0003811306567	0.0003648158557	0.0006672729366
	0.0006992116865	0.0004503578693	0.0005290338189	0.0003859387961	0.0004714970865
	0.0004368510244	0.0004631752293	0.0005482877744	0.0003861055277	0.0003227532488
	0.0003227532488	0.0003266412067	0.0003722950205	0.0004035813992	0.000437520475
	0.000437520475	0.0001805645548	0.0002038519127	0.0002038519127	0.002361569901
	0.001939725535	0.001896808616	0.001354167768	0.001111054039	0.0009465987868
	0.001111054039	0.000394941582	0.0003648158557	0.0003648158557	0.0004346276367
	0.0007974808751	0.0005903908768	0.0005226063639	0.0003861055277	0.0003998013256
	0.0004298844119	0.0004298844119	0.0003861055277	0.0003103679898	0.0003266412067
	0.0003266412067	0.0003499871562	0.0003361517026	0.000437520475	0.0004102869067
	0.0001570856675	0.0002038519127	0.0001570856675	0.002361569901	0.001896808616
	0.001896808616	0.001294103176	0.001111054039	0.0007974808751	0.0008376901048
	0.0007452436287	0.0003849349153	0.0004254997695	0.0003849349153	0.0005226063639
	0.0007608610624	0.0005903908768	0.0003967627667	0.0003998013256	0.0003998013256
	0.0004298844119	0.000365746353	0.0002546407945	0.0002839166629	0.0002839166629
	0.0003361517026	0.0003361517026	0.0003407731544	0.0003445101181	0.0001381193893
	0.000203206627	0.0001381193893	0.001866280642	0.001863847918	0.001863847918
	0.001288583827	0.001288583827	0.0008376901048	0.00113592572	0.0006474165519
	0.0007452436287	0.0004425990045	0.0005374438472	0.0004572848788	0.0003986865444
	0.000356178048	0.0003445101181	0.000356178048	0.000203206627	0.0002691327255
	0.0002764915743	0.0003489857875	0.0002691327255	0.0002928799513	0.0003430278603
	0.0003445101181	0.0001381193893	0.0001947169166	0.0001475915324	0.002221419348
	0.001805982389	0.001805982389	0.001359480233	0.0007517096926	0.001077923889
	0.000645096118	0.0007744390613	0.000645096118	0.0004572848788	0.0004547729932
	0.000398878738	0.000356178048	0.0002045463204	0.0002691327255	0.0002045463204
	0.0003489857875	0.0003501078253	0.0002928799513	0.0003156534284	0.0001247318187
	0.0001475915324	0.0001475915324	0.002084552734	0.001532487465	0.001785044687
	0.001311887212	0.001532487465	0.0008043321329	0.001161968375	0.0007104346546
	0.0007104346546	0.0005385844735	0.0005385844735	0.000467853737	0.000467853737
	0.0001916195509	0.0002505979547	0.0001916195509	0.0003545713969	0.0003545713969
	0.0002962883064	0.0002505979547	0.0001320327569	0.0001687345504	0.0001320327569
	0.002084552734	0.001532487465	0.00198766045	0.001379630786	0.001019407201
	0.001019407201	0.001184902749	0.0007104346546	0.0005503339601	0.0006493118015
	0.000467590027	0.0001916195509	0.0002505979547	0.0001876218133	0.0003372976248
	0.000467590027	0.0003237581619	0.0001320327569	0.0001764609466	0.0001596989462
	0.00198766045	0.001379630786	0.001683078254	0.0009370219401	0.001019407201
	0.001184902749	0.0006493118015	0.0005629732289	0.0006493118015	0.0005629732289
	0.0001764609466	0.000269417717	0.0002590165274	0.0003237581619	0.0003332009866
	0.000269417717	0.0005629732289	0.0001525329513	0.0002399812113	0.0001935715588
	0.001938572756	0.001292079449	0.001684160119	0.001684160119	0.0009370219401
	0.001018845038	0.001347303397	0.0006799299539	0.0005819806167	0.0004685722345
	0.0002399812113	0.0003659810743	0.0003659810743	0.0008196108104	0.000677871329
	0.0001935715588	0.0002399812113	0.0002435457759	0.001808934416	0.001347303397
	0.001479779437	0.0009913286128	0.001162363563	0.001310777778	0.0008166634465
	0.0004685722345	0.0003863571932	0.0003659810743	0.0009913286128	0.0008196108104
	0.0006406939589	0.0005715727731	0.0003025899255	0.0003025899255	0.001808934416
	0.001608361098	0.001605601623	0.001035296613	0.001312272688	0.0008325772444
	0.0008021775636	0.0003863571932	0.0008021775636	0.0005715727731	0.0003025899255
	0.000318067304	0.001602945174	0.001605601623	0.001485686327	0.001133080054
	0.001301922205	0.0009139947533	0.0008021775636	0.0006365850068	0.0004954374711
	0.0004109646233	0.0004109646233	0.001722033258	0.001717583333	0.001485686327
	0.001301922205	0.0009288357161	0.0009288357161	0.0005387936081	0.0006525032373
	0.0006525032373	0.001717583333	0.001668076306	0.001510189523	0.00113441413
	0.0008370237331	0.0006525032373	0.00173754045	0.00186406561	0.001339884171
	0.0008370237331	0.0008370237331	0.00186406561	0.00186406561	0.001339884171
	0.001459433691	0.002534067505	0.001459433691	0.003191192623	0.001807863852
	0.001261875542	0.001299893992	0.001299893992	0.00058232297	0.001301516344
	0.0009650540686	0.0001757771336	0.00058232297	0.001750085133	0.004057043565
	0.001750085133	0.001584372824	0.003566395978	0.001735931999	0.001712763238
	0.00403939652	0.001282640967	0.001102754865	0.001242122276	0.0012305571
	0.001301516344	0.001301516344	0.0001757771336	0.0001235812833	0.0009959933518
	0.0009545780723	0.0005830108131	0.0005830108131	0.004654019788	0.0008237713125
	0.001886985517	0.001143456754	0.002050838511	0.001750085133	0.001584372824
	0.001584372824	0.001735931999	0.001735931999	0.001417304704	0.001242122276
	0.001282640967	0.0009730401215	0.0007944192537	0.001242122276	0.001045794328
	0.0009469298608	0.0008409746252	0.0009959933518	0.0009959933518	0.0002933122236
	0.0009545780723	0.0007919060012	0.001326721383	0.0004962865947	0.0006431147321
	0.0005830108131	0.0005462810879	0.002808397401	0.003625909566	0.001784446466
	0.001784446466	0.001886985517	0.002146275603	0.002808397401	0.001566273157
	0.0009933630653	0.001557451532	0.001379689645	0.001426765987	0.001430801642
	0.001426765987	0.0009266220758	0.001036514954	0.0009732930844	0.0009933630653
	0.0007944192537	0.0007944192537	0.0007919060012	0.0007174242575	0.000814239967
	0.000814239967	0.0005109864542	0.0007108849028	0.0007085405306	0.00049481103
	0.0004538582772	0.0003259007736	0.0005617752564	0.0005109864542	0.0006431147321
	0.0005462810879	0.00049481103	0.001972823887	0.001794161885	0.001666855692
	0.003126756529	0.001062483037	0.00121457636	0.001566273157	0.002935791949
	0.001388054075	0.001566273157	0.001061715449	0.00121457636	0.001061715449
	0.001426765987	0.001218633982	0.001036514954	0.0008302726764	0.0007118335634
	0.0006924052766	0.0006924052766	0.0007174242575	0.0006337964248	0.000634855632
	0.000814239967	0.0006337964248	0.0005433866013	0.0002491034394	0.0004820209431
	0.00049481103	0.0004820209431	0.000575709507	0.000544850458	0.00051833171
	0.000544850458	0.0005433446585	0.0004928763816	0.007061038574	0.001972823887
	0.001972823887	0.001467677633	0.001260512687	0.001062483037	0.001062483037
	0.001315574653	0.001211961713	0.001211961713	0.001371762255	0.001315574653
	0.0009521570598	0.0008302726764	0.0009486715264	0.0009486715264	0.000719041895
	0.0008918634743	0.0007118335634	0.0006997197433	0.0006997197433	0.0006374974402
	0.0006426359883	0.0005754172022	0.0006337964248	0.0005433866013	0.0005433866013
	0.0006508180697	0.0008139332328	0.0002422558979	0.0005288838789	0.0004593883614
	0.0004625478814	0.0004825606591	0.0004807569758	0.0004773219443	0.0004919089866
	0.0005775809706	0.000544850458	0.0004825606591	0.0004928763816	0.002239914163
	0.001432493895	0.001205232269	0.0008848099294	0.001118369709	0.001136952953
	0.001315574653	0.001075203089	0.001211961713	0.0008848099294	0.0009258312798
	0.000719041895	0.000719041895	0.0007368493842	0.0007503515891	0.0006968403852
	0.0006322651341	0.0005843177054	0.0006260712656	0.0006954159106	0.0005754172022
	0.0005019704351	0.0005133991509	0.0004946517142	0.000471758513	0.000471758513
	0.0005288838789	0.0004893415822	0.0005288838789	0.00061445325	0.0006850739545
	0.001496069298	0.0004593883614	0.0004593883614	0.000461394062	0.0004816936683
	0.0004800775769	0.0005102706509	0.0004692014406	0.0004888367263	0.001432493895
	0.001056396303	0.002239914163	0.001188927939	0.001349956112	0.001205232269
	0.001205232269	0.0007923926306	0.0007368493842	0.0007923926306	0.0006750620849
	0.0009258312798	0.0007495620594	0.0009258312798	0.000614328489	0.000614328489
	0.0006311107106	0.0006497815108	0.0005843177054	0.0005843177054	0.0005555041978
	0.0005555041978	0.0005111324732	0.0005019704351	0.0005023453604	0.0004520519446
	0.0004447854631	0.000471758513	0.0005331611879	0.0005331611879	0.0007144879557
	0.0007422675367	0.0007360762872	0.000898557803	0.001039825049	0.000461394062
	0.0005046288467	0.000461394062	0.0005389582027	0.0004541187544	0.0004541187544
	0.0004447854631	0.0004642590081	0.0005193140914	0.0004888367263	0.00116155022
	0.0009789078854	0.001056396303	0.001188927939	0.0004791526035	0.001085409201
	0.0005484455511	0.0008617143187	0.0008617143187	0.000632579946	0.0007430259417
	0.0006311107106	0.0007923926306	0.0006914658259	0.0006341750355	0.0006807619045
	0.0006807619045	0.000614328489	0.0006309007644	0.0006311107106	0.0004955667244
	0.0004708203292	0.0004948458232	0.0004948458232	0.0004420425528	0.0004500854239
	0.0004607002291	0.0004520519446	0.0004484899936	0.0005046288467	0.0005331611879
	0.0007144879557	0.0007144879557	0.0007401612253	0.0005633530722	0.001199599822
	0.001074748476	0.001338973979	0.0005193140914	0.0005389582027	0.0005389582027
	0.0004327114778	0.0004327114778	0.0004541187544	0.0004642590081	0.0004723167758
	0.0004876660269	0.0008909151347	0.0008265581722	0.0009834629436	0.001117743367
	0.001117743367	0.0008902583971	0.0005118070382	0.0008265581722	0.0006370541999
	0.000632579946	0.000632579946	0.0005132853242	0.0005571383021	0.0005358174506
	0.0005358174506	0.0005295895178	0.0004942121075	0.0005439385492	0.0004708203292
	0.0004708203292	0.0004948458232	0.0004668995971	0.0004334149741	0.0004420425528
	0.0004318040174	0.0004339895749	0.0004282651269	0.0004345121766	0.0006423833634
	0.0007434832791	0.0009752688265	0.0008024481045	0.0007404067077	0.00113527073
	0.001507551727	0.001338973979	0.0005116918792	0.0006321551064	0.0005771667572
	0.0004530149582	0.0004530149582	0.0004712391387	0.0004723167758	0.0004723167758
	0.001088861315	0.0008909151347	0.0008265581722	0.0008190351608	0.001117743367
	0.0008943462583	0.0008943462583	0.0004270754228	0.0006194796794	0.0005655946269
	0.0005655946269	0.0005295895178	0.0004942121075	0.0004906713585	0.0005358174506
	0.0004569221252	0.0004685192372	0.0004668995971	0.0004176360506	0.0004176360506
	0.0004239648345	0.0004301512884	0.0004217520616	0.0004134289571	0.0004318040174
	0.0004297554937	0.0004345121766	0.000736728283	0.0008570804647	0.0009752688265
	0.0009752688265	0.0007404067077	0.0007070478324	0.001191008884	0.001573679953
	0.001573679953	0.000148195629	0.0006321551064	0.0005116918792	0.0006321551064
	0.0007070478324	0.0004461974433	0.0004530149582	0.0004712391387	0.0004997103967
	0.001213643059	0.001088861315	0.001343259456	0.0006194796794	0.0006898258095
	0.0007788825398	0.001005051163	0.0007788825398	0.0008943462583	0.0004270754228
	0.0004685192372	0.0006194796794	0.0005655946269	0.0004618966553	0.000454340994
	0.0004224395752	0.0004474768615	0.0004474768615	0.0004057250613	0.0004094174088
	0.0004078382288	0.000408381496	0.0004023879417	0.0004057250613	0.000408381496
	0.000411965899	0.0004190388965	0.0004297554937	0.0004444147113	0.0007524483053
	0.0008570804647	0.0009535144237	0.0007624251949	0.0007070478324	0.00105634062
	0.0001397142095	0.001324483587	0.001573679953	0.001671992223	0.0006644968016
	0.0005654591181	0.000728361489	0.0006592264964	0.0004913729104	0.0004622261113
	0.0004879112404	0.0005806261961	0.001091529516	0.001005051163	0.001091529516
	0.001498418791	0.0005079478036	0.0006003372316	0.0006003372316	0.0007641175029
	0.0007313398097	0.0006355217248	0.0006333526453	0.0004037615948	0.0004618966553
	0.0005079478036	0.0004618966553	0.0004224395752	0.0004224395752	0.0004474768615
	0.0004174727387	0.0004264901798	0.0004057250613	0.0004037615948	0.0004078382288
	0.000408381496	0.0003966102202	0.0004074440726	0.0003991380057	0.0004253894266
	0.0004253894266	0.0004444147113	0.0004444147113	0.0008506074519	0.0009425132063
	0.001053357731	0.000820753894	0.0007624251949	0.001053357731	0.001249219057
	0.002519897817	0.001564865588	0.001324483587	0.001641157271	0.0006383700048
	0.0005806261961	0.0007451951505	0.0006383700048	0.0005390302606	0.0004879112404
	0.0004879112404	0.0005390302606	0.001091529516	0.001102176399	0.001102176399
	0.001578531836	0.0005079478036	0.0006003372316	0.0007932831956	0.0006333526453
	0.0005761983291	0.0006333526453	0.0004037615948	0.0004066748795	0.0004363451864
	0.0004439651317	0.0004759014596	0.0004439651317	0.0004227805471	0.0004174727387
	0.0004132724241	0.0004069781536	0.0004066748795	0.0004177008895	0.000397182111
	0.0003991380057	0.0003984206816	0.0003991380057	0.000438723242	0.0004656989636
	0.0004656989636	0.0008642500633	0.0009678156898	0.0009678156898	0.0009018185958
	0.001118469644	0.001216032565	0.001385928001	0.002519897817	0.002519897817
	0.001766367432	0.001641157271	0.0008385959026	0.0006383700048	0.0007162706231
	0.0006466721234	0.0005390302606	0.0005290731278	0.0005941830143	0.0007720153949
	0.0007932831956	0.0008833905782	0.001087048704	0.002004252194	0.001578531836
	0.001126040086	0.0004759014596	0.0005293892303	0.0005994855629	0.0005994855629
	0.0005821048962	0.0004009740535	0.0004363451864	0.0004546138207	0.0004297847553
	0.0004400871395	0.0004072995746	0.0004060017846	0.0004183426345	0.0003965834749
	0.0004080621496	0.000454227497	0.000401528904	0.0004039007392	0.0004016940618
	0.0004016940618	0.0004984817831	0.0004530310217	0.0004656989636	0.0008642500633
	0.0008642500633	0.0009807864517	0.002029715233	0.0009905622317	0.001200321109
	0.001560103228	0.002029715233	0.001925848241	0.001560103228	0.002842066436
	0.0008385959026	0.0007150346949	0.0006844273952	0.0006889096848	0.000600509986
	0.0005607103403	0.0006317993131	0.0006659312511	0.0008133125938	0.001003207339
	0.001126040086	0.0008031738694	0.001126040086	0.0005893629795	0.00049355755
	0.0006659312511	0.0005735297805	0.0004034486119	0.0004647427162	0.0004228455649
	0.0004400871395	0.0004400871395	0.0004013070555	0.0004005786511	0.0004217092517
	0.0004122103781	0.000401528904	0.0004312260098	0.0004530310217	0.000401528904
	0.0004039007392	0.0004125482016	0.0004125482016	0.0005607103403	0.0004916856866
	0.0004916856866	0.0008666200657	0.0008898377684	0.002554095866	0.001089710367
	0.001200321109	0.001200321109	0.001560103228	0.002005898436	0.001647065361
	0.002842066436	0.002477671961	0.001065870008	0.0009599216582	0.0007834346383
	0.0006889096848	0.0006889096848	0.0006317993131	0.0005607103403	0.0006317993131
	0.0006230500828	0.0008133125938	0.0008133125938	0.001003207339	0.00113936162
	0.001826708102	0.0006073548458	0.0009015609929	0.001724258949	0.00049355755
	0.0006230500828	0.0005137119397	0.0004129383743	0.0004482028177	0.0004322904822
	0.0004465397925	0.0004295317789	0.0004116473933	0.0004251059166	0.0004144202584
	0.0004139956111	0.0004139956111	0.0004144202584	0.0004614059425	0.003907951051
	0.003907951051	0.0004855974551	0.0004169917187	0.0004322587409	0.0004046513292
	0.0004125482016	0.0005293652316	0.0005321567062	0.0005925025854	0.001065870008
	0.001863151808	0.001185508677	0.001450210545	0.001358694575	0.001751644173
	0.002005898436	0.002477671961	0.002442704824	0.001065870008	0.0009599216582
	0.000872986062	0.0007226969577	0.0006896415182	0.0005925025854	0.0006664721129
	0.0007521478028	0.0006230500828	0.0005948877304	0.0008739411411	0.001724258949
	0.001065615449	0.001210000767	0.0007794837036	0.0007794837036	0.001948143599
	0.001724258949	0.0005137119397	0.0004727669506	0.0004554009887	0.0004523343258
	0.0004444044133	0.0004444044133	0.0004315595887	0.0004361376119	0.0004251059166
	0.0004422376702	0.0004144202584	0.0005176802093	0.002520151946	0.006238059615
	0.002855607766	0.00116246888	0.0004725307938	0.000433893909	0.0004361376119
	0.0004160203629	0.0005176802093	0.0005506544408	0.0005925025854	0.00120879381
	0.001863151808	0.001358694575	0.001358694575	0.001768830143	0.001691357283
	0.002520151946	0.002176278985	0.001066978596	0.001187067963	0.0008413179866
	0.0008344456575	0.0008344456575	0.0006124909072	0.0008123508973	0.000725658931
	0.0005948877304	0.0006504814873	0.001210000767	0.001557460935	0.001258219608
	0.0007794837036	0.000646222498	0.001557460935	0.0005074278472	0.0005265855674
	0.0004878543469	0.0004793444855	0.0004524003581	0.0004524003581	0.000444635008
	0.0004361376119	0.0004456104443	0.0004513619569	0.000444635008	0.000539069722
	0.002498745978	0.004945972913	0.004945972913	0.002855607766	0.001938471829
	0.0004801321024	0.0004615654114	0.0004499918011	0.000539069722	0.0005963069449
	0.0006538644114	0.001332262014	0.001865896785	0.001532814839	0.001768830143
	0.001768830143	0.002231272066	0.001865896785	0.001429902548	0.001053607676
	0.001053607676	0.0006538644114	0.0009273481669	0.0008123508973	0.001152430676
	0.0008955971689	0.000805256496	0.0005817637964	0.0005552218962	0.000646222498
	0.001230089352	0.001230089352	0.0008623199085	0.000945636666	0.000646222498
	0.001938471829	0.001478693363	0.0004793444855	0.0004867935939	0.0005074278472
	0.0005269552402	0.0004793444855	0.0004685467662	0.000444635008	0.0004774778714
	0.0004774778714	0.0004739539375	0.0004513619569	0.000539069722	0.002455515022
	0.00333835818	0.003248365814	0.002285002316	0.00537562097	0.0007139841944
	0.0005052551062	0.000491259015	0.000580059191	0.000580059191	0.0006634675757
	0.00150994797	0.001865896785	0.001670041537	0.001508974449	0.002336461768
	0.001833117316	0.001273543972	0.001152430676	0.0008040220853	0.001152430676
	0.000897516314	0.001012050022	0.000897516314	0.0008906810003	0.0005566202724
	0.0005566202724	0.0006174814402	0.0007123657323	0.001230089352	0.001352266196
	0.000945636666	0.000945636666	0.001608498428	0.001352266196	0.0004948959427
	0.0005129385731	0.0005129385731	0.0005269552402	0.0005322832235	0.0004940561505
	0.0004685467662	0.0004663437994	0.0004774778714	0.0004739539375	0.0004911277618
	0.0005677753194	0.002323114674	0.003248365814	0.002417991147	0.002490513746
	0.003743448411	0.001892669717	0.0005714040239	0.000491259015	0.0006065203791
	0.0006320110613	0.0007987569128	0.001508974449	0.001833117316	0.001420184569
	0.001584857125	0.001966863798	0.001976567603	0.001249499525	0.0008082411624
	0.001114165045	0.000897516314	0.0008906810003	0.0005566202724	0.0006319141891
	0.0007123657323	0.000865974349	0.001160302761	0.0009738601532	0.00234133713
	0.001733958387	0.001733958387	0.0005577635753	0.0005290776115	0.0005129385731
	0.0005952388706	0.0005322832235	0.0005322832235	0.0004940561505	0.0005211598534
	0.0005279336877	0.0005242023768	0.0005279336877	0.0005952388706	0.002490513746
	0.002937093513	0.002937093513	0.003281716353	0.005857678143	0.005857678143
	0.0006617316796	0.0007003859944	0.00165589328	0.0006630124672	0.0006320110613
	0.0007529690218	0.0007987569128	0.001584857125	0.001855463566	0.001381159078
	0.001584857125	0.001855463566	0.001235431403	0.0009846755555	0.001114165045
	0.0009846755555	0.0006319141891	0.0006319141891	0.0008123464688	0.0008123464688
	0.001158363014	0.001158363014	0.001632157115	0.001632157115	0.00165589328
	0.0005508777632	0.0005577635753	0.0005909240069	0.0005952388706	0.0005420489166
	0.0005396837305	0.0005454288629	0.0005508777632	0.0005279336877	0.0005673206257
	0.0007177597736	0.002247914357	0.003889448854	0.002582401953	0.002937093513
	0.00292167212	0.006006355644	0.002813818408	0.002813818408	0.001849175875
	0.0007177597736	0.0007220861	0.0008745622889	0.0008742825151	0.001381159078
	0.001850939922	0.001680667302	0.001381159078	0.002247914357	0.001850939922
	0.001235431403	0.0009846755555	0.0009820856925	0.0007569549686	0.0006785069408
	0.0008123464688	0.0007569549686	0.00102874319	0.001158363014	0.001587732974
	0.001632157115	0.001587732974	0.0005841593636	0.0005841885436	0.000593639395
	0.0006639911636	0.0006673146061	0.0006192017229	0.000608113409	0.0006673146061
	0.000605363303	0.0005841593636	0.000605363303	0.0007177597736	0.003145996614
	0.003670552022	0.002247914357	0.002897062274	0.002391444715	0.003145996614
	0.001849175875	0.002887029436	0.0008685782196	0.0009632342509	0.0008685782196
	0.001502164901	0.001537440658	0.001680667302	0.001894432196	0.001894432196
	0.00134643901	0.0009633680658	0.0006639911636	0.0006639911636	0.0007569549686
	0.0009581776016	0.0008059689708	0.001093134291	0.001093134291	0.001796513491
	0.001258437643	0.001103023117	0.0005841593636	0.0006072485331	0.0006767732397
	0.0006673146061	0.0006586370974	0.0006419871498	0.0006802312878	0.000605363303
	0.0006231369695	0.0006242880797	0.0008542800352	0.003770425783	0.004692821855
	0.003670552022	0.002110762248	0.002660874322	0.004310300282	0.0006483116985
	0.002127147458	0.0006419871498	0.0008685782196	0.001056252705	0.0009632342509
	0.001347153426	0.001509533658	0.001692127191	0.001841793246	0.002048629766
	0.001195150338	0.0007189828228	0.0007489941999	0.0008059689708	0.0009546691209
	0.001081897819	0.001281228916	0.001093134291	0.001796513491	0.001248102296
	0.0006072485331	0.0006767732397	0.0006767732397	0.0007134396377	0.0007273247602
	0.0007134396377	0.0006700040265	0.0006719323795	0.0008542800352	0.003983997936
	0.003983997936	0.003983997936	0.002647912997	0.002321565619	0.00337683387
	0.0008733325527	0.001912309356	0.002032139267	0.001912309356	0.0007682004043
	0.000850049049	0.0007273247602	0.001161516668	0.0009520293849	0.0009487178964
	0.001334587353	0.001509533658	0.001649871009	0.001649871009	0.001822034404
	0.002286518802	0.001161516668	0.000708815198	0.0008220507913	0.0008595968063
	0.0009546691209	0.001281228916	0.001281228916	0.001248102296	0.0006944559548
	0.0006944559548	0.000708815198	0.0007682004043	0.0009341468543	0.0007194994231
	0.0007411848914	0.0008513217917	0.003701248543	0.00260679496	0.003758345379
	0.00260679496	0.003701248543	0.004829934411	0.0008733325527	0.002092885483
	0.002092885483	0.001715449384	0.0007428530318	0.0009341468543	0.0007378986287
	0.0007814718118	0.001161516668	0.001156306144	0.001613906668	0.001613906668
	0.001794179514	0.002333820677	0.002727116958	0.001292399466	0.00157587467
	0.0007910105647	0.0009445816844	0.0009445816844	0.00113448645	0.001383648909
	0.0006944559548	0.0007910105647	0.0007758885905	0.0008524366804	0.0009341468543
	0.0007411848914	0.001031113785	0.003701248543	0.003018551321	0.00260679496
	0.007011039401	0.00550929632	0.002417680034	0.001479777646	0.002092885483
	0.002087039447	0.001031113785	0.000734646209	0.0008524366804	0.001138704019
	0.001292399466	0.001613906668	0.001794179514	0.002117387927	0.002627100506
	0.002727116958	0.001421008759	0.00157587467	0.0007910105647	0.0009445816844
	0.001479777646	0.001025372634	0.001140810025	0.0007434388381	0.0008398924256
	0.0008489903552	0.0008524366804	0.001134776041	0.0007762324262	0.001138704019
	0.003168494207	0.003018551321	0.003572197971	0.002417680034	0.001562220896
	0.001193576967	0.002344205594	0.002344205594	0.001122815055	0.0008802667877
	0.0009239570284	0.001412047779	0.001412047779	0.00263031634	0.001795909261
	0.001966766799	0.002223180126	0.002627100506	0.001586055713	0.0008398924256
	0.0009928873168	0.001193576967	0.001025372634	0.0008807648728	0.0009227330019
	0.0009316847396	0.000928762387	0.001122815055	0.0009316847396	0.001277707108
	0.003572197971	0.003168494207	0.002926511241	0.004505343285	0.0007154081157
	0.001252557344	0.001252557344	0.002436516395	0.001323274489	0.0009630831207
	0.001315547124	0.001149426386	0.001412047779	0.001586055713	0.002926511241
	0.001923426038	0.001923426038	0.002168056257	0.001586055713	0.0009227330019
	0.0009928873168	0.001119236422	0.001189659469	0.0009630831207	0.0009316847396
	0.00114969741	0.001039253196	0.001569507236	0.001464378775	0.002926511241
	0.003459107913	0.003848990369	0.002455221681	0.0007360121945	0.001291421396
	0.001192045098	0.00247273324	0.00247273324	0.0009630831207	0.001315547124
	0.00114969741	0.003829731999	0.001785871457	0.002663326794	0.00201997908
	0.002071244976	0.00201997908	0.001126503488	0.001192045098	0.001192045098
	0.001171160293	0.001210087267	0.001140435859	0.001313505707	0.001328886721
	0.001569507236	0.001464378775	0.002663326794	0.003459107913	0.003581080639
	0.001988006447	0.001988006447	0.001973338414	0.00247273324	0.001973338414
	0.001245935034	0.001313505707	0.001293766599	0.003999848111	0.001828885861
	0.002319098538	0.00201997908	0.00220964503	0.001288153459	0.001546683472
	0.001287436554	0.001245935034	0.001293766599	0.001479520784	0.001245935034
	0.001828885861	0.001455673083	0.002874176304	0.003142495701	0.003637463506
	0.002870426759	0.002175848981	0.001973338414	0.001493569009	0.001844501115
	0.008039616075	0.001828885861	0.002343298285	0.002532845103	0.001546683472
	0.001714829522	0.001287436554	0.001533053584	0.001479520784	0.001479520784
	0.001533053584	0.002148142825	0.001834904422	0.00303576217	0.00361765417
	0.0001621105172	0.002655449909	0.001844501115	0.002069527316	0.004975434439
	0.00303576217	0.002532845103	0.002532845103	0.002215428385	0.001543956371
	0.001712825839	0.001543956371	0.001533053584	0.001993754485	0.00168746619
	0.001993754485	0.00361765417	0.0001202160517	0.002226607613	0.002226607613
	0.0081938107	0.002536137135	0.002215428385	0.002584079983	0.002036044446
	0.001972395304	0.002329167042	0.002809227537	0.001972395304	0.002074090475
	0.00375957229	0.002417896156	0.002226607613	0.002565015087	0.00284791361
	0.00557261997	0.002902868488	0.002902868488	0.00223040803	0.001972395304
	0.002853624823	0.002074090475	0.002074090475	0.00375957229	0.0002492286342
	0.002379307552	0.001966893048	0.002902868488	0.00223040803	0.002416299765
	0.002416299765	0.006485192848	0.002512376317	0.001966893048	0.003607463098
	0.002512376317	0.00284627369	0.001407607199	0.002687763164	