5884	
	1.999801198	2.000265665	2.000265665	2.00181453	2.000952171
	1.99829278	1.995950311	2.00181453	2.000237792	1.99829278
	1.99829278	1.99321022	2.002047978	2.002047978	2.001902248
	2.000866236	2.000237792	1.998024766	1.99321022	1.99321022
	2.002228772	2.002583785	2.002228772	2.004838615	2.000166748
	2.000146623	2.000146623	1.995385973	1.990260235	2.003030129
	2.005325256	2.002228772	2.004838615	2.008608455	2.005031909
	2.000442585	1.997841289	1.993755278	1.993755278	1.999159557
	1.999102634	2.002011213	1.996087377	2.008608455	2.008337677
	1.999604584	2.005031909	2.008337677	2.005031909	2.000442585
	2.000442585	2.001626594	1.993755278	1.988387721	1.985886369
	2.001758302	1.996179937	1.996087377	1.996087377	2.014894946
	2.006313743	2.023202472	1.999784876	1.985333487	2.006280891
	2.019823495	2.006280891	2.001626594	2.025411476	2.006240097
	1.992863389	1.989655517	1.982534997	1.996179937	1.999784876
	1.991630777	2.004639368	2.026345871	2.026345871	2.036202743
	1.97740708	1.980205583	2.019823495	2.019823495	2.020121698
	2.006240097	2.025411476	2.003987031	1.995843093	1.987223992
	1.982534997	2.004639368	1.997982995	1.974555438	2.030495437
	2.005056504	2.036202743	2.026345871	2.036302734	2.036202743
	2.040249172	1.980205583	1.980205583	2.035608008	2.016691368
	2.01387075	2.052218321	2.035608008	1.995843093	2.016127476
	1.995843093	1.982240871	1.982240871	2.005056504	1.994500767
	1.974555438	2.030495437	2.036302734	2.044143108	2.02955796
	2.05680314	2.05680314	1.969815432	1.955157466	2.071803697
	2.071803697	2.035608008	2.03941914	2.058688059	2.06283476
	2.034655726	2.00664749	2.00664749	2.06283476	1.991934979
	1.976589624	1.977908296	1.964589645	2.00894115	1.995930938
	2.02955796	2.074132021	2.067417703	2.037085133	2.100666864
	2.074132021	1.941277576	1.941277576	2.104681324	2.104681324
	2.100666864	2.049467822	2.06283476	2.034655726	2.022902546
	2.00664749	2.099402578	1.976589624	1.976589624	1.949119367
	1.94191451	1.970321883	2.000091436	2.00894115	2.037085133
	2.096229429	2.037085133	2.067417703	2.129823594	2.104927406
	2.155934038	1.938192307	1.91899724	2.104681324	2.149888987
	2.119338336	2.184507096	2.055168005	2.064705186	2.045508151
	2.045508151	2.007538307	2.099402578	2.099402578	1.984640091
	1.957774427	1.932618322	1.946866285	2.002060072	1.975052615
	2.029190629	2.029190629	2.104927406	2.068093538	2.068093538
	2.155934038	2.124025233	2.155934038	1.938192307	1.91899724
	2.149888987	2.184507096	2.237669044	2.201460886	2.149888987
	2.152162752	2.092207315	2.060253504	2.03003612	2.00512147
	2.110494016	2.117610579	1.975763366	1.975763366	1.932618322
	1.946866285	1.946866285	2.02196866	1.975052615	2.02196866
	2.07756012	2.124025233	2.106837106	2.045796016	2.15366815
	2.124025233	2.150831228	2.231365034	1.911486978	1.88073301
	2.237669044	2.171457866	2.201460886	2.237669044	2.201460886
	2.19912306	2.110494016	2.061021285	2.007740183	2.00512147
	2.110494016	2.151550885	1.965114717	1.965114717	1.889340679
	1.916565422	1.94926955	1.983764925	2.015253986	2.079595264
	2.106837106	2.106837106	2.045796016	2.009814005	2.205908986
	2.205908986	2.152292347	2.231365034	2.277447539	1.88073301
	1.88073301	2.288882537	2.179952679	2.222932383	2.288882537
	2.230895001	2.186024428	2.061021285	2.061021285	2.030450139
	2.027523326	2.097540661	2.179952679	1.993588523	1.90999627
	1.865130526	1.902209805	1.942456127	1.979050659	2.009814005
	2.009814005	2.079595264	2.135571721	2.08151067	2.07550815
	2.205908986	2.202939036	2.165757539	2.28026855	2.299128676
	2.299128676	1.848517416	1.902209805	1.848517416	2.336640017
	2.336640017	2.194949335	2.232958387	2.312852276	2.293476977
	2.254307773	2.254307773	2.098391473	2.030450139	2.030450139
	1.985442849	2.13729858	2.177245524	1.940326212	1.865130526
	1.865130526	1.902209805	1.963453965	1.963453965	2.022987733
	2.032648349	2.129896607	2.129896607	2.07550815	2.230105034
	2.199890487	2.199890487	2.28026855	2.346786899	2.324912482
	1.883425524	1.848517416	1.860126629	1.840439828	2.380008935
	2.380008935	2.411658635	2.370178803	2.336640017	2.312799444
	2.176477215	2.304039686	2.304039686	2.254307773	2.25686676
	2.101442134	2.064953303	2.064953303	1.940326212	2.135763759
	2.18771819	1.940326212	1.833156866	1.801411908	1.949682382
	1.977840785	1.981155783	2.022987733	2.169089524	2.060297186
	2.129896607	2.231992596	2.201928897	2.201928897	2.290780988
	2.378973598	2.290780988	2.371181297	2.415311361	1.903318498
	1.877304726	1.842363017	1.842363017	1.806932597	2.380008935
	2.425338943	2.415311361	2.409791698	2.445544704	2.373846841
	2.358082396	2.18771819	2.334432965	2.334432965	2.271444748
	2.326452694	2.101442134	2.064953303	2.015243751	2.025554734
	2.105867875	2.18771819	1.905980148	1.954279299	1.841899275
	1.839460467	1.980890061	2.003298813	1.980890061	2.070780752
	2.152654426	2.097046146	2.152654426	2.034434883	2.269849159
	2.201928897	2.371181297	2.272915827	2.323634203	2.192955823
	2.429701004	2.416569303	2.401204021	2.380601697	2.415311361
	1.94144397	1.904762137	1.869320999	1.833644778	1.833317159
	1.791494466	2.40313125	2.429701004	2.429701004	2.409791698
	2.425338943	2.409791698	2.445544704	2.373846841	2.421019317
	2.361982488	2.225139016	2.293120852	2.334432965	2.293120852
	2.101511638	2.101511638	2.010866388	2.150950941	2.200135481
	2.010866388	1.905980148	1.954279299	1.841899275	1.813499532
	1.980890061	2.003298813	2.090944483	2.152654426	2.141357138
	2.087968926	2.031257637	2.209126757	2.247303227	2.366062291
	2.272915827	2.253455302	2.22268656	2.353461404	2.353461404
	2.364279983	2.393963271	2.393963271	2.358714354	1.904762137
	1.869320999	1.869320999	1.805937876	1.821159486	1.79075482
	2.127818876	2.390596908	2.390596908	2.479806648	2.479806648
	2.497598819	2.437388625	2.472768217	2.437388625	2.359711171
	2.409168125	2.468934772	2.413478171	2.240804869	2.325633911
	2.359711171	2.359711171	2.101511638	2.010866388	2.240804869
	2.150950941	2.16245834	2.047534011	1.993517125	1.868514278
	1.939733196	1.788722808	1.69736437	1.952240379	1.992595304
	2.141357138	2.087968926	2.087968926	2.031257637	2.031257637
	1.744821006	2.061823199	2.209126757	2.327718792	2.253455302
	2.326782101	2.253455302	2.182555477	2.358448121	2.323629546
	2.323629546	2.393963271	2.327718792	1.907521774	1.866985585
	1.821159486	1.791714284	1.791714284	1.768161001	2.638336418
	1.803858502	2.233493874	2.348070703	2.390596908	2.479806648
	2.526992226	2.526992226	2.468934772	2.505344331	2.413478171
	2.409168125	2.468934772	2.413478171	2.240804869	2.325633911
	2.375079321	2.104350333	2.106142956	2.209384249	2.265410311
	2.209384249	2.047103701	1.993517125	1.849195181	1.849195181
	1.764277367	1.69736437	1.904654989	1.985578842	2.191484533
	2.142025454	2.079542486	2.05421503	2.015436574	2.51209616
	1.608667461	2.061823199	2.216158566	2.340960744	2.326782101
	2.245306595	2.274641744	2.191484533	2.191484533	2.323629546
	2.216158566	2.343775144	2.236453633	2.352661433	1.904654989
	1.85237382	1.833026244	1.791714284	1.78700721	1.768161001
	2.88874682	2.233493874	2.348070703	2.411697988	2.411697988
	2.491956521	2.508191794	2.500000803	2.500000803	2.500458058
	2.420852919	2.452206123	2.360507755	2.375079321	2.360507755
	2.106142956	2.094273435	2.304622673	2.204212943	2.047103701
	1.968915151	1.764277367	1.898954988	1.764277367	1.736293286
	1.903651	1.923793381	2.072949569	2.153991267	2.072949569
	2.020233256	1.979801161	2.51209616	1.54470816	2.014875487
	2.062230448	2.262197997	2.273497945	2.188329235	2.128665953
	2.185856698	2.259454108	2.236453633	2.236453633	2.185856698
	1.85237382	1.874743269	1.85237382	1.800165254	1.760637797
	1.771463732	1.760637797	3.108960836	2.127271809	2.501459223
	2.501459223	2.514690032	2.528647291	2.551593412	2.498287521
	2.452206123	2.422458499	2.452206123	2.348266344	2.387235958
	2.357052203	2.265661962	2.094273435	2.094273435	2.204212943
	2.036334664	2.0395255	1.898954988	1.830236445	1.883578214
	1.736293286	1.716001071	1.874743269	1.903651	1.945716202
	2.072949569	2.128665953	2.08248744	2.020233256	1.991235637
	1.969006428	2.293437227	1.511849998	2.062230448	2.062230448
	2.222551698	2.11312256	2.185856698	2.222551698	2.194168073
	2.161049389	1.874743269	1.859956124	1.800165254	1.800165254
	1.762477339	1.74206538	1.724835118	3.487932698	2.298605327
	2.501459223	2.514690032	2.514690032	2.498287521	2.550402708
	2.498287521	2.471371828	2.467284194	2.387235958	2.57283738
	2.265661962	2.364399301	2.364399301	2.265661962	2.418776192
	2.146860987	2.209115223	2.016523508	2.085520824	1.957516953
	1.797533239	1.797533239	2.052487708	1.79666745	1.690184271
	1.844314661	1.945716202	2.052487708	2.11312256	2.03198799
	2.006091492	1.950631639	1.969006428	2.467515044	1.503093087
	1.9051818	2.018562879	2.105617405	2.047092634	2.105617405
	2.034962521	2.199455522	2.161049389	1.844314661	1.840609533
	1.804579661	1.822317333	1.775076098	1.74206538	1.74206538
	1.71704866	3.42665919	2.342468032	2.655182236	2.647581667
	2.623124468	2.590534579	2.623124468	2.458198279	2.471371828
	2.537693461	2.546235295	2.209115223	2.31071317	2.364399301
	2.39398408	2.085520824	2.211408292	2.016280864	2.085520824
	1.957516953	2.138365634	1.797533239	1.867304222	1.676059328
	1.557228682	2.047092634	1.882671902	1.857669106	2.03198799
	2.052802441	1.96075888	1.935621412	1.898187574	2.467515044
	1.471066239	1.9051818	2.034962521	2.105617405	2.047092634
	2.08656517	2.085673954	1.822317333	1.824763235	1.782423877
	1.776811969	1.822317333	1.775076098	1.71704866	1.729917168
	1.753440991	2.458198279	3.720866061	2.535026187	2.675303341
	2.714424061	2.623124468	2.59690343	2.458680574	2.546235295
	2.329631765	2.443646242	2.31071317	2.324976561	2.31071317
	2.211408292	2.08164045	2.009997249	1.936157055	2.08164045
	1.77103539	1.77103539	1.661280935	1.661280935	2.00803773
	2.020350981	1.864883779	1.96075888	1.96075888	1.935621412
	1.848593823	2.373422984	1.537868309	1.960456362	2.035127978
	2.085673954	2.019354003	1.839382532	1.839382532	1.776811969
	1.771510788	1.776811969	1.803277298	1.737249113	1.753440991
	1.74823956	1.753440991	2.464848692	2.507538304	4.031539179
	2.841511338	2.769538511	2.769538511	2.59690343	2.59690343
	2.583953583	2.372659139	2.433013663	2.520585303	2.272246697
	2.272246697	2.208163976	2.08164045	2.003292072	1.85658307
	2.208163976	1.764153021	1.85658307	1.654614402	1.54462628
	1.934038059	1.984056085	1.917269838	1.815150056	1.934038059
	1.889561802	2.373422984	1.885765048	1.93666592	1.93666592
	1.984056085	1.784575442	1.839382532	1.753681139	1.771510788
	1.749857705	1.749857705	1.74922813	1.758675549	1.739656086
	1.707666395	1.730385718	1.756334469	2.583953583	4.031539179
	2.750706585	2.769538511	2.844832505	2.703171478	2.703171478
	2.433013663	2.520585303	2.520585303	2.463164634	2.345557834
	2.272246697	2.208163976	2.063042182	2.003292072	1.85406776
	2.063575938	1.76031965	1.85406776	1.76031965	1.54212322
	1.934038059	1.917269838	1.917269838	1.803526421	1.808539429
	1.855737729	2.723403559	1.877390396	1.908512247	1.93666592
	1.889315558	1.803526421	1.783492292	1.783492292	1.803526421
	1.726701473	1.749857705	1.758675549	1.752527255	1.732692285
	1.725964238	1.739358006	1.730385718	1.730385718	1.761686167
	2.632405551	2.716327214	4.045476438	2.783236441	2.844832505
	2.792018233	2.792018233	2.367680646	2.400941981	2.463164634
	2.632405551	2.25510319	2.327039957	2.205609874	2.079780973
	2.079780973	2.007158988	2.079696748	1.76031965	1.848376236
	2.00602268	1.656907842	1.65404332	1.908512247	1.870984728
	1.875541593	1.760785906	1.855737729	1.870984728	2.648208659
	1.904967166	1.846668178	1.904967166	1.846668178	1.752527255
	1.775392552	1.783492292	1.718879441	1.726701473	1.723138155
	1.73120753	1.732692285	1.707811801	1.731913762	1.725964238
	1.737943552	1.744521355	1.737943552	1.761686167	1.761686167
	2.651523944	2.713037604	2.835498893	4.464329237	3.248436486
	2.895276174	2.835498893	2.400941981	2.400941981	2.552316401
	2.543774704	2.381375125	2.314723634	2.291113846	2.217151495
	2.00602268	2.077662391	2.00602268	2.077662391	1.856400653
	1.764435295	1.93503786	1.676275383	1.676275383	1.895533805
	1.825699506	1.73986099	1.760785906	1.825699506	2.679151046
	1.904967166	1.846668178	1.880643994	1.722774982	1.707761832
	1.718879441	1.745438305	1.73120753	1.73120753	1.698219311
	1.704815832	1.711673845	1.705886076	1.743958455	1.752769748
	1.708890855	1.753392741	1.753392741	2.713037604	2.794997809
	2.999785371	4.553529047	3.324660588	2.999785371	2.441384193
	2.556763903	2.538716668	2.752002496	2.360196785	2.28688973
	2.217151495	2.010424669	2.077662391	2.152162476	2.156173505
	2.156173505	1.770831685	1.865273906	1.866763864	1.676275383
	1.770831685	1.699985324	1.699985324	1.818312064	1.7545483
	1.73986099	1.774984127	2.679151046	1.87518344	1.880643994
	1.818312064	1.711673845	1.664572751	1.765047194	1.733976766
	1.7069982	1.67441875	1.698219311	1.741561868	1.718962183
	1.67441875	1.704815832	1.704815832	1.753036234	1.719752298
	1.725006615	1.725006615	1.72332027	1.75273366	1.758126573
	1.758619633	1.720322504	2.790803197	2.794997809	3.21734652
	4.848516471	3.230045747	2.441384193	2.538716668	2.538716668
	2.790803197	2.556763903	2.28688973	2.280716715	2.2826683
	2.015579963	2.076519969	2.145739363	2.225276414	1.770831685
	2.029731883	1.885555752	1.885555752	1.825475634	1.825475634
	1.72702982	1.818312064	1.824807707	3.117086731	1.883569664
	1.904649595	1.664572751	1.739793276	1.664572751	1.714422016
	1.7069982	1.67441875	1.713475871	1.70086393	1.686002112
	1.686002112	1.756701802	1.758619633	1.719752298	1.725006615
	1.713475871	1.728648118	1.7558008	1.752311515	1.758619633
	2.790803197	3.080754069	3.230045747	4.848516471	2.447249056
	2.769037188	2.552027964	2.89364751	2.769037188	2.280716715
	2.280716715	2.225276414	2.029731883	2.145739363	2.145739363
	2.124030151	2.234140392	1.972580205	2.029731883	1.885555752
	1.824807707	1.627005613	1.828492198	1.851183287	1.851183287
	1.904649595	1.739793276	3.186508554	1.985552929	1.717784127
	1.747186303	1.747186303	1.704048361	1.685013904	1.722229119
	1.70086393	1.70086393	1.730852993	1.76130445	1.750317293
	1.777270382	1.724468303	1.715917017	1.752200545	1.724468303
	1.737377579	1.755648558	3.080754069	3.080754069	4.864147934
	2.447249056	2.767789068	2.447249056	2.64865795	2.932885287
	2.366541361	2.367136523	1.972580205	2.029697721	2.172362714
	2.241216518	2.128651792	2.186549158	1.992035592	1.797756898
	1.76308484	2.035418088	1.851183287	1.759710738	1.768117961
	2.003085083	1.92313325	1.826020821	3.210505894	1.671523845
	1.685013904	1.747186303	1.738746217	1.703308076	1.685013904
	1.722229119	1.715917017	1.730852993	1.782773379	1.792280765
	1.781343592	1.782763558	1.715917017	1.752200545	1.772496061
	1.792395356	1.722938692	2.932885287	3.315280471	4.864147934
	2.366541361	2.5415895	2.767789068	2.542875948	3.098537343
	2.366541361	2.30529883	2.376062266	2.087153846	2.241216518
	2.172362714	2.207188496	2.207188496	2.087153846	2.105326474
	1.836753872	1.836753872	1.918835884	2.038608362	2.053133566
	1.782695065	1.790664185	1.790664185	1.788028638	1.92313325
	1.92313325	1.80118499	3.277385713	1.725645178	1.705177965
	1.79226003	1.738746217	1.706316571	1.73403876	1.705927709
	1.705927709	1.7678244	1.73666896	1.760904638	1.782773379
	1.782773379	1.792280765	1.810826017	1.792157671	1.77981633
	1.792157671	1.804789	1.808973054	3.349603946	3.349603946
	5.146480881	2.552442929	2.92211388	2.66080804	2.92211388
	3.084456969	2.376062266	2.332183138	2.552442929	2.207558099
	2.274504101	2.207558099	2.332183138	2.167312995	2.167312995
	1.881285577	1.881285577	1.956680747	2.075986286	2.113690947
	2.078958553	1.820614955	1.774026833	1.790664185	1.788891758
	1.82366061	1.915383429	1.824662738	1.915383429	3.651762557
	1.705115649	1.705177965	1.739602258	1.857570825	1.817912193
	1.733366161	1.775314337	1.775314337	1.768340561	1.776987852
	1.798103068	1.810826017	1.804789	1.812589172	1.809403479
	1.763268667	1.803291778	1.837838318	3.349603946	6.305413183
	2.552442929	2.778312211	2.92211388	2.778312211	3.084456969
	2.472699108	2.472699108	2.207558099	2.234795012	2.352905844
	2.274504101	2.446944016	2.193038402	1.870744241	1.881285577
	1.886071553	2.11290512	2.163477607	2.163477607	1.827715731
	1.85160935	1.816694619	1.829470187	1.860931215	1.851311629
	1.915383429	2.013095033	3.280094859	1.739602258	1.739602258
	1.896016006	1.817912193	1.802839238	1.837838318	1.807599644
	1.776987852	1.776987852	1.761999546	1.862423969	1.881491082
	1.883865445	1.883865445	1.848658704	1.855079464	1.837838318
	1.848658704	1.832175308	1.86061432	3.114334495	4.939910168
	2.555361229	2.774467142	2.778312211	2.772257257	3.102723898
	2.472699108	2.258208467	2.322033733	2.272107327	2.352905844
	2.446944016	2.258208467	2.258208467	2.557487072	1.93081717
	2.031022604	2.031022604	2.088662953	2.194693869	2.194693869
	1.840048942	1.85160935	1.877893462	1.867926238	1.851311629
	1.881140096	1.881140096	1.899680052	2.013095033	3.280094859
	1.789663144	1.773969755	1.980963039	1.842460227	1.807599644
	1.773969755	1.842460227	1.862423969	1.895570345	1.917961704
	1.949503811	1.904432087	1.904432087	1.86061432	1.868166505
	1.930805948	1.887449827	3.265980442	4.938217186	2.772652322
	2.760666667	2.760666667	2.889557122	2.460704632	2.557487072
	2.324729436	2.354644469	2.373202416	2.460704632	2.248006325
	2.324729436	2.557487072	2.685665518	2.031239227	2.031239227
	2.031022604	2.170108889	2.170108889	2.194693869	2.261146635
	2.343433545	1.888587031	1.907024947	1.937202249	1.848444985
	1.884955421	1.915166894	1.895417015	1.937202249	1.967780906
	1.976306215	1.967780906	1.899680052	1.881140096	1.934228675
	1.899680052	1.980963039	3.18306292	1.852335477	1.817576792
	1.909419163	1.820053063	1.842460227	1.885320161	1.812480297
	1.921783079	1.974498941	1.949503811	1.917961704	1.999363772
	1.904432087	1.910496937	1.930805948	1.971706156	3.19313831
	4.777373247	2.742758341	2.858796918	2.988236445	2.460704632
	2.554399291	2.429174318	2.429174318	2.474356011	2.484507209
	2.300947176	2.554399291	2.610909984	2.5683826	2.16142272
	2.031239227	1.98903734	2.16142272	2.170108889	2.32330754
	2.245319605	2.300947176	2.343433545	2.357332389	1.911455012
	1.927125607	1.937624084	1.895417015	1.894350649	1.939713583
	1.911455012	1.999560691	1.988720121	1.991690087	2.003369948
	1.95195824	1.976306215	1.964941587	1.976306215	2.001176625
	1.999560691	1.962139285	1.934228675	1.934228675	1.986124134
	1.927610896	3.276871233	1.834140208	1.880290553	1.880290553
	1.849187762	1.885320161	1.885320161	1.880486685	1.962139285
	1.974498941	2.029298768	1.999363772	1.98671499	1.977010238
	1.98671499	1.971706156	3.137031177	4.777373247	2.858796918
	2.742758341	2.988236445	2.539968304	2.429174318	2.4747049
	2.539968304	2.656332727	2.656332727	2.583561602	2.193792272
	2.195183343	2.158526623	2.128455564	2.341259207	2.230236614
	2.307194955	2.307194955	2.357332389	2.442818626	2.357332389
	1.911455012	1.927125607	1.941552287	1.909107744	1.967292948
	1.988713544	1.954170028	1.999560691	1.996041285	2.000186485
	1.992870953	1.964941587	1.985122867	1.965059152	2.005038565
	2.005038565	2.000392099	2.001667518	2.003396308	1.997621091
	2.00012732	2.017541841	2.00172942	1.99966266	1.99966266
	1.88888971	3.001237197	1.849187762	1.880290553	1.849187762
	1.893488858	1.980361297	1.924925399	2.034069164	2.017541841
	2.078232553	2.058307469	1.98671499	2.028883902	2.053142545
	3.081200613	4.726247358	2.857485909	2.72666763	2.874379113
	2.539968304	2.442818626	2.4747049	2.66773206	2.583561602
	2.583561602	2.193792272	2.193792272	2.228046751	2.199281504
	2.174883836	2.341259207	2.341259207	2.322751658	2.322751658
	2.481180078	2.400287162	2.448639084	1.971992523	1.971992523
	1.961629002	1.967292948	2.00030731	1.988713544	1.964438423
	2.002781937	1.996489905	1.996489905	1.994018439	1.978290419
	1.978290419	2.000953459	2.000392099	1.999808506	2.003396308
	2.00188141	2.00010744	2.00188141	1.999932901	2.00012732
	2.001527227	2.017541841	2.016637917	1.99966266	2.029705488
	1.826071454	3.001237197	1.911006377	1.86387847	1.911006377
	2.028883902	2.039593949	2.039593949	1.974337395	2.058307469
	2.078232553	2.047456484	2.078232553	2.100357804	2.100357804
	2.040315054	2.874379113	4.48495641	2.767762486	2.72666763
	2.789113592	2.613825451	2.526243348	2.613825451	2.57295756
	2.403794769	2.644869036	2.317228458	2.292584529	2.2359477
	2.203152237	2.223776092	2.214445467	2.396450972	2.330013883
	2.322751658	2.526243348	2.454200781	2.458717681	1.971992523
	2.001486713	2.001486713	2.00030731	2.00030731	2.056261261
	1.991227796	2.005693424	2.005693424	1.994018439	1.987424819
	1.993331125	2.000953459	2.001527227	1.998388394	1.998347424
	2.001306705	2.00188141	1.998868369	2.004425183	2.001527227
	2.058536471	2.056261261	2.098608209	1.677207068	2.841725017
	1.911006377	1.941824513	1.974337395	2.093419317	2.039593949
	2.049799525	2.10429144	2.088981867	2.132621184	2.132621184
	2.100357804	2.127923687	2.721027141	3.952518119	2.741727044
	2.642141182	2.789113592	2.57295756	2.539039775	2.560464751
	2.521612477	2.425360822	2.425360822	2.608586581	2.317228458
	2.317228458	2.292584529	2.301212407	2.223776092	2.214445467
	2.214445467	2.642141182	2.396450972	2.383664569	2.539039775
	2.487135805	2.500270076	1.991227796	2.025715937	2.004523852
	2.102070428	2.068574475	2.005385261	2.068574475	2.014003902
	2.005693424	2.003786318	2.003786318	2.024713605	2.009614331
	2.007766668	2.005239388	1.998347424	1.998347424	2.003263194
	2.00000823	2.00000823	2.004425183	2.003377662	2.009614331
	2.098608209	2.098608209	1.677207068	2.585831604	2.005595539
	1.922382374	2.005595539	2.146225921	2.093419317	2.062018005
	2.13871057	2.149208954	2.158999479	2.158246194	2.196079932
	2.18335501	2.721027141	3.678090182	2.642141182	2.61944079
	2.560464751	2.560464751	2.409244798	2.500270076	2.465140718
	2.465140718	2.572700526	2.385166501	2.385166501	2.34522696
	2.328603514	2.329640117	2.30915875	2.309769813	2.577691779
	2.432194877	2.432194877	2.533631507	2.495151154	2.500270076
	2.016185763	2.140943958	2.025715937	2.025193495	2.103874721
	2.068574475	2.047370511	2.047370511	2.016185763	2.038882802
	2.039987212	2.024713605	2.02012201	2.023866863	1.993543351
	1.995720811	2.002634908	1.995720811	2.003377662	2.011413475
	2.02012201	2.011413475	2.149208954	1.922382374	2.89088885
	2.005595539	1.885000333	2.049056563	2.18335501	2.146225921
	2.102736851	2.181337833	2.17870485	2.158999479	2.232455723
	2.232455723	2.220938011	2.70720676	3.588172903	2.670680962
	2.61944079	2.551940317	2.533407967	2.522778864	2.465140718
	2.448560595	2.448560595	2.551940317	2.38447347	2.385166501
	2.34522696	2.34522696	2.328603514	2.30915875	2.352280331
	2.30915875	2.51293565	2.432194877	2.533631507	2.522973878
	2.505456468	2.522973878	2.173047514	2.173047514	2.029054776
	2.033271081	2.140943958	2.07955383	2.07955383	2.106629355
	2.074193315	2.078427367	2.183925388	2.039987212	2.073951611
	2.039987212	2.02012201	1.991492785	1.994726774	1.997939684
	2.00233208	2.021082179	2.011086395	2.019693961	2.019693961
	2.217845037	1.885000333	2.653021473	2.049056563	1.857557957
	2.049056563	2.134829116	2.223924682	2.223924682	2.136550057
	2.217845037	2.243612002	2.266068492	2.278258844	2.260603793
	2.447193529	3.31798631	2.51293565	2.517699466	2.533407967
	2.533407967	2.494099892	2.456826149	2.471811507	2.492520264
	2.441466018	2.388238278	2.388238278	2.408301793	2.392638545
	2.388562648	2.394501813	2.352280331	2.492520264	2.466620829
	2.441466018	2.507724918	2.522973878	2.494099892	2.484073502
	2.504023954	2.232365678	2.183925388	2.041486017	2.041486017
	2.167087452	2.07955383	2.106629355	2.161521463	2.055689325
	2.055689325	2.085552615	2.073537765	2.048999069	1.994726774
	1.993372118	2.001339121	1.998543054	2.026796239	2.021082179
	2.015043332	2.015043332	2.232365678	2.261039684	1.507906445
	2.653021473	2.011824623	1.889824356	2.151014804	2.305414326
	2.243920651	2.280853014	2.261039684	2.266068492	2.266068492
	2.2975118	2.272493744	3.034760988	2.395824212	2.395824212
	2.52391928	2.469415734	2.489290907	2.471811507	2.492520264
	2.43010355	2.413102797	2.413102797	2.433252543	2.425182202
	2.423477502	2.388562648	2.422869618	2.44644835	2.468046524
	2.451277239	2.460778978	2.516936648	2.52391928	2.516936648
	2.489055639	2.473285509	2.481685753	2.232365678	2.203768828
	2.072899232	2.161521463	2.145271925	2.187942391	2.187942391
	2.099866305	2.072248489	2.13563634	2.099866305	2.061035875
	1.993372118	1.993372118	2.053664512	2.008394791	2.020215885
	2.015043332	2.294650227	2.299062959	2.299062959	1.454126396
	2.453569005	2.011824623	1.9579171	2.122687897	2.2975118
	2.280853014	2.262448057	2.327166959	2.339561287	2.2975118
	1.969243494	3.034760988	2.395824212	2.211758807	2.460681044
	2.471339727	2.475820548	2.423679626	2.45138419	2.45138419
	2.450463168	2.457104376	2.454463905	2.423477502	2.423477502
	2.452310486	2.31703654	2.461503272	2.470675817	2.461503272
	2.516936648	2.460681044	2.484593939	2.464308476	2.464308476
	2.481685753	2.279293304	2.263269084	2.091471988	2.091471988
	2.209111317	2.17439149	2.194673159	2.099866305	2.145771039
	2.13193297	2.07645216	1.994095109	1.992345471	1.992345471
	2.053664512	2.053664512	2.008394791	2.020215885	2.294650227
	2.36067067	2.36067067	2.294650227	1.9579171	2.29314218
	2.086304199	2.019170606	2.304286469	2.336733274	2.344480369
	2.304286469	2.327166959	2.36192336	2.36192336	2.211758807
	2.663948628	2.231048866	2.231048866	2.415563027	2.46237157
	2.462079885	2.382945913	2.470675817	2.471635785	2.492382245
	2.47801477	2.499542881	2.476900224	2.491729476	2.488504618
	2.31703654	2.452507243	2.464843241	2.470675817	2.450101856
	2.442078979	2.397463781	2.464308476	2.442611153	2.42543599
	2.462079885	2.435218385	2.263269084	2.238651422	2.091471988
	2.13569698	2.160991711	2.234510894	2.194673159	2.194673159
	2.160991711	2.07645216	2.090929344	1.992174517	1.992345471
	1.999314206	2.005565729	2.048837441	2.035368422	2.012375074
	2.318287012	2.341213094	2.3750431	2.379398945	2.019170606
	2.440044141	2.206684729	2.019170606	2.304286469	2.336733274
	2.365335073	2.365335073	2.36192336	2.37367253	1.865024257
	2.561993477	2.231048866	1.999136548	2.382945913	2.46237157
	2.382945913	2.464843241	2.471635785	2.47801477	2.528943134
	2.523541578	2.476900224	2.546436785	2.476900224	2.470855506
	2.475907508	2.248905616	2.450101856	2.464843241	2.450101856
	2.421839754	2.406414209	2.354067965	2.408690166	2.406414209
	2.385030936	2.400579428	2.435218385	2.310424244	2.253136607
	2.253136607	2.100821484	2.13569698	2.174309555	2.199107939
	2.199107939	2.115023276	2.090929344	2.06493318	2.06493318
	1.990712332	1.990712332	1.994794353	1.994794353	2.054534949
	2.03254631	2.040928941	2.310424244	2.363679305	2.353015437
	2.420207621	2.379398945	1.605275172	2.439971359	2.128469594
	2.148169947	2.301874296	2.389557736	2.412487133	2.409296217
	2.392353938	2.443722495	2.451371784	1.999136548	2.561993477
	2.043025074	2.043025074	2.235463562	2.234601347	2.434135559
	2.470353035	2.486682023	2.492881487	2.543258603	2.570320242
	2.570320242	2.568371004	2.491106296	2.492958854	2.475907508
	2.475907508	2.055670038	2.421839754	2.454729677	2.434135559
	2.421839754	2.406414209	2.350063926	2.336909706	2.364811711
	2.385030936	2.400579428	2.345829053	2.319626065	2.27575076
	2.236855405	2.27575076	2.154968791	2.174309555	2.174309555
	2.117943367	2.117943367	2.070411931	2.339326272	1.98737248
	1.98737248	1.994794353	2.005522195	2.024658558	2.024658558
	2.070411931	2.420207621	2.363679305	2.373782132	2.415381353
	2.415381353	1.74343941	2.646474516	2.301874296	2.301874296
	2.440741923	2.443722495	2.464293726	2.443722495	2.47048811
	1.904093082	1.904093082	2.570912547	2.055670038	2.139675183
	2.234601347	2.429526054	2.444704036	2.494868106	2.500301189
	2.62650054	2.570320242	2.616586235	2.568371004	2.568371004
	2.497414103	2.454729677	1.997852175	2.139675183	2.401341385
	2.454729677	2.401341385	2.350220051	2.327480374	2.235308834
	2.134840541	2.235308834	2.327480374	2.34326977	2.300727265
	2.345829053	2.345829053	2.302856449	2.27575076	2.243019859
	2.243019859	2.178615479	2.207746278	2.117943367	2.164446967
	2.070411931	2.373782132	2.336279048	1.978128904	1.977254166
	1.990667476	2.024658558	2.033101333	2.033101333	2.091055315
	2.440818543	2.373782132	2.415381353	2.424633095	2.194916117
	2.887170223	2.259460717	2.259460717	2.440741923	2.47048811
	2.491380456	2.448170006	2.46465506	2.491380456	1.904093082
	1.905071988	2.371872265	1.997852175	2.139675183	2.374342878
	2.535122185	2.535122185	2.650817802	2.650817802	2.656032351
	2.577100197	2.56036969	2.508182291	2.450415157	2.476668554
	1.997852175	2.060351266	2.348630538	2.350220051	2.450415157
	2.39427986	2.374342878	2.348630538	2.346417177	2.265543569
	2.134840541	2.235308834	2.132681391	2.294976065	2.325668507
	2.179248537	2.274567186	2.274567186	2.302856449	2.254099384
	2.227836949	2.203528561	2.203528561	2.122504828	2.179845145
	2.129706629	2.358455613	2.336279048	1.970525871	1.990667476
	1.990667476	2.007207833	2.033429016	2.035713952	2.091055315
	2.444292295	2.437663517	2.437663517	2.415296225	1.927558395
	2.952550849	2.329969394	2.42614203	2.419619419	2.51676893
	2.48016476	2.455714927	2.48016476	1.375625751	1.727497488
	2.166039586	1.79875367	1.957946024	2.535122185	2.54506714
	2.710803418	2.650817802	2.647454101	2.61703362	2.61703362
	2.609309243	2.564728893	2.539617414	2.458579877	2.450415157
	2.400014049	1.932394908	1.951564386	2.326395552	2.313882851
	2.335416839	2.335908333	2.315840605	2.222035491	2.063815636
	2.193239764	2.193239764	2.179248537	2.237838176	2.179248537
	2.274567186	2.217315858	2.284265338	2.254099384	2.227836949
	2.227836949	2.191410519	2.129706629	2.129706629	2.351067362
	2.351067362	1.970593445	1.970593445	2.007207833	2.007207833
	2.033429016	2.059437201	2.099897744	2.437663517	2.42876685
	2.42876685	1.927558395	3.417630056	2.404453241	2.402257936
	2.531861569	2.494454716	2.48016476	2.529634906	2.515862443
	1.346123929	1.777010674	2.068628462	1.848226858	1.951564386
	2.539617414	2.7742016	2.7742016	2.709807825	2.76835296
	2.705939148	2.481314247	2.609309243	2.544769122	2.544769122
	2.400014049	2.400014049	2.332487075	1.792019753	1.773022221
	2.266401568	2.315840605	2.335908333	2.335908333	2.171289661
	2.171289661	2.063815636	2.063815636	2.128348799	2.119365551
	2.119365551	2.157317665	2.157317665	2.141106024	2.165578284
	2.311339264	2.21891559	2.21891559	2.135461997	2.366050869
	2.378080727	2.343008206	1.950334283	1.960003712	1.977023899
	1.994276685	2.059437201	2.059437201	2.141154786	2.467511602
	2.484478025	2.418834091	2.43592476	2.085155496	3.417630056
	2.404453241	2.533432388	2.503486383	2.535786093	2.515862443
	2.566460657	1.312001448	1.607437939	2.068628462	1.663741943
	1.799949887	2.434673382	2.156317812	2.87636814	2.7742016
	2.778701937	2.76835296	1.864862578	2.705939148	2.699420325
	2.485354443	2.588966388	2.532832109	2.390538478	2.362101788
	2.332487075	1.792019753	1.792019753	2.156317812	2.248301089
	2.267352086	2.171289661	2.050602944	2.073824171	1.900975808
	2.046763901	2.051498636	2.041188417	2.157317665	2.073824171
	2.211637768	2.257303679	2.21891559	2.141154786	2.358038235
	2.338220363	2.252210639	1.946155537	1.946155537	1.954157539
	1.994276685	2.031255232	2.105375739	2.109485429	2.349294481
	2.478867492	2.494283126	2.465138667	2.3321598	3.68860777
	2.533432388	2.533432388	2.602629029	2.553672988	2.565072615
	2.537177722	2.583265728	1.309988862	1.663741943	2.065743274
	1.663741943	1.799949887	1.864862578	2.156317812	2.178676325
	2.83036957	2.875984944	2.875984944	2.760251872	2.699420325
	1.900975808	2.592373427	2.592373427	2.390538478	2.532832109
	2.532832109	2.323084263	2.279797183	2.279797183	1.706408677
	1.614557238	2.091713487	2.178676325	2.037105355	1.996118805
	2.037105355	1.985456217	1.985456217	1.928426825	1.968305236
	1.952000996	1.979469341	2.191815977	2.221315353	2.191815977
	2.299193619	2.349294481	2.252210639	2.349294481	1.929280471
	1.954157539	1.954157539	2.023298501	2.023298501	2.065201977
	2.105268611	2.537177722	2.394422434	2.394422434	2.3321598
	4.522628604	2.735994867	2.602629029	2.602629029	2.565072615
	2.537177722	2.458274422	2.501778953	2.616687466	1.245224702
	1.503081575	2.275484555	1.606114774	1.706408677	1.79180676
	1.748376478	2.060524158	2.212007526	2.323084263	3.019602252
	2.97547533	2.96230195	2.96230195	2.721221871	2.697909763
	1.928426825	2.592373427	2.358950981	2.458519723	2.323084263
	2.186917727	2.106587501	1.612232838	1.56007724	2.053099995
	2.01876536	2.037105355	1.978622289	1.910118162	1.979469341
	1.937624247	1.928426825	1.925070799	1.979469341	1.739343001
	2.355902298	2.14321527	2.191815977	2.299193619	2.241978674
	2.355902298	1.911253077	1.939035804	1.939035804	1.968916574
	1.968916574	2.105268611	2.105268611	2.396403211	2.394422434
	2.462783046	2.735994867	3.996028475	2.663763344	2.670145012
	2.652758922	2.501778953	2.455271526	2.455271526	2.617993432
	1.285271758	1.503081575	2.079922854	1.56007724	1.643903454
	1.643652488	1.739343001	2.053099995	2.139479186	2.261603732
	2.261603732	1.541383945	3.98160747	3.050607465	3.194693539
	2.859027854	3.050607465	2.624735216	2.624735216	2.51694812
	1.815699639	2.458519723	2.186917727	2.186917727	2.010595743
	2.010595743	1.56007724	2.053099995	1.972577053	1.951217729
	1.963862086	1.917259176	1.910118162	1.83877495	1.889063003
	1.871923525	1.79448689	1.887583183	1.739343001	2.335863989
	2.19368938	2.19368938	2.227822325	2.233815579	2.305982156
	1.865629339	1.866369538	1.905190476	1.968916574	1.950695696
	2.048810524	2.149507359	2.149507359	2.366958338	2.366958338
	2.414186289	2.837125635	3.996028475	2.823659391	2.670145012
	2.84997268	2.617993432	2.519021525	2.414186289	2.455271526
	2.648580887	1.285271758	1.505446988	2.079922854	1.512096598
	1.597166365	1.643652488	1.643652488	1.597166365	2.261603732
	2.292095265	1.79448689	1.541383945	2.51694812	3.98160747
	3.98160747	3.050607465	3.184869361	2.631978093	2.847630747
	2.624735216	2.321601703	1.699270966	2.292095265	2.081325917
	2.073152529	1.98343715	1.937567029	1.937567029	1.512096598
	1.889152835	1.86258058	1.847370643	1.827872212	1.917259176
	1.83877495	1.83877495	1.867451737	1.818463878	1.79448689
	1.622541342	2.305982156	2.210176154	2.210176154	2.305982156
	1.803385744	1.803385744	1.905190476	1.950695696	1.994200351
	1.994200351	2.15106696	2.09822556	2.366958338	2.414186289
	2.908583638	4.384342816	2.823659391	2.802845808	2.390598147
	2.802845808	2.554149874	2.554149874	2.514591061	2.441468452
	2.604227502	1.38812393	1.505446988	2.22283831	1.464798983
	1.597166365	1.530551936	1.483382086	1.521148104	1.470643448
	2.292095265	1.707916312	1.495397907	2.384159867	4.69977051
	3.467357457	3.17995398	2.847630747	2.76853345	2.488811127
	2.563800095	2.488811127	2.384159867	2.321601703	1.643970962
	2.175100178	2.032342312	1.997456892	1.997456892	1.955920521
	1.937567029	1.82221004	1.401192288	1.39381961	1.889152835
	1.791170925	1.768291417	1.827872212	1.805869633	1.766803197
	1.742228554	1.685042959	1.783726554	1.643970962	1.671146244
	1.685042959	1.622541342	1.483382086	2.307543692	2.269033615
	2.200738047	1.803385744	1.888628955	1.939082963	2.200738047
	1.939082963	1.97890103	2.040805001	2.040805001	2.264340886
	2.251166602	2.908583638	4.384342816	2.967347675	2.966810691
	2.384879863	2.408362479	2.636710131	2.554149874	2.445547207
	2.636710131	1.341687394	1.459385384	2.22283831	1.401192288
	1.458202292	1.440102283	1.483382086	1.470643448	2.782694568
	2.782694568	2.389817543	2.488811127	2.437078799	2.325988772
	2.198317941	2.156536227	1.561879763	2.009753458	2.035831258
	1.997456892	1.851043033	1.800610463	1.801213904	1.39381961
	1.39381961	1.391394627	1.791170925	1.768291417	1.768291417
	1.7277621	1.732771795	1.742228554	1.624025056	1.685042959
	1.647816762	1.517548204	1.671146244	1.517548204	1.349467894
	2.264340886	2.200738047	1.767789099	2.149956001	1.791662049
	1.921456041	2.149956001	1.97890103	1.972255701	2.040805001
	2.330737736	2.251166602	2.251166602	3.379256501	4.918471121
	2.967347675	2.830970572	2.468465596	2.330737736	2.736392058
	2.468465596	2.647370788	1.314217673	1.387316549	2.428236285
	1.387316549	1.41048572	1.391394627	1.388081571	2.389817543
	2.136065143	2.279157868	2.437078799	2.101880436	2.136065143
	1.561879763	1.91869599	1.960367643	1.901268022	1.801213904
	1.78578568	1.801213904	1.330541482	1.338357033	1.330541482
	1.391394627	1.743784609	1.72215931	1.649150169	1.659468229
	1.6287102	1.6287102	1.599707593	1.598672081	1.539882177
	1.532738105	1.517548204	1.507483979	1.41048572	1.302471218
	1.38425117	2.196859419	2.149074721	1.78967075	2.080183876
	1.7634892	1.853916168	2.084999035	1.972255701	1.972255701
	2.26296573	2.270590075	2.255551211	2.199531544	3.184318155
	4.918471121	3.033240906	2.741691704	2.73648123	3.033240906
	2.468465596	2.402660672	2.402660672	2.647370788	2.55941938
	2.641806259	1.356060318	1.361906072	2.481212648	1.361906072
	1.388081571	1.346455309	1.388081571	2.047797113	2.182043149
	2.101880436	2.038287154	2.038287154	1.465340898	1.91869599
	1.91869599	1.666008483	1.811904923	1.763451901	1.731707632
	1.781924692	1.304011206	1.330541482	1.336835214	1.261654364
	1.274277351	1.278503487	1.629760268	1.649150169	1.649150169
	1.599707593	1.565758534	1.565758534	1.599707593	1.539882177
	1.479905067	1.519532603	1.465340898	1.45382321	1.351985126
	1.278503487	1.250391974	1.351985126	2.149074721	2.080183876
	1.7634892	2.080183876	1.7634892	1.832183195	1.885228349
	1.885228349	2.270590075	2.270590075	2.199531544	2.149120046
	3.235993226	4.876427899	3.028262836	2.73648123	2.917173922
	2.332532458	2.565560012	2.402660672	2.332532458	2.392777687
	2.565560012	2.509972009	2.643988774	1.377600029	1.361906072
	2.414065835	1.336835214	1.276811647	1.276811647	1.465340898
	1.863477501	1.666008483	1.619316393	1.813983568	1.76666254
	1.71656815	1.299061914	1.307806954	1.230069016	1.234921133
	1.274277351	1.278503487	1.572161326	1.629760268	1.644450027
	1.486636345	1.456937667	1.447432896	1.491014359	1.481284295
	1.469600302	1.452549274	1.40743354	1.45382321	1.45382321
	1.351985126	1.250391974	1.230069016	1.292387283	2.134508773
	2.019927686	1.737613567	1.94865554	1.741075032	1.817479506
	1.885228349	2.129846814	2.069417734	2.149120046	3.281078926
	4.876427899	3.281078926	2.917173922	2.782461172	2.212529764
	2.27517974	2.444136055	2.361558487	2.444136055	2.657451449
	1.377600029	1.463792765	2.493266009	1.348908342	1.325307166
	1.261797645	1.276811647	1.260071534	1.285720002	1.230069016
	1.239304123	1.258606011	1.523378983	1.536110876	1.486636345
	1.452549274	1.397141232	1.388911703	1.469600302	1.418299761
	1.452549274	1.376979595	1.376979595	1.337035184	1.292387283
	1.201986825	1.20298377	1.224863248	1.20683319	1.198350938
	1.289982633	2.016406672	2.016406672	1.633064019	1.871718889
	1.794961794	1.79668607	2.143787387	2.130590611	2.069417734
	2.004946211	5.279722402	3.281078926	3.592080265	3.13431762
	2.930234144	2.782461172	2.650962748	2.212529764	2.280091915
	2.443734171	2.361558487	2.443734171	1.348908342	1.476353169
	2.166991286	1.350281019	1.248753342	1.214535153	1.215858513
	1.20683319	1.198022891	1.478640227	1.432745031	1.397141232
	1.388911703	1.388911703	1.157020919	1.365412169	1.307857904
	1.40012002	1.32427084	1.32427084	1.237671312	1.170463561
	1.224863248	1.255592613	1.180642098	1.165793598	1.180642098
	1.238076569	1.177272892	1.214535153	2.004946211	1.849160417
	1.602086768	1.780736369	1.780736369	2.145547166	2.079815033
	2.079815033	2.008163284	1.996705353	5.279722402	3.070356841
	3.790759509	3.070356841	3.069750418	2.768005834	2.650962748
	2.650962748	2.211139809	2.365142785	2.448777421	2.281129044
	2.365142785	2.443734171	1.350281019	1.436943863	2.101099543
	1.323503878	1.181904091	1.181904091	1.393031599	1.389910447
	1.143224867	1.165793598	1.307857904	1.307857904	1.306744419
	1.234425137	1.2704053	1.198939223	1.147415531	1.162073907
	1.255592613	1.180642098	1.20059368	1.165793598	1.199940767
	1.147135605	1.150164749	1.849160417	1.849160417	1.672340865
	1.764052174	2.145547166	2.145547166	1.968309576	1.968309576
	1.968309576	4.987551891	3.298936929	3.131780937	3.070356841
	2.910523096	2.921176167	2.794408641	2.653955204	2.546715423
	2.211139809	2.546715423	2.374351636	2.374351636	1.351111703
	1.475942615	2.478252298	1.351111703	2.478252298	1.162073907
	1.30594204	1.146695661	1.143224867	1.133886174	1.30594204
	1.2704053	1.306744419	1.235814447	1.233585333	1.200242536
	1.13473863	1.209790926	1.20059368	1.20059368	1.155743916
	1.126736655	1.146844946	1.149871102	1.143287549	1.143287549
	1.849614197	1.763167085	1.66628249	1.659528598	2.15541189
	2.083044147	1.932247748	1.932247748	4.916371524	3.298936929
	2.935481612	2.910523096	2.907258453	2.666709107	2.653955204
	2.461362155	2.220522985	2.3057583	2.374351636	2.15541189
	1.351111703	1.398651305	1.398651305	1.278759432	1.278759432
	1.362943918	2.401030127	1.113892238	1.146695661	1.123337325
	1.268008479	1.233585333	1.172507282	1.233585333	1.147911427
	1.113892238	1.112148838	1.155743916	1.259314462	1.215386927
	1.215386927	1.115793265	1.122309591	1.130613634	1.146844946
	1.1263344	1.129628187	1.143287549	1.844550207	1.65761593
	1.544167505	1.544167505	2.15541189	2.006688808	2.086407352
	1.932247748	2.00089939	1.857222179	5.090393669	3.262059142
	3.090112457	2.909106886	2.935481612	2.666709107	2.666709107
	2.672516605	2.462061304	2.312550411	2.236574022	2.312550411
	2.236574022	1.41145828	1.260795714	1.327346515	1.41145828
	1.338123599	2.401030127	1.107709687	1.119097521	1.199704666
	1.173590815	1.173668655	1.133868355	1.112148838	1.112148838
	1.115793265	1.105321893	1.15555488	1.223224148	1.223224148
	1.111975035	1.130613634	1.137117535	1.148893208	1.133868355
	1.128178527	1.1263344	1.105855055	1.65950627	1.654126194
	1.544167505	2.030307571	1.863786399	2.006688808	2.03090777
	1.863786399	1.779697811	4.679995136	3.136074833	3.188301323
	2.749329077	2.749329077	2.749329077	2.659152704	2.562140358
	2.473525549	2.312550411	2.404540649	2.236574022	2.189856104
	2.190551803	2.319411184	2.394254674	1.327346515	1.285501
	1.375013238	1.318816484	1.379932615	1.338123599	1.103796504
	1.173668655	1.133868355	1.110928116	1.09811948	1.098291944
	1.199897402	1.223224148	1.212889399	1.103796504	1.121526505
	1.137117535	1.137117535	1.196545475	1.11700108	1.112136815
	1.107097684	1.105855055	1.655591172	1.655591172	1.955939566
	1.863786399	1.940257329	1.779697811	1.779697811	2.059076446
	4.679995136	3.136074833	4.337046911	4.132112968	3.136074833
	2.74282329	2.74282329	2.75031469	2.757745513	2.564544544
	2.586027696	2.419308299	2.419308299	2.332215634	2.189856104
	2.207672033	2.146169014	4.132112968	2.354033486	1.479072767
	1.441196918	2.064329901	1.318816484	1.379932615	1.332342154
	1.33811067	1.379932615	1.441196918	1.103796504	1.110928116
	1.098291944	1.254688145	1.199897402	1.212889399	1.107044193
	1.196545475	1.11406959	1.103370368	1.11406959	1.121526505
	1.142701245	1.164853231	1.196545475	1.109388107	1.107044193
	1.102606402	1.546193338	1.78612471	1.955939566	1.889844221
	1.702942972	1.995985867	2.084049244	3.069038158	2.939858833
	2.957091713	2.900281146	2.939858833	2.74282329	2.661985569
	2.680959765	2.658029647	2.522488568	2.440444652	2.440444652
	2.332215634	2.207672033	2.228232315	2.084049244	2.672796097
	3.644735828	2.064329901	2.033139912	2.101131856	2.129182825
	2.184629119	2.374173477	2.266704166	1.479072767	1.496730128
	1.441196918	1.488246993	1.308997627	1.400194993	1.372337142
	1.405682248	1.104018227	1.266243947	1.233014785	1.280563161
	1.107356035	1.233014785	1.11406959	1.112075435	1.154802342
	1.160721561	1.188631278	1.221275645	1.207767508	1.107356035
	1.104018227	1.595381434	1.889844221	1.889844221	1.702942972
	1.92188514	1.995985867	2.084049244	2.872338147	2.690246304
	2.900281146	2.637043175	2.690246304	2.617315473	2.595083231
	2.522488568	2.522488568	2.425074113	2.33987561	2.33987561
	2.228232315	2.164511954	2.109564989	3.365590242	3.331309039
	2.743234403	2.37232051	2.743234403	2.546000758	2.37232051
	2.674471823	2.433085939	1.465436176	1.546384811	1.649055949
	1.33026051	1.488622166	1.377690725	1.376492764	1.488246993
	1.538497101	1.457245825	1.568297438	1.350646102	1.350646102
	1.392292719	1.416662651	1.491121932	1.104018227	1.320612894
	1.233014785	1.107356035	1.238107046	1.133775099	1.12852138
	1.160721561	1.154802342	1.215949314	1.224792282	1.293695593
	1.111484845	1.11192304	1.72658405	1.92188514	1.730860899
	2.01642807	2.01642807	2.113066353	2.660831152	2.690246304
	2.63400459	2.637043175	2.69798403	2.610707049	2.617315473
	2.473645379	2.473645379	2.399197713	2.33987561	2.238768128
	2.238768128	2.171690368	2.113066353	2.546616163	2.109334513
	1.965961067	1.575299158	2.200781323	1.68707656	2.472539189
	2.546616163	1.905663206	1.568297438	1.657998277	1.649055949
	1.833209719	1.783240037	1.783240037	1.538497101	1.538497101
	1.560849588	1.668769584	1.361068567	1.350646102	1.380561378
	1.416662651	1.416662651	1.491121932	1.11192304	1.320612894
	1.115972169	1.293695593	2.48284271	1.145141724	1.178066197
	1.148813713	1.217700829	1.337417728	1.258234649	1.121129174
	1.144683837	1.132986004	1.666294069	1.961918089	1.666294069
	1.961918089	2.059034837	2.6172717	2.6172717	2.63400459
	2.617895918	2.610707049	2.610707049	2.543598249	2.378638869
	2.374122055	2.321876654	2.136431481	2.289273504	2.234061268
	2.136431481	2.418848107	2.303791567	2.216182094	1.905663206
	2.108580165	2.547974842	2.475158	2.020487647	1.657998277
	1.813508434	1.851597948	1.833209719	2.020487647	1.560849588
	1.587813751	1.560849588	1.568830163	1.75242426	1.401165423
	1.378445623	1.412110849	1.483582741	1.568830163	2.507542419
	1.144683837	2.48284271	1.354043619	2.48284271	1.145141724
	1.202105233	1.218062543	1.252590639	1.385686259	1.298303286
	1.132986004	1.144683837	1.132986004	1.666294069	1.919447916
	1.79976538	1.919447916	2.161782111	2.6172717	2.639956809
	2.617895918	2.541519091	2.574925691	2.47296625	2.574925691
	2.374122055	2.289273504	2.39150234	2.245006995	2.289273504
	2.161782111	2.475158	2.303791567	2.164261384	2.216182094
	2.173690847	2.475158	2.020487647	1.859474334	1.859474334
	2.002658111	2.010961581	1.736760866	1.682510076	1.568830163
	1.75242426	1.828136951	1.483880936	1.483880936	1.403241811
	1.590226065	2.502170092	1.202446843	2.47296625	1.403241811
	1.403241811	2.44357751	1.385686259	1.202446843	1.202105233
	1.252590639	1.252590639	1.362566855	1.152382187	1.172305019
	1.171098507	1.712466232	1.919447916	1.83917958	1.957416598
	2.142701428	2.565272332	2.622044174	2.579493495	2.554634071
	2.502170092	2.543784721	2.536309088	2.47296625	2.543784721
	2.394140688	2.358916564	2.245006995	2.290927968	2.2147545
	2.38543115	2.307843075	2.190692927	2.190692927	2.173690847
	2.435332932	2.097535872	1.859474334	1.95726385	2.097535872
	1.808913702	1.590226065	1.828136951	1.828136951	1.529543227
	1.541111043	1.5449488	1.695257583	2.502170092	2.485788542
	1.202446843	1.473474575	1.473474575	2.394140688	1.290443383
	1.471351422	1.272488077	1.280969717	1.331393294	1.200855115
	1.201012326	1.230717469	1.759534979	1.990030755	1.990030755
	2.142808373	2.142701428	2.531562164	2.579493495	2.525146031
	2.504815831	2.543784721	2.4776326	2.519545731	2.394140688
	2.358916564	2.358916564	2.290980341	2.252765811	2.375939115
	2.375939115	2.246488441	2.31520456	2.422627067	2.192748088
	2.097535872	1.95726385	2.060750894	1.795870348	1.808913702
	1.695257583	1.891828609	1.98124884	1.665028613	1.618706131
	1.5449488	1.5449488	1.695257583	2.482860151	2.408080393
	1.230767118	1.471351422	2.450936638	1.331393294	1.391259919
	1.471351422	1.272488077	1.368638739	1.424391781	1.514537404
	1.232120123	1.230767118	1.265527005	1.815342467	1.990030755
	1.983300937	2.127135327	2.127135327	2.504815831	2.531562164
	2.532860414	2.482860151	2.519545731	2.450936638	2.500071829
	2.376243784	2.376502034	2.344489299	2.290980341	2.252765811
	2.35512815	2.262718068	2.246488441	2.246488441	2.35512815
	2.151727481	2.0610424	2.151727481	2.262718068	1.826854385
	1.733311048	1.975714986	1.975714986	2.0610424	1.687145121
	1.613956162	1.687145121	2.482860151	2.396897003	1.230767118
	1.424391781	1.514537404	1.317709563	1.428476787	1.424391781
	1.62587336	1.26527989	1.265527005	1.268129465	1.871030465
	2.07572518	2.028832407	2.127135327	2.231777683	2.492378556
	2.515596094	2.508398632	2.492378556	2.465064958	2.46359959
	2.418862471	2.495418774	2.353599271	2.353599271	2.357501801
	2.320361109	2.35512815	2.294378665	2.391356546	2.131450481
	2.195650055	2.35124451	1.733311048	1.879506243	1.782577448
	1.975714986	2.09734708	2.09734708	1.62587336	1.687145121
	1.724062946	1.867146922	2.461442266	2.447696977	1.317709563
	2.39673867	1.545993237	1.545993237	1.36855038	1.428476787
	1.496159659	1.62587336	1.268129465	1.355573816	1.351053462
	2.028832407	2.158292951	2.028832407	2.195025481	2.231777683
	2.511401357	2.501608805	2.495418774	2.494313765	2.466796608
	2.405994804	2.466796608	2.297934354	2.353599271	2.320361109
	2.391356546	2.391356546	2.258707641	2.171384989	2.35124451
	2.296038639	1.927374622	1.934956965	1.927374622	2.171384989
	2.02169504	2.09734708	1.724062946	1.724062946	1.839726427
	2.423603247	2.475926005	1.355573816	2.39673867	1.545993237
	1.553347358	1.415881606	1.519105482	1.566275444	1.658556826
	1.304500995	1.355573816	1.351053462	2.049396213	2.195025481
	2.129231929	2.195025481	2.291999268	2.343997112	2.479833181
	2.488905884	2.486398946	2.501608805	2.470986006	2.466796608
	2.465771962	2.348861904	2.375316892	2.471544957	2.342727258
	2.423603247	2.171384989	2.342727258	2.305994418	2.281743046
	1.934956965	1.934956965	2.061726945	2.146298196	2.061726945
	2.054348326	1.800778258	1.800778258	1.876734726	2.409044894
	1.415881606	2.446256526	1.658556826	1.593517969	1.456915338
	1.567553531	1.567553531	1.680412829	1.347623432	1.395152862
	1.395152862	2.129231929	2.201360466	2.129231929	2.201360466
	2.311981121	2.384395927	2.384395927	2.471544957	2.486398946
	2.470986006	2.456738107	2.469011086	2.41171899	2.41171899
	2.453454828	2.471544957	2.380273835	2.409044894	2.245138415
	2.35473856	2.281743046	1.967017519	2.037097557	2.054348326
	2.112244038	2.054348326	2.207675564	1.800778258	1.876734726
	1.876734726	2.401136048	1.456915338	1.661481962	1.73033605
	1.502173757	1.567553531	1.661481962	1.793945845	1.3886815
	1.43902305	1.43902305	2.161930246	2.201360466	2.161930246
	2.311981121	2.311981121	2.384395927	2.384499788	2.469960542
	2.474041112	2.436449039	2.436449039	2.453454828	2.436855681
	2.446137435	2.469960542	2.35473856	2.217235672	2.28067294
	2.207675564	2.070151776	2.079500269	2.207675564	2.157784581
	1.791605594	1.931133657	2.04773297	2.401136048	1.502173757
	1.712020283	1.576853748	1.621276989	1.712020283	1.777846456
	1.777846456	1.476805032	1.536834337	1.486990215	2.161930246
	2.238793649	2.223913913	2.350380014	2.384499788	2.39554941
	2.384499788	2.469960542	2.43886983	2.436449039	2.446137435
	2.436855681	2.451445084	2.462826716	2.361636594	2.295066909
	2.236345	2.233996788	2.04773297	2.175462783	1.931133657
	2.04773297	2.383368533	1.608083432	1.61272367	1.678029068
	1.724082452	1.802221795	1.833427569	1.969375753	1.476805032
	1.547723589	1.534373254	2.214482921	2.329644862	2.311939318
	2.329644862	2.398957497	2.426145888	2.398957497	2.454749321
	2.445694937	2.409726142	2.409726142	2.455528321	2.455528321
	2.46200838	2.454749321	2.295066909	2.253891829	2.180537703
	2.104231956	2.095582358	2.037487037	2.383368533	1.61272367
	1.663154863	1.722522525	1.798839256	1.875006888	1.932766078
	2.037487037	1.574488221	1.646369318	1.632000666	2.311939318
	2.358035939	2.311939318	2.358035939	2.398957497	2.436347655
	2.45774039	2.454749321	2.428187647	2.403324964	2.455528321
	2.469582548	2.452215477	2.464409503	2.329828721	2.233302206
	2.224890792	2.151874765	2.037487037	2.349081456	1.663154863
	1.663154863	1.782630072	1.849271054	1.909893915	2.050887914
	2.050887914	1.61746549	1.634446057	1.634446057	2.353369925
	2.350530062	2.388335492	2.389444604	2.453673963	2.45774039
	2.453673963	2.429317764	2.403324964	2.403324964	2.466001265
	2.476318043	2.476101674	2.472326856	2.349081456	2.258275153
	2.18185979	2.18185979	2.349081456	1.705838328	1.782630072
	1.782630072	1.861833431	1.988416365	2.050887914	2.143039448
	1.666110482	1.634446057	1.666110482	2.353369925	2.388335492
	2.388335492	2.459639326	2.453673963	2.476318043	2.502188724
	2.511028001	2.422350533	2.444785916	2.422350533	2.472326856
	2.492116214	2.476101674	2.402794394	2.258275153	2.258275153
	2.18185979	2.370459108	1.76979722	1.840212334	1.840212334
	1.988416365	1.988416365	2.077137671	2.224820631	1.71464511
	1.751949477	1.71464511	2.424104039	2.424350236	2.424350236
	2.482046791	2.482046791	2.502188724	2.485730327	2.509817085
	2.511028001	2.447949534	2.480437557	2.449365105	2.387401724
	2.32162214	2.224820631	2.32162214	1.751949477	2.003636835
	1.882591621	2.287184421	2.003636835	2.071108642	2.152291085
	2.224820631	1.71464511	1.798587432	1.826909861	2.429622197
	2.460886146	2.460886146	2.533781906	2.528628555	2.537176053
	2.512706157	2.523131404	2.512706157	2.449365105	2.427572462
	2.382417094	2.32162214	1.922046889	2.003636835	1.922046889
	2.287184421	2.284760284	2.071108642	2.175602975	1.812596233
	1.826909861	1.826909861	2.493862358	2.517952676	2.487654094
	2.570533855	2.517952676	2.558910239	2.603640926	2.554594188
	2.554594188	2.490671918	2.490671918	2.424689168	2.424689168
	1.966030705	2.095997834	1.966030705	2.294500438	2.294500438
	2.191519203	2.095997834	1.86650245	1.894946691	1.86650245
	2.493862358	2.517952676	2.526906592	2.602342416	2.596808808
	2.596808808	2.635461459	2.554594188	2.474064654	2.538932508
	2.403912968	1.966030705	2.095997834	1.976665074	2.260404268
	2.403912968	2.233092698	1.86650245	1.963213142	1.934926268
	2.526906592	2.602342416	2.571662953	2.645206755	2.596808808
	2.635461459	2.538932508	2.471324654	2.538932508	2.471324654
	1.963213142	2.135529807	2.106978677	2.233092698	2.24174041
	2.135529807	2.471324654	1.918946321	2.069859983	1.981438882
	2.560034975	2.646294151	2.599043353	2.599043353	2.645206755
	2.696524518	2.705215742	2.554719671	2.490361759	2.36287015
	2.069859983	2.257416113	2.257416113	2.635661345	2.538916334
	1.981438882	2.069859983	2.038651732	2.630083687	2.705215742
	2.747208986	2.68447449	2.695940852	2.762922117	2.588628936
	2.36287015	2.244627351	2.257416113	2.68447449	2.635661345
	2.479477226	2.391291894	2.107509764	2.107509764	2.630083687
	2.702712185	2.781219514	2.690049505	2.810161126	2.631901186
	2.59115765	2.244627351	2.59115765	2.391291894	2.107509764
	2.103747138	2.775668449	2.781219514	2.967164905	2.798628422
	2.926770494	2.672717422	2.59115765	2.45333102	2.284688094
	2.184061768	2.184061768	2.747558301	2.840843087	2.967164905
	2.926770494	2.677233443	2.677233443	2.316252282	2.399491216
	2.399491216	2.840843087	3.032473094	3.163888271	2.83295908
	2.551848881	2.399491216	2.973026686	3.426751009	3.027717327
	2.551848881	2.551848881	3.426751009	3.426751009	3.027717327
	3.163580831	4.008578955	3.163580831	4.678684024	1.210482796
	1.152161942	1.430065679	1.430065679	0.6514686413	1.446581015
	0.7738634768	0.6344548743	0.6514686413	1.562702585	1.064718211
	1.562702585	1.445169373	1.291977748	1.450887959	1.445831129
	1.15617152	1.460368735	1.134613892	1.460751304	1.466615567
	1.446581015	1.446581015	0.6344548743	0.6796577131	1.531493326
	1.475659247	1.311344429	1.311344429	1.308375825	1.391881657
	1.433571019	1.278704729	1.553572025	1.562702585	1.445169373
	1.445169373	1.450887959	1.450887959	1.450139715	1.460751304
	1.460368735	1.462608903	1.47437874	1.460751304	1.483255539
	1.469450339	1.470981136	1.531493326	1.531493326	0.7402798433
	1.475659247	1.495226103	0.71912052	1.464163815	1.461147221
	1.311344429	1.484711678	1.294380808	1.623858531	1.308968377
	1.308968377	1.433571019	1.392685648	1.294380808	1.412018989
	1.463869408	1.452794485	1.459899456	1.456529561	1.444949315
	1.456529561	1.473302649	1.462754072	1.46303261	1.463869408
	1.47437874	1.47437874	1.495226103	1.48602513	1.510220747
	1.510220747	1.474676206	1.499072897	1.502949483	1.479306197
	1.481066428	0.8128355284	0.8203536128	1.474676206	1.461147221
	1.484711678	1.479306197	1.493320795	1.295504768	1.462167991
	1.575436739	1.452172574	1.462518832	1.412018989	1.463133528
	1.398317908	1.412018989	1.464325691	1.462518832	1.464325691
	1.456529561	1.453773657	1.462754072	1.465640528	1.471464586
	1.478632023	1.478632023	1.48602513	1.491376597	1.499917865
	1.510220747	1.491376597	1.497390951	0.8025255837	1.501847058
	1.479306197	1.501847058	1.498749799	1.479634623	1.487227601
	1.479634623	1.488228209	1.505868163	1.11006701	1.493320795
	1.493320795	1.450445624	1.428955173	1.452172574	1.452172574
	1.435400531	1.421115998	1.421115998	1.412206635	1.435400531
	1.442245706	1.465640528	1.460099382	1.460099382	1.466918878
	1.464874948	1.471464586	1.469615009	1.469615009	1.4835465
	1.476169435	1.487378607	1.491376597	1.497390951	1.497390951
	1.495400938	1.500905394	0.8278577423	1.285663752	1.536593031
	1.521385927	1.526910716	1.492319856	1.489974628	1.484850659
	1.476599914	1.479634623	1.526910716	1.505868163	0.8888396812
	1.433376719	1.420887974	1.444365054	1.43724503	1.452711137
	1.435400531	1.428727691	1.421115998	1.444365054	1.435149214
	1.466918878	1.466918878	1.456086282	1.464610101	1.466368293
	1.473173805	1.479622707	1.468499442	1.472406873	1.487378607
	1.486760706	1.494871004	1.494279568	1.495147657	1.495147657
	1.285663752	1.505135604	1.285663752	1.514738978	1.498314757
	0.8911889053	1.536593031	1.536593031	1.52115373	1.492337794
	1.487763142	1.491214799	1.516502402	1.505555826	1.433376719
	1.193656061	0.8888396812	1.382149617	1.410097498	1.420887974
	1.420887974	1.447718527	1.456086282	1.447718527	1.446211901
	1.435149214	1.427677302	1.435149214	1.468642005	1.468642005
	1.456942101	1.462596935	1.479622707	1.479622707	1.472740407
	1.472740407	1.489136261	1.486760706	1.494881726	1.494429027
	1.495959485	1.495147657	1.480038493	1.480038493	1.526598639
	1.626336377	1.502726342	1.483476443	0.6745334357	1.52115373
	1.498683147	1.52115373	1.519057447	1.497536487	1.497536487
	1.495959485	1.503104116	1.522258168	1.505555826	1.424968848
	1.399331813	1.193656061	1.382149617	0.6846119579	1.378786225
	1.47627804	1.405375584	1.405375584	1.428465446	1.412871567
	1.456942101	1.447718527	1.449095498	1.445736318	1.438108278
	1.438108278	1.468642005	1.465454219	1.456942101	1.478122903
	1.482448787	1.471083681	1.471083681	1.492822219	1.486702291
	1.495428021	1.494429027	1.495356712	1.498683147	1.480038493
	1.526598639	1.526598639	1.508980482	1.514536205	1.517548164
	1.498757435	0.6893500961	1.522258168	1.519057447	1.519057447
	1.497182818	1.497182818	1.497536487	1.503104116	1.50941547
	1.518357404	1.399283726	1.402050553	1.402610083	1.345267733
	1.345267733	1.382553227	1.474213118	1.402050553	1.413913058
	1.428465446	1.428465446	1.459824592	1.450062783	1.446047101
	1.446047101	1.437229465	1.458726235	1.467294952	1.482448787
	1.482448787	1.471083681	1.464835593	1.475541471	1.492822219
	1.490518745	1.496395155	1.495314344	1.499218553	1.527254231
	1.509798655	1.492787337	1.493454468	1.520774162	1.493978452
	1.490803248	0.6893500961	1.51379895	1.514434626	1.519887733
	1.503715982	1.503715982	1.507193651	1.50941547	1.50941547
	1.378828592	1.399283726	1.402050553	1.391684451	1.345267733
	1.384977643	1.384977643	1.480376567	1.409819734	1.424257179
	1.424257179	1.437229465	1.458726235	1.452576484	1.446047101
	1.446941803	1.438948667	1.464835593	1.484525705	1.484525705
	1.4714092	1.461771497	1.471222414	1.488323435	1.490518745
	1.497527349	1.499218553	1.514497206	1.497453171	1.492787337
	1.492787337	1.520774162	1.51351499	1.499067458	1.517069468
	1.517069468	0.6906873365	1.514434626	1.51379895	1.514434626
	1.51351499	1.501937034	1.503715982	1.507193651	1.511530604
	1.357778018	1.378828592	1.3326257	1.409819734	1.401120178
	1.390979586	1.36151229	1.390979586	1.384977643	1.480376567
	1.438948667	1.409819734	1.424257179	1.429701614	1.454495141
	1.450790719	1.444083652	1.444083652	1.459085209	1.480954614
	1.485192329	1.472362279	1.468044244	1.459085209	1.472362279
	1.489623883	1.494563334	1.497527349	1.499897835	1.507615194
	1.497453171	1.497146566	1.509647179	1.51351499	1.496301514
	0.6477325075	1.481463114	1.517069468	1.514695469	1.515322612
	1.515610411	1.504675803	1.506831423	1.50692925	1.501590046
	1.500756783	1.508556017	1.321167093	1.36151229	1.321167093
	1.302763039	1.41199139	1.397214352	1.397214352	1.353980427
	1.368303687	1.380709835	1.368297273	1.481427788	1.429701614
	1.41199139	1.429701614	1.450790719	1.450790719	1.444083652
	1.441694867	1.433247754	1.459085209	1.481427788	1.485192329
	1.472362279	1.468177462	1.458205379	1.47260986	1.494402393
	1.494402393	1.499897835	1.499897835	1.501709642	1.497910114
	1.49577159	1.501832767	1.509647179	1.49577159	1.48624263
	1.478866966	1.541200485	1.481463114	1.502017939	1.506944429
	1.508556017	1.505932706	1.506944429	1.503404614	1.500756783
	1.500756783	1.503404614	1.321167093	1.294550151	1.294550151
	1.268739029	1.41199139	1.397214352	1.340028344	1.368297273
	1.380090244	1.368297273	1.481427788	1.482704525	1.425482423
	1.420640342	1.402760278	1.420640342	1.451930793	1.441694867
	1.431867607	1.453157472	1.482704525	1.485106218	1.461110659
	1.47260986	1.467791445	1.47260986	1.492868678	1.494374606
	1.494374606	1.499240324	1.499880191	1.499880191	1.498754695
	1.49373985	1.490125742	1.489866851	1.478866966	1.478866966
	1.482254796	1.502017939	1.498493645	1.506944429	1.504842054
	1.507506957	1.503404614	1.500112944	1.502321491	1.344427242
	1.340028344	1.333631566	1.302926991	1.160573903	1.268739029
	1.33820559	1.402760278	1.386753846	1.366846382	1.366846382
	1.381321225	1.47765035	1.425482423	1.405592882	1.414941127
	1.407889221	1.445344802	1.436817763	1.430722809	1.450207688
	1.48298544	1.488652288	1.456457606	1.46694682	1.472881696
	1.472881696	1.494159621	1.490344042	1.494374606	1.499240324
	1.499240324	1.497623102	1.467156001	1.496491559	1.49238229
	1.492120018	1.467156001	1.489632306	1.492120018	0.7741999056
	1.498493645	1.50012465	1.503161088	1.498043623	1.4967525
	1.496877677	1.498427581	1.360296375	1.347254764	1.339809563
	1.33820559	0.6125197855	1.33820559	0.5320267872	1.386713439
	1.360296375	1.372103106	1.477748923	1.397141947	1.424790919
	1.407889221	1.407889221	1.444340086	1.442959652	1.420532387
	1.429960724	1.456457606	1.482102368	1.490344042	1.456457606
	1.46694682	1.472551681	1.472551681	1.496877677	1.492628505
	1.492628505	1.499916479	1.500130718	1.358631642	1.494006298
	1.49238229	1.49238229	1.492120018	1.476090984	1.494219944
	0.7741999056	1.446208597	1.494282616	1.494294856	1.497953464
	1.498043623	1.498043623	1.498427581	1.496877677	1.498427581
	1.367058496	1.347254764	1.347254764	1.339809563	1.338943391
	1.384525686	0.7679452219	1.340228398	1.276814235	1.386713439
	1.367058496	1.382379031	1.477559696	1.398432825	1.412108338
	1.407843897	1.417902394	1.451782398	1.428690373	1.443280086
	1.43500426	1.43500426	1.443280086	1.483892215	0.8371964656
	0.8371964656	1.489359258	1.471150863	1.454980968	1.463772251
	1.472551681	1.482285264	1.493771501	1.485492912	1.494282616
	1.459796954	1.493455735	1.488206894	1.490754311	1.485744947
	1.476090984	1.446208597	1.45749811	1.494282616	1.494294856
	1.496380788	1.499401811	1.497085287	1.485492912	1.494245591
	1.487287371	1.367058496	1.356225259	1.347151426	1.276814235
	1.332379685	1.274155916	1.330586241	1.330586241	1.226072162
	1.276814235	1.382379031	1.390106151	1.481620465	1.402007776
	1.407799041	1.407799041	1.415200182	1.457195828	1.428690373
	1.436722989	1.443280086	1.477542175	1.458297631	0.9410623145
	1.413430552	0.6034876735	1.471023548	1.470884202	1.457195828
	1.466382111	1.477542175	1.484356809	1.485492912	1.492446039
	1.459796954	1.490754311	1.490754311	1.477351838	1.48320459
	1.458297631	1.465488911	1.492270616	1.489379309	1.493466188
	1.490185274	1.490185274	1.48724908	1.483595665	1.483255603
	1.356225259	1.336522206	1.274155916	1.251824969	1.321358243
	1.330586241	1.339759047	1.251824969	1.380308834	1.372605243
	1.47941563	1.396050009	1.411221322	1.411221322	1.428351862
	1.457195828	1.442774257	1.436005958	1.428351862	1.47211405
	1.455190371	0.975020035	0.975020035	1.413430552	1.24145935
	1.474530867	1.465766503	1.455211371	1.47211405	1.482745513
	1.481716922	1.489469324	1.473829265	1.488289506	1.477351838
	1.477351838	1.465213806	1.473829265	1.482145377	1.490351261
	1.490351261	1.481716922	1.489596566	1.483595665	1.483963391
	1.481214222	1.480362495	1.351821253	1.36184114	1.339759047
	1.275698972	1.275698972	1.309976416	1.311324616	1.339759047
	1.24145935	1.273882353	1.396050009	1.390299272	1.380308834
	1.466361869	1.396050009	1.419521151	1.428351862	1.450540222
	1.450540222	1.443240054	1.436005958	1.47211405	1.455391256
	1.173679725	1.472969377	1.455043299	1.070729282	0.6143009105
	1.46904163	1.461914916	1.470173339	1.470173339	1.474795615
	1.483983258	1.473829265	1.481670559	1.479042399	1.463851771
	1.475589667	1.48213943	1.483963391	1.476054281	1.483963391
	1.481848684	1.481211726	1.481848684	1.478892847	1.360491022
	1.360491022	1.346324541	1.335499713	1.275698972	1.295334588
	1.311324616	1.311324616	1.28864821	1.295334588	1.400294568
	1.380496871	1.380496871	1.466361869	1.445918512	1.408846776
	1.419521151	1.427471401	1.450540222	1.443240054	1.425004019
	1.460789915	1.45564347	1.472969377	1.449276974	1.467651354
	1.465873918	1.372940114	0.6177647766	1.461914916	1.459027844
	1.468176094	1.470026385	1.479042399	1.475589667	1.479251079
	1.476137589	1.469651414	1.469558876	1.478404848	1.474872372
	1.478525629	1.481848684	1.478892847	1.360491022	1.353434429
	1.335499713	1.329191223	1.307496018	1.320074161	1.31541839
	1.299993199	1.299993199	1.384381352	1.385282268	1.380496871
	1.452415909	1.445918512	1.445918512	1.408846776	1.416140576
	1.42494636	1.430793078	1.42494636	1.452415909	1.467651354
	1.462566096	1.462566096	1.462968989	1.169282381	1.169282381
	0.6353705952	0.5317133018	1.249865878	1.455875702	1.468176094
	1.465022565	1.470026385	1.476137589	1.469249693	1.47619058
	1.476137589	1.469249693	1.476268764	1.471974611	1.478525629
	1.471974611	1.353434429	1.353434429	1.331777255	1.331777255
	1.311184106	1.311184106	1.288803216	1.288803216	1.249865878
	1.394710296	1.384381352	1.365691137	1.452415909	1.447448702
	1.440076509	1.412807612	1.394710296	1.42494636	1.43076505
	1.453093577	1.464202912	1.472190917	1.463622454	1.462566096
	1.457209646	1.49692531	1.223146537	1.223146537	1.229349874
	1.453093577	1.457913158	1.463912777	1.469080582	1.47619058
	1.468529673	1.471612244	1.47619058	1.464202912	1.468529673
	1.476268764	1.471974611	1.471952414	1.341466971	1.350949116
	1.331777255	1.341466971	1.313076932	1.311184106	1.271134941
	1.288803216	1.271134941	1.402075118	1.392840459	1.376464318
	1.357997524	1.442557968	1.44196947	1.436720743	1.442557968
	1.423084834	1.402075118	1.423084834	1.453093577	1.434896947
	1.457228537	1.464202912	1.450588745	1.459570338	1.434896947
	1.229349874	1.353054191	1.457031144	1.461476026	1.457031144
	1.471300469	1.472683539	1.471612244	1.463079591	1.463079591
	1.468972806	1.466918512	1.357997524	1.357997524	1.341466971
	1.317194423	1.340925129	1.30882518	1.30882518	1.299474902
	1.284985501	1.277216288	1.402075118	1.390392856	1.374237301
	1.442557968	1.436173608	1.423921589	1.445822266	1.423084834
	1.404881812	1.412049713	1.450426784	1.441450924	1.464427262
	1.457228537	1.460551329	1.454047442	1.376995572	0.6183517985
	1.256511381	1.423921589	1.457031144	1.459376448	1.461476026
	1.464107477	1.466207094	1.464735358	1.461611385	1.460016782
	1.462450332	1.357519518	1.348015271	1.340925129	1.330350671
	1.310202303	1.317812703	1.30882518	1.299474902	1.308283577
	1.390392856	1.374237301	1.374237301	1.440046524	1.421282581
	1.440046524	1.417634705	1.40583285	1.450426784	1.439559331
	1.439559331	1.439559331	1.461989184	1.459937126	1.301492463
	0.6288410531	1.252873569	1.303380333	1.252873569	1.430009356
	1.443580824	1.421282581	1.458433498	1.455592931	1.455520455
	1.462845611	1.466207094	1.459719928	1.459719928	1.458012049
	1.454964449	1.458433498	1.364453248	1.346348552	1.336729293
	1.330350671	1.317812703	1.317812703	1.308283577	1.383354121
	1.383354121	1.364453248	1.430009356	1.435059086	1.411281538
	1.389943205	1.442668355	1.452473489	1.458432438	1.480047409
	1.458432438	1.452473489	1.352580489	0.6288410531	1.239885284
	1.239885284	1.274458021	1.414708763	1.435059086	1.383292141
	1.419050058	1.458433498	1.452665315	1.45666478	1.45666478
	1.455167958	1.450365371	1.446467662	1.44877435	1.453023571
	1.358684825	1.333326074	1.333326074	1.31853509	1.309534274
	1.383354121	1.358684825	1.402568016	1.418675823	1.435059086
	1.389943205	1.440908	1.452473489	1.437830832	1.458432438
	1.607067288	1.669342226	1.240276353	1.287779448	1.239885284
	1.248840535	1.440908	1.3845225	1.418675823	1.444399166
	1.44877435	1.45666478	1.455167958	1.449847735	1.444858778
	1.446467662	1.446805007	1.453023571	1.358684825	1.333326074
	1.287779448	1.321321653	1.318020645	1.373461634	1.354329376
	1.409732279	1.418675823	1.432504941	1.390572789	1.444399166
	1.439051485	1.437830832	1.298211559	1.240276353	1.277857216
	1.29871452	1.233496225	1.233496225	1.433359472	1.379588647
	1.40913919	1.442383749	1.442383749	1.444538413	1.446977038
	1.446715476	1.445557988	1.444858778	1.444202781	1.354329376
	1.343244361	1.29871452	1.321321653	1.367361266	1.355679347
	1.399646904	1.418740147	1.433359472	1.399646904	1.438920036
	1.298211559	1.439051485	1.440109617	1.340220256	0.5344569969
	1.292605637	1.292605637	1.110959391	1.291165928	1.379035744
	1.422019515	1.414818451	1.442383749	1.444202781	1.440109617
	1.441269574	1.441269574	1.44031688	1.444202781	1.355679347
	1.343244361	1.316068964	1.371295267	1.379035744	1.399646904
	1.416717543	1.399173582	1.429189478	1.429206694	1.440109617
	1.428093178	1.414751572	1.254649909	0.6523722182	1.319494455
	1.332462032	1.367957404	1.367957404	1.379035744	1.422019515
	1.416717543	1.241463027	1.430588095	1.433593989	1.435860464
	1.441860039	1.435860464	1.344126717	1.332462032	1.332462032
	1.370118366	1.382670024	1.407752853	1.419712111	1.396775238
	1.429189478	1.429206694	1.433593989	1.428093178	1.394061463
	1.157957387	1.157957387	1.342015473	1.367957404	1.342015473
	1.381641593	1.419712111	1.403966822	1.179137038	1.424702737
	1.434824989	1.435860464	1.429630581	1.357937414	1.349501103
	1.37174324	1.381641593	1.403966822	1.403385263	1.381641593
	1.424702737	1.414191449	1.420953634	1.419397367	1.42592137
	1.266703849	1.305184283	1.342015473	1.299517045	1.331867647
	1.200588741	1.424702737	1.420412111	1.417277626	1.349501103
	1.340699466	1.37174324	1.386092338	1.403385263	1.403385263
	1.386092338	1.410494733	1.404849811	1.418673283	1.415736604
	0.5476712056	1.328675849	1.331867647	1.3261906	1.417752502
	1.418673283	1.417277626	1.417277626	1.40779491	1.362516689
	1.352046171	1.362516689	1.386092338	1.398751259	1.387680591
	1.398751259	1.415736604	0.5769367426	1.329263911	1.329263911
	1.1503112	1.409206981	1.40779491	1.374420102	1.374690178
	1.384090921	1.398494972	1.398992575	1.384090921	1.387668874
	1.457768475	1.344731852	1.329263911	1.374134247	1.415304586
	0.9551289361	1.38790121	1.38790121	1.377343235	1.384090921
	1.398151673	1.387668874	1.387668874	1.457768475	0.6892063237
	1.369832479	1.352070915	1.38790121	1.377343235	1.384254417
	1.384254417	0.9015271179	1.358536303	1.352070915	1.404189081
	1.358536303	0.8151904556	0.6888331965	0.716627154	