5884	
	4.905157613e-09	1.36044811e-08	1.36044811e-08	5.13700682e-08	3.405957294e-08
	3.650617417e-07	1.681275936e-07	5.13700682e-08	1.295742186e-06	3.650617417e-07
	3.650617417e-07	2.855744096e-06	5.020844099e-06	5.020844099e-06	2.370431913e-07
	1.028814572e-06	1.295742186e-06	7.082051216e-06	2.855744096e-06	2.855744096e-06
	1.350937618e-05	7.096600303e-06	1.350937618e-05	2.879618561e-07	1.825010282e-06
	8.946107393e-06	8.946107393e-06	1.499674336e-05	6.420011194e-05	6.38233825e-06
	3.185011076e-05	1.350937618e-05	2.879618561e-07	3.820890355e-06	8.493873656e-06
	2.172688843e-05	2.095284955e-05	0.0001018879485	0.0001018879485	3.145661551e-05
	5.142162e-05	4.238448435e-05	8.053914433e-05	3.820890355e-06	1.630755845e-06
	0.0001113084442	8.493873656e-06	1.630755845e-06	8.493873656e-06	2.172688843e-05
	2.172688843e-05	4.957727336e-05	0.0001018879485	0.0001461595403	0.000472482987
	3.447841233e-05	5.357901221e-05	8.053914433e-05	8.053914433e-05	9.564310365e-06
	3.323239042e-05	6.297589838e-06	9.901470386e-05	0.0001725076843	1.933338505e-05
	2.946810506e-05	1.933338505e-05	4.957727336e-05	1.698230442e-05	0.0001198151011
	0.0001916183244	0.0004673037384	0.0007205819547	5.357901221e-05	9.901470386e-05
	0.0001561458031	5.683539809e-05	2.021973955e-05	2.021973955e-05	1.649217089e-05
	0.0002323067536	0.000302697933	2.946810506e-05	2.946810506e-05	5.305543628e-05
	0.0001198151011	1.698230442e-05	0.0003009365475	0.0004948127848	0.0007108743382
	0.0007205819547	5.683539809e-05	9.320487173e-05	0.0001923882756	5.274204298e-05
	8.505665398e-05	1.649217089e-05	2.021973955e-05	3.317159489e-05	1.649217089e-05
	1.712277055e-05	0.000302697933	0.000302697933	9.578663215e-05	0.000111261222
	0.0003002322179	7.575299661e-05	9.578663215e-05	0.0004948127848	0.0003840758119
	0.0004948127848	0.0009993007253	0.0009993007253	8.505665398e-05	0.0001271090803
	0.0001923882756	5.274204298e-05	3.317159489e-05	6.108766587e-05	9.330990594e-05
	3.199934882e-05	3.199934882e-05	0.0002678119101	0.0003324211727	7.639838031e-05
	7.639838031e-05	9.578663215e-05	0.0001819126086	0.0001469967692	0.000111659677
	0.0003392873074	0.000631572191	0.000631572191	0.000111659677	0.0008675394782
	0.00133675097	0.001246883309	0.0003147548941	0.0001225813188	0.0001808756735
	9.330990594e-05	6.823341638e-05	0.0001102276408	0.00017473333	8.742691806e-05
	6.823341638e-05	0.0003730415077	0.0003730415077	0.0001644850148	0.0001644850148
	8.742691806e-05	0.0001673766742	0.000111659677	0.0003392873074	0.0005004777774
	0.000631572191	0.0002296740076	0.00133675097	0.00133675097	0.002305577237
	0.0003110954474	0.0002152260903	0.0001848624767	0.0001225813188	0.00017473333
	0.0001404924005	0.00017473333	0.0001102276408	0.0001381501166	0.0001876878469
	0.0001992461459	0.0003872545374	0.0004868187029	0.0001644850148	0.0002489583418
	0.0001213766274	0.0002408019075	0.000361868517	0.0003427106709	0.000518822688
	0.000518822688	0.0007634051595	0.0002296740076	0.0002296740076	0.001361038721
	0.001934580599	0.002772670346	0.0003603536802	0.00026070957	0.0002488085599
	0.0002330527061	0.0002330527061	0.0001876878469	0.0002110998045	0.0002110998045
	0.0001992461459	0.0002976247253	0.0001992461459	0.0003872545374	0.0004868187029
	0.0002489583418	0.0002408019075	0.0003553584742	0.0002838596061	0.0002489583418
	0.000254157809	0.0003330414938	0.0006449993412	0.000757593862	0.00117157983
	0.0004243668226	0.0003229210889	0.001584774644	0.001584774644	0.002772670346
	0.0003603536802	0.0003603536802	0.0002859157713	0.0002488085599	0.0002859157713
	0.0003027197714	0.0002976247253	0.0004252149324	0.0004688030004	0.0002758373018
	0.0002976247253	0.0003863617382	0.0004078147195	0.0003539040655	0.0004597485398
	0.0003553584742	0.0004426736241	0.0002838596061	0.0003553584742	0.0002838596061
	0.0004257838602	0.0004243668226	0.0008123432643	0.0011463299	0.00117157983
	0.0004243668226	0.0005877342163	0.001821951008	0.001821951008	0.003553596468
	0.000380414119	0.0003822751163	0.0003308236711	0.0003686002602	0.0004240330722
	0.0004252149324	0.0004252149324	0.0004688030004	0.0004355220363	0.0005423190241
	0.0005423190241	0.0006024420706	0.0004078147195	0.0004912896385	0.0004597485398
	0.0004597485398	0.0004204079216	0.0005849382906	0.000353006411	0.0004204079216
	0.0004626544286	0.0006155298274	0.0008123432643	0.0008123432643	0.001221586679
	0.001173255031	0.0007654773351	0.0005849382906	0.001507623278	0.002744360433
	0.003766261043	0.0003833069688	0.0003428677104	0.0004198786292	0.0004355220363
	0.0004355220363	0.0004240330722	0.0008278171899	0.000497660669	0.0006093844221
	0.0005423190241	0.0007690096691	0.0008468002346	0.0007832460847	0.0006481358076
	0.0006481358076	0.0003866848652	0.0003833069688	0.0003866848652	0.0005394163055
	0.0005394163055	0.0007341445434	0.0004703063108	0.0004259880319	0.0004713457309
	0.0006132222304	0.0006132222304	0.000903276973	0.001221586679	0.001221586679
	0.001680880514	0.0008624462881	0.0009364856822	0.002181767185	0.003766261043
	0.003766261043	0.0003833069688	0.000404738809	0.000404738809	0.0007672879894
	0.0006718734509	0.0007819773758	0.0007819773758	0.0006093844221	0.0008590983094
	0.0009809988607	0.0009809988607	0.0007832460847	0.000727917649	0.0009458496969
	0.0003610665347	0.0003866848652	0.0003332282902	0.0003605446567	0.0007043886888
	0.0007043886888	0.0006873017708	0.000436016831	0.0005394163055	0.0004535597284
	0.0009068603482	0.000675547513	0.000675547513	0.0006132222304	0.001061116167
	0.001048145728	0.001227940236	0.001227940236	0.002181767185	0.001080524022
	0.00120216848	0.002181767185	0.003978728717	0.003983786319	0.0004327735928
	0.0006134761078	0.0006037230327	0.0007672879894	0.00136510851	0.0008619740036
	0.0007819773758	0.00120382918	0.001346632661	0.001346632661	0.001492892532
	0.001392716766	0.001492892532	0.00131693732	0.001794901209	0.0004032591002
	0.0003231276154	0.0003015709	0.0003015709	0.0003128746658	0.0007043886888
	0.001290106524	0.001794901209	0.0005087606522	0.0008740643039	0.0006283531536
	0.0004876397416	0.00120216848	0.0009350284214	0.0009350284214	0.001388008961
	0.0008635975956	0.001048145728	0.001227940236	0.001604176911	0.0015028267
	0.001311863983	0.00120216848	0.002366661465	0.001981486192	0.002967737859
	0.002963315683	0.000661675566	0.0007848494566	0.000661675566	0.00128764218
	0.001588568739	0.0009049022244	0.001588568739	0.00106277131	0.001871173179
	0.001346632661	0.00131693732	0.00208981373	0.001302670429	0.001610282781
	0.003045830095	0.002683774576	0.002318424458	0.001644403337	0.001794901209
	0.0006085226574	0.0004731029071	0.0003544173604	0.0002796423412	0.0002586423285
	0.0002576021053	0.002884328552	0.003045830095	0.003045830095	0.0005087606522
	0.001290106524	0.0005087606522	0.0008740643039	0.0006283531536	0.0004495906243
	0.0008451201673	0.00139702649	0.001203604741	0.0009350284214	0.001203604741
	0.001442057212	0.001442057212	0.00175860811	0.001500292043	0.001657020123
	0.00175860811	0.002366661465	0.001981486192	0.002967737859	0.002852937399
	0.000661675566	0.0007848494566	0.00167850784	0.001588568739	0.001925572738
	0.001530469417	0.001370755194	0.007017681452	0.002512550338	0.002182637535
	0.00208981373	0.002685615921	0.002256034048	0.005567583782	0.005567583782
	0.004407198805	0.003599419673	0.003599419673	0.002254479032	0.0004731029071
	0.0003544173604	0.0003544173604	0.0002511137442	0.0002314844332	0.0001664696525
	0.00849334277	0.005543768684	0.005543768684	0.003108168935	0.003108168935
	0.001616781011	0.0004795778156	0.0007563846192	0.0004795778156	0.001575899405
	0.0008149011259	0.0005778073776	0.001143564624	0.001705170479	0.001655039564
	0.001575899405	0.001575899405	0.001442057212	0.00175860811	0.001705170479
	0.001500292043	0.001852943529	0.001797384335	0.001884715175	0.002269179432
	0.002024460395	0.002640430589	0.003281426708	0.0008645178148	0.0007890676085
	0.001925572738	0.001530469417	0.001530469417	0.001370755194	0.001370755194
	0.01904092111	0.007487015056	0.007017681452	0.002638859206	0.002685615921
	0.003159288951	0.002685615921	0.002545076709	0.006347563304	0.005310683095
	0.005310683095	0.003599419673	0.002638859206	0.0005940931498	0.0003039665944
	0.0002314844332	0.0001457781945	0.0001457781945	7.036102931e-05	0.01353967423
	0.02835247453	0.01727150482	0.01202145817	0.005543768684	0.003108168935
	0.001180125732	0.001180125732	0.0005778073776	0.0004558322352	0.001143564624
	0.0008149011259	0.0005778073776	0.001143564624	0.001705170479	0.001655039564
	0.002010218846	0.001595133195	0.001775238563	0.002235936579	0.002455258854
	0.002235936579	0.001922400384	0.001884715175	0.002098241988	0.002098241988
	0.002348746208	0.003281426708	0.0005150820616	0.001180607642	0.002929833576
	0.002031482395	0.002283983482	0.001641017386	0.001287381956	0.00505652353
	0.0100381795	0.007487015056	0.005331010251	0.003557553316	0.003159288951
	0.002474942594	0.002795933788	0.002929833576	0.002929833576	0.005310683095
	0.005331010251	0.005091897756	0.004319795705	0.003935244517	0.0005150820616
	0.0003700739632	0.0002853221663	0.0001457781945	0.0001552873197	7.036102931e-05
	0.04584113811	0.01727150482	0.01202145817	0.0053202954	0.0053202954
	0.001773529176	0.001364481713	0.0004299662064	0.0004299662064	0.001246024634
	0.001307138481	0.001489057047	0.002726580892	0.002010218846	0.002726580892
	0.001775238563	0.002077039903	0.002649329851	0.00240007333	0.001922400384
	0.00179849916	0.002348746208	0.00172937873	0.002348746208	0.002020683236
	0.0007259816847	0.0006914425744	0.002036931827	0.003040361052	0.002036931827
	0.001564809507	0.001420241992	0.00505652353	0.003678044148	0.004944944577
	0.003322100146	0.004060450619	0.003593041085	0.004051765757	0.003160948792
	0.004033317801	0.005467434343	0.004319795705	0.004319795705	0.004033317801
	0.0003700739632	0.0006329605687	0.0003700739632	0.0002159854176	3.815363248e-05
	7.757103072e-05	3.815363248e-05	0.07452339626	0.05086593623	0.01054571899
	0.01054571899	0.004138338329	0.002028916096	0.001041034842	0.0009876774684
	0.001489057047	0.002382992244	0.001489057047	0.002866641188	0.002932943709
	0.003069812026	0.00289398754	0.002077039903	0.002077039903	0.00240007333
	0.001926559532	0.001994139311	0.00172937873	0.001863343416	0.001514489356
	0.002020683236	0.001647864339	0.0006329605687	0.0007259816847	0.0009741350559
	0.002036931827	0.003160948792	0.002866750953	0.001564809507	0.001704925596
	0.001425413147	0.001640700294	0.0005413339471	0.003322100146	0.003322100146
	0.003600366946	0.003153528637	0.004033317801	0.003600366946	0.003971132189
	0.003810570976	0.0006329605687	0.000400168889	0.0002159854176	0.0002159854176
	5.973585116e-05	0.0001318128378	0.0001026827431	0.1195350783	0.05539950517
	0.01054571899	0.004138338329	0.004138338329	0.0009876774684	0.00201431405
	0.0009876774684	0.002171155684	0.00213914183	0.002932943709	0.001879316768
	0.00289398754	0.00385765964	0.00385765964	0.00289398754	0.003820742738
	0.002611117968	0.00313535096	0.001875631556	0.002236108177	0.001528555153
	0.001384447231	0.001384447231	0.002561239577	0.001317677038	0.001323698638
	0.0005319911592	0.0009741350559	0.002561239577	0.003153528637	0.002368254078
	0.002193903432	0.001806488812	0.001425413147	0.003114264689	0.001350634886
	0.0006269562358	0.002122566883	0.00298267971	0.002849294959	0.00298267971
	0.001962654702	0.003964789954	0.003810570976	0.0005319911592	0.0004151054559
	0.0002963231945	0.0006131026179	0.0001710187582	0.0001318128378	0.0001318128378
	9.010677093e-05	0.08398375967	0.04692380746	0.009390673619	0.004057324556
	0.001884366344	0.001380912282	0.001884366344	0.004184033341	0.002171155684
	0.002595441375	0.002090111071	0.00313535096	0.003927276635	0.00385765964
	0.004736496419	0.002236108177	0.00330709665	0.001778494435	0.002236108177
	0.001528555153	0.002559188791	0.001384447231	0.001235110607	0.001014612899
	0.00113536721	0.002849294959	0.0007623158725	0.0008595334583	0.002368254078
	0.002452568109	0.002169974774	0.001641021635	0.001324086345	0.003114264689
	0.004328296689	0.0006269562358	0.001962654702	0.00298267971	0.002849294959
	0.002299668459	0.003109317376	0.0006131026179	0.0004018227121	0.0002987690435
	0.0002289371614	0.0006131026179	0.0001710187582	9.010677093e-05	0.0001315434996
	8.085155141e-06	0.004184033341	0.1008113034	0.04422735832	0.01308395062
	0.008288418216	0.001884366344	0.002913794733	0.003565852316	0.002090111071
	0.004289414925	0.004994477324	0.003927276635	0.004534671125	0.003927276635
	0.00330709665	0.002136141756	0.001587849532	0.001210572085	0.002136141756
	0.0007943063917	0.0007943063917	0.0007257136151	0.0007257136151	0.002347327764
	0.002750685279	0.001091412901	0.002169974774	0.002169974774	0.001641021635
	0.001130701517	0.01301609793	0.002699019327	0.0007102125969	0.001574452471
	0.003109317376	0.001990951066	0.0005688436555	0.0005688436555	0.0002289371614
	0.0002972758777	0.0002289371614	0.0004029776956	0.0001534903404	8.085155141e-06
	8.004347333e-05	8.085155141e-06	0.00443770821	0.004151656679	0.09899247986
	0.01623446451	0.007291837473	0.007291837473	0.002913794733	0.002913794733
	0.00410807666	0.004927467662	0.005422697961	0.004346327462	0.004107574583
	0.004107574583	0.003406902319	0.002136141756	0.001509508918	0.000843258164
	0.003406902319	0.00057702681	0.000843258164	0.0004724637973	0.0005955228803
	0.001619040077	0.001998802176	0.001817606043	0.000876092548	0.001619040077
	0.001537676786	0.01301609793	0.0002890076931	0.0005222057909	0.0005222057909
	0.001998802176	0.0007239745781	0.0005688436555	0.0006627209935	0.0002972758777
	0.0002723312715	0.0002723312715	0.0004393208731	0.0002133959807	0.0001306907261
	6.500886539e-05	7.921560725e-05	1.133537947e-05	0.00410807666	0.09899247986
	0.01104320448	0.007291837473	0.006494075498	0.002693532405	0.002693532405
	0.005422697961	0.004346327462	0.004346327462	0.005178730802	0.005028432438
	0.004107574583	0.003406902319	0.001784732868	0.001509508918	0.0006861374041
	0.00179925746	0.0003687450871	0.0006861374041	0.0003687450871	0.0004544266309
	0.001619040077	0.001817606043	0.001817606043	0.0005833334134	0.0009654909238
	0.001035301462	0.0275627934	0.000578311007	0.001658420527	0.0005222057909
	0.001131919608	0.0005833334134	0.0003690028012	0.0003690028012	0.0005833334134
	0.0004622192825	0.0002723312715	0.0002133959807	0.0003792814237	0.0002398001368
	0.000232019211	8.276522564e-05	7.921560725e-05	7.921560725e-05	2.102176339e-05
	0.004342381965	0.003145288093	0.09536103567	0.03496578997	0.006494075498
	0.002749740227	0.002749740227	0.005348324265	0.005442283338	0.005178730802
	0.004342381965	0.003861267946	0.005004796259	0.003395040059	0.00183465215
	0.00183465215	0.001276069232	0.001874377867	0.0003687450871	0.0004008027116
	0.001157757147	0.0001566367438	0.0001568495819	0.001658420527	0.001391016755
	0.001471827815	0.001068923091	0.001035301462	0.001391016755	0.0180640219
	0.001552865093	0.00142540772	0.001552865093	0.00142540772	0.0003792814237
	0.0004422225278	0.0003690028012	0.0005122732465	0.0004622192825	0.0003949992099
	0.000335690664	0.0002398001368	0.0005253634716	0.0001328504043	0.000232019211
	0.0001130073417	1.470815826e-05	0.0001130073417	2.102176339e-05	2.102176339e-05
	0.005196671602	0.005325056866	0.003038155676	0.09504026456	0.0399754634
	0.005392440894	0.003038155676	0.005442283338	0.005442283338	0.006000417461
	0.006401728702	0.005658145782	0.004678780874	0.004401759059	0.003362301099
	0.001157757147	0.001751292557	0.001157757147	0.001751292557	0.0003845274817
	0.0001702172615	0.0006706518668	9.16185465e-05	9.16185465e-05	0.001363113124
	0.001407512481	0.0009415405339	0.001068923091	0.001407512481	0.01914989401
	0.001552865093	0.00142540772	0.001628671687	0.000371948582	0.0006714017022
	0.0005122732465	0.0004170647574	0.000335690664	0.000335690664	0.0004082738063
	0.000465928587	0.0004430771046	0.000211233801	5.951966969e-05	9.01874855e-06
	5.616288208e-05	8.565094098e-06	8.565094098e-06	0.005325056866	0.004175427424
	0.003832724121	0.06228841396	0.03998142867	0.003832724121	0.005978078344
	0.006463492758	0.00657549807	0.004335096189	0.005044066417	0.004339849483
	0.003362301099	0.001145027079	0.001751292557	0.002429358785	0.002459492018
	0.002459492018	0.0001433101445	0.0003762149847	0.0003770865997	9.16185465e-05
	0.0001433101445	0.0001442622585	0.0001442622585	0.001759156532	0.0006717064587
	0.0009415405339	0.001009480022	0.01914989401	0.001459274836	0.001628671687
	0.001759156532	0.0004430771046	0.0007689751349	0.0008508119929	0.0006483949105
	0.0004362563274	0.0006294652072	0.0004082738063	0.0001960608395	0.0003664973554
	0.0006294652072	0.000465928587	0.000465928587	4.778881138e-06	5.905647209e-05
	0.0002309430577	0.0002309430577	9.029003653e-05	0.0001158500843	6.924014534e-05
	1.367132787e-05	9.246014458e-05	0.004359719755	0.004175427424	0.005705316709
	0.04565182389	0.01214278836	0.005978078344	0.00657549807	0.00657549807
	0.004359719755	0.006463492758	0.004339849483	0.004135177171	0.004166458479
	0.001088127409	0.001611629825	0.002291165901	0.003277374903	0.0001433101445
	0.001189044984	0.0004763125032	0.0004763125032	0.0003602594472	0.0003602594472
	0.0002489358737	0.001759156532	0.001472155699	0.009889955357	0.002161718472
	0.002058924926	0.0007689751349	0.001212780244	0.0007689751349	0.0009836824163
	0.0004362563274	0.0006294652072	0.0003388174107	0.0004259538222	0.0005379663748
	0.0005379663748	2.357905541e-06	1.367132787e-05	5.905647209e-05	0.0002309430577
	0.0003388174107	0.0002078201584	0.0001095559237	7.965041537e-05	1.367132787e-05
	0.004359719755	0.003202680669	0.01214278836	0.04565182389	0.006083323848
	0.005596701019	0.007193081772	0.003677515054	0.005596701019	0.004135177171
	0.004135177171	0.003277374903	0.001189044984	0.002291165901	0.002291165901
	0.00200414411	0.003383520564	0.0008825685197	0.001189044984	0.0004763125032
	0.001472155699	0.0003833328532	0.0003762324839	0.0005295089163	0.0005295089163
	0.002058924926	0.001212780244	0.003834370497	0.002912552918	0.0003336544878
	0.001097944072	0.001097944072	0.0005806432833	0.0005652761893	0.0003990517689
	0.0004259538222	0.0004259538222	7.234109393e-05	2.547532273e-05	6.180556353e-05
	5.080891992e-05	0.0002996801145	0.0003698671627	0.000149464352	0.0002996801145
	0.0002250502911	9.096961238e-05	0.003202680669	0.003202680669	0.02580242199
	0.006083323848	0.005426207382	0.006083323848	0.006443382036	0.004103021097
	0.005258173547	0.005248724685	0.0008825685197	0.001184276484	0.00252808032
	0.003439890573	0.002049884741	0.002718272036	0.00103659569	0.0006344952342
	0.0004059649355	0.001371036685	0.0005295089163	1.450271457e-05	2.468371004e-05
	0.001971382581	0.002027711964	0.001704375019	0.004780951499	0.0007482624171
	0.0005652761893	0.001097944072	0.00148884511	0.0008455190109	0.0005652761893
	0.0003990517689	0.0003698671627	7.234109393e-05	6.046659459e-05	6.507150038e-05
	6.768061363e-05	7.476860872e-05	0.0003698671627	0.000149464352	0.0001553315456
	0.0001086536196	0.0003947813036	0.004103021097	0.003549753737	0.02580242199
	0.005258173547	0.006480298625	0.005426207382	0.006656235076	0.00268468883
	0.005258173547	0.004344394937	0.005281757629	0.001720873881	0.003439890573
	0.00252808032	0.002869672187	0.002869672187	0.001720873881	0.001881986318
	0.0008925401968	0.0008925401968	0.0010212211	0.001405448226	0.001522107108
	3.652588786e-05	4.868558617e-05	4.868558617e-05	4.715824424e-05	0.002027711964
	0.002027711964	0.002021243262	0.006465968852	0.0007780292196	0.001149218904
	0.00191500781	0.00148884511	0.001541401641	0.0007222020494	0.0005208484296
	0.0005208484296	0.0003709399748	0.001005874826	0.000938856887	6.046659459e-05
	6.046659459e-05	6.507150038e-05	7.58342355e-05	0.000140358722	0.0002037000311
	0.000140358722	0.0001043246219	0.0002273843307	0.003020507673	0.003020507673
	0.07845175035	0.006764200331	0.003527802094	0.006710627339	0.003527802094
	0.002796792354	0.005281757629	0.004687089617	0.006764200331	0.002804624922
	0.003821543172	0.002804624922	0.004687089617	0.002321775253	0.002321775253
	0.001196399659	0.001196399659	0.001277993422	0.001692659468	0.001936109672
	0.001734354738	7.452382704e-05	7.483721148e-05	4.868558617e-05	8.421859712e-05
	5.941655861e-05	0.002050271663	0.0021647672	0.002050271663	0.008855129752
	0.001405281257	0.001149218904	0.001609961439	0.002148806046	0.001886631463
	0.0006851051812	0.0004705860403	0.0004705860403	0.001120013016	0.001506533796
	6.388772294e-05	7.58342355e-05	0.0001043246219	0.0001134115176	0.0001516773271
	0.0003510299679	0.0001752254312	0.0004782695087	0.003020507673	0.0923928945
	0.006764200331	0.005525735261	0.003527802094	0.005525735261	0.002796792354
	0.00623776945	0.00623776945	0.002804624922	0.003138206564	0.004706818215
	0.003821543172	0.005939750966	0.002534567511	0.001784816051	0.001196399659
	0.001233646814	0.001921265772	0.002223492089	0.002223492089	9.008161441e-05
	7.833441136e-05	6.245828183e-05	7.24825304e-05	7.432826677e-05	8.740766319e-05
	0.002050271663	0.001673671054	0.003932400481	0.001609961439	0.001609961439
	0.001828964875	0.001886631463	0.001130189083	0.0004782695087	0.0008731607677
	0.001506533796	0.001506533796	0.001367586165	0.0001161171217	0.0002063542663
	0.0002757338116	0.0002757338116	0.000394648222	0.0002485828544	0.0004782695087
	0.000394648222	0.000720389836	0.0007299717355	0.002901882443	0.06288404167
	0.006529390283	0.005406046411	0.005525735261	0.005044668314	0.002809102671
	0.00623776945	0.003257737667	0.004305548519	0.003613969253	0.004706818215
	0.005939750966	0.003257737667	0.003257737667	0.005991073722	0.002236482981
	0.001788379213	0.001788379213	0.001886124064	0.002335688622	0.002335688622
	8.570858351e-05	7.833441136e-05	7.68127601e-05	9.859335731e-05	8.740766319e-05
	0.0001002225267	0.0001002225267	0.0001202461755	0.001673671054	0.003932400481
	0.001826402639	0.00177493008	0.001334607983	0.001497332653	0.0008731607677
	0.00177493008	0.001497332653	0.0001161171217	0.000184301	0.0003819324141
	0.0003802955154	0.0005226487603	0.0005226487603	0.0007299717355	0.0009341994552
	0.0007614491895	0.0009219715943	0.00578131341	0.05543128235	0.004976679949
	0.004624024719	0.004624024719	0.003169537063	0.005506836233	0.005991073722
	0.003817278672	0.00429133865	0.004337518625	0.005506836233	0.00267354179
	0.003817278672	0.005991073722	0.005580904576	0.002276745494	0.002276745494
	0.001788379213	0.002206875491	0.002206875491	0.002335688622	0.002707707572
	0.003726982874	9.854845655e-05	9.828671787e-05	0.000108194005	9.446241408e-05
	8.550410918e-05	8.457618807e-05	8.192208567e-05	0.000108194005	8.705013105e-05
	5.971606346e-05	8.705013105e-05	0.0001202461755	0.0001002225267	0.0001146587312
	0.0001202461755	0.001334607983	0.003906042328	0.001490665643	0.001713399246
	0.0013136999	0.001710568389	0.001497332653	0.001450585893	0.001600039839
	0.0001777847535	0.0004036179933	0.0003802955154	0.0003819324141	0.0006578348499
	0.0005226487603	0.00118419093	0.0007614491895	0.001138922283	0.008365747141
	0.02913737273	0.003569184757	0.001719602283	0.002333010669	0.005506836233
	0.005822886962	0.004157095869	0.004157095869	0.005065539948	0.005184417839
	0.00312705727	0.005822886962	0.00539857339	0.005314761903	0.002260677032
	0.002276745494	0.002709528324	0.002260677032	0.002206875491	0.002964694717
	0.002501356074	0.00312705727	0.003726982874	0.003322457524	8.107341853e-05
	7.896399527e-05	9.087987004e-05	8.192208567e-05	7.818474454e-05	0.0001331671881
	8.107341853e-05	1.31890499e-05	6.216125553e-05	3.275720113e-05	1.815436505e-05
	8.383877518e-05	5.971606346e-05	7.801715004e-05	5.971606346e-05	7.842207387e-06
	1.31890499e-05	0.0002724926135	0.0001146587312	0.0001146587312	0.0002582340669
	0.005847217382	0.008771701851	0.001715596285	0.0009445657166	0.0009445657166
	0.001622402876	0.001450585893	0.001450585893	0.001731059473	0.0002724926135
	0.0004036179933	0.0006711817175	0.0006578348499	0.0008416810046	0.001320697421
	0.0008416810046	0.001138922283	0.005297261479	0.02913737273	0.001719602283
	0.003569184757	0.002333010669	0.004864227523	0.004157095869	0.003781268372
	0.004864227523	0.004713989133	0.004713989133	0.003893203775	0.002416338907
	0.0023989245	0.002572215497	0.00292950976	0.002850081975	0.00240660997
	0.002525789021	0.002525789021	0.003322457524	0.003901483195	0.003322457524
	8.107341853e-05	7.896399527e-05	7.337341579e-05	8.150907173e-05	0.0001177045379
	0.0001458136332	7.43134138e-05	1.31890499e-05	2.800327065e-05	1.911800322e-05
	3.609066123e-05	7.801715004e-05	4.539494436e-05	5.618158381e-05	1.062178094e-06
	1.062178094e-06	7.692809145e-08	4.227862025e-07	1.497393505e-06	8.571036202e-06
	3.985565492e-06	0.0003546894913	0.000232753491	0.0002260725688	0.0002260725688
	0.0009231166996	0.01701641287	0.001622402876	0.0009445657166	0.001622402876
	0.001642759942	0.001384912119	0.001387625276	0.0006486846877	0.0003546894913
	0.0007332071473	0.0008971320491	0.0008416810046	0.001136598725	0.001067948174
	0.007059385047	0.04396952338	0.002483510488	0.002456870251	0.004405678563
	0.004864227523	0.003901483195	0.003781268372	0.003961248041	0.003893203775
	0.003893203775	0.002416338907	0.002416338907	0.002494485638	0.002727602633
	0.003178167265	0.002850081975	0.002850081975	0.002486820552	0.002486820552
	0.00308897735	0.003253020932	0.003090559537	8.480368136e-05	8.480368136e-05
	6.164754421e-05	0.0001177045379	0.000141708091	0.0001458136332	6.778716334e-05
	1.101138694e-05	2.90725835e-05	2.90725835e-05	3.385755441e-05	3.708906773e-05
	3.708906773e-05	7.581656674e-06	7.692809145e-08	6.858300594e-10	1.497393505e-06
	1.978383146e-08	6.815689968e-08	1.978383146e-08	1.842577753e-06	3.985565492e-06
	3.970415787e-06	0.0003546894913	0.000219315785	0.0002260725688	0.0003235817883
	0.009809111246	0.01701641287	0.0009946588164	0.0005297530757	0.0009946588164
	0.001136598725	0.001166877227	0.001166877227	0.001086173744	0.0008971320491
	0.0007332071473	0.0004991845919	0.0007332071473	0.0009101740944	0.0009101740944
	0.001121528533	0.004405678563	0.04887198114	0.0013548016	0.002456870251
	0.005464515164	0.003087577891	0.003134379908	0.003087577891	0.002634663907
	0.002819447292	0.002075334111	0.002372298146	0.002424414017	0.002554442099
	0.002756736325	0.003405196302	0.004152575987	0.002449028794	0.002488695205
	0.002486820552	0.003134379908	0.003324484381	0.003015500063	8.480368136e-05
	6.973127938e-05	6.973127938e-05	0.000141708091	0.000141708091	0.0002483034397
	7.440068886e-05	1.708279184e-05	1.708279184e-05	3.385755441e-05	4.404981338e-05
	3.238909991e-05	7.581656674e-06	3.970415787e-06	1.144228041e-07	8.993217548e-08
	1.564391686e-06	1.978383146e-08	1.891524684e-07	1.180382183e-07	3.970415787e-06
	0.0004266403084	0.0002483034397	0.0004011302376	0.004881022983	0.0244006225
	0.0009946588164	0.0005286396749	0.001086173744	0.0008794899026	0.001166877227
	0.0008681631047	0.0005223134961	0.0008325908373	0.0007711124875	0.0007711124875
	0.0009101740944	0.0009250965662	0.02327875926	0.0639980867	0.002209943522
	0.001657990524	0.005464515164	0.002634663907	0.002266001969	0.001715901331
	0.002454836282	0.002343147972	0.002343147972	0.001770407858	0.002372298146
	0.002372298146	0.002424414017	0.002643108321	0.003405196302	0.004152575987
	0.004152575987	0.001657990524	0.002449028794	0.002212595327	0.002266001969
	0.002228638225	0.001773998806	7.440068886e-05	8.624525124e-05	5.799695997e-05
	0.0002725529803	0.0001829881859	0.0001113120613	0.0001829881859	9.762586784e-05
	1.708279184e-05	2.513783514e-05	2.513783514e-05	3.556345277e-05	7.279700913e-07
	7.622645165e-06	3.439090953e-06	8.993217548e-08	8.993217548e-08	7.686428596e-07
	9.144280471e-07	9.144280471e-07	1.180382183e-07	1.466101347e-06	7.279700913e-07
	0.0004011302376	0.0004011302376	0.004881022983	0.01174652203	0.0002965649539
	0.0007215908577	0.0002965649539	0.000709747761	0.0008794899026	0.0004323122999
	0.0005725257902	0.000437102407	0.0008358343575	0.0007204678944	0.0006646033046
	0.0008037521673	0.02327875926	0.07243446268	0.001657990524	0.007216823536
	0.001715901331	0.001715901331	0.002230737248	0.001773998806	0.002029892271
	0.002029892271	0.001381742567	0.002057008394	0.002057008394	0.002367391133
	0.002656981835	0.002638691378	0.003617788287	0.004429959626	0.001567413407
	0.001778788638	0.001778788638	0.001234839823	0.001499140307	0.001773998806
	1.251587628e-05	0.000274595112	8.624525124e-05	6.931217903e-05	0.0002568802209
	0.0001829881859	0.0001133207484	0.0001133207484	1.251587628e-05	5.204386149e-05
	2.844367885e-05	3.556345277e-05	2.073283571e-06	3.085948793e-06	1.114856972e-06
	4.408051194e-06	5.133680355e-06	4.408051194e-06	1.466101347e-06	1.185666088e-06
	2.073283571e-06	1.185666088e-06	0.000437102407	0.0007215908577	0.003437976858
	0.0002965649539	0.001007073208	0.0003871004331	0.0008037521673	0.000709747761
	0.0005325250767	0.0005485690117	0.0005929062712	0.0008358343575	0.0007224189936
	0.0007224189936	0.0006849635022	0.04293057187	0.07346933967	0.004588170918
	0.007216823536	0.001410580948	0.0009379003622	0.001538376972	0.002029892271
	0.00191633343	0.00191633343	0.001410580948	0.002097161204	0.002057008394
	0.002367391133	0.002367391133	0.002656981835	0.003617788287	0.004442164176
	0.003617788287	0.00293992081	0.001778788638	0.001234839823	0.001077670741
	0.001439855153	0.001077670741	0.0003383485526	0.0003383485526	8.596470489e-06
	8.106068584e-06	0.000274595112	9.730065338e-05	9.730065338e-05	0.0001671023089
	0.0001232203235	0.0001291055826	0.0002608912808	2.844367885e-05	7.682955203e-05
	2.844367885e-05	2.073283571e-06	6.598484338e-06	1.231095556e-05	1.426146243e-05
	2.108149753e-05	1.226803393e-05	7.422089817e-06	7.635940359e-06	7.635940359e-06
	0.0005750362555	0.001007073208	0.001817877073	0.0003871004331	0.0008222810256
	0.0003871004331	0.0005913068993	0.000709319392	0.000709319392	0.0007101832844
	0.0005750362555	0.0007315137293	0.0006494206372	0.0006924874957	0.0008071561559
	0.02584029951	0.04721638226	0.00293992081	0.008616382077	0.0009379003622
	0.0009379003622	0.001156301903	0.001549382202	0.001220464872	0.002336191222
	0.001568408848	0.002115791915	0.002115791915	0.001984303625	0.004380369779
	0.002620031072	0.002623334165	0.004442164176	0.002336191222	0.001089411057
	0.001568408848	0.000820714252	0.001077670741	0.001156301903	0.0005281021389
	0.0007107694973	0.0003883110224	0.0002608912808	8.445550893e-06	8.445550893e-06
	0.0002261118883	9.730065338e-05	0.0001671023089	0.0001718467176	2.31535214e-05
	2.31535214e-05	7.38259687e-05	5.509159913e-05	1.25855e-05	1.231095556e-05
	3.12541912e-05	3.839599237e-05	2.809136217e-05	1.952056256e-05	1.226803393e-05
	3.514077831e-05	3.514077831e-05	0.0003883110224	0.0006288002843	0.002800966446
	0.001817877073	0.0008379182359	0.0006509434833	0.0007276287138	0.0009006291881
	0.001018210254	0.001316245776	0.0006288002843	0.0006494206372	0.0006494206372
	0.0007379525425	0.02775010381	0.03569987848	0.006639055215	0.006639055215
	0.0008481036228	0.001615569056	0.000939688463	0.001220464872	0.002336191222
	0.001707991595	0.00200254737	0.00200254737	0.001939372979	0.003601910137
	0.003593125323	0.002620031072	0.00301306498	0.003653064768	0.001097798116
	0.001370674527	0.001003314759	0.0007059960743	0.0008481036228	0.0007059960743
	0.0005243591801	0.0004650145705	0.000486514451	0.0003883110224	0.0002394743937
	2.206922276e-05	0.0001718467176	0.0001362464196	0.0001975428841	0.0001975428841
	4.860694988e-05	2.163873622e-05	0.0001059353411	4.860694988e-05	2.142621904e-05
	3.12541912e-05	3.12541912e-05	3.140088084e-05	6.22532743e-05	4.848334133e-05
	3.514077831e-05	0.0003986589165	0.0005921764524	0.0005921764524	0.001249060545
	0.002544921175	0.0008379182359	0.001212378382	0.001018464277	0.0007379525425
	0.001316245776	0.001500244927	0.0005989999063	0.0008131253565	0.0007379525425
	0.02030166208	0.03569987848	0.006639055215	0.01000818926	0.001709434407
	0.0005678043398	0.0007017424655	0.002264664718	0.001414724227	0.001414724227
	0.001596044872	0.003509098995	0.001824105431	0.003593125323	0.003593125323
	0.002515388461	0.005802290208	0.000757078491	0.00109089147	0.000757078491
	0.0007059960743	0.001709434407	0.0008890671926	0.0004813507831	0.0004813507831
	0.000486514451	0.0003427445878	0.0002734858263	3.477061744e-05	3.477061744e-05
	0.0001832158903	0.0001498919096	0.0001582249127	4.860694988e-05	0.0001001728391
	6.615121222e-05	3.451742597e-05	5.235701887e-05	9.517083106e-05	9.517083106e-05
	3.140088084e-05	3.140088084e-05	6.22532743e-05	4.848334133e-05	0.0003986589165
	0.0005519819316	0.0005519819316	0.0003986589165	0.001212378382	0.0009995206536
	0.00172329351	0.001446295533	0.002086878844	0.0009787511768	0.001693996329
	0.002086878844	0.0005989999063	0.0006874322357	0.0006874322357	0.01000818926
	0.02806273634	0.007420768007	0.007420768007	0.002309626422	0.0006086567929
	0.0004857898482	0.003778002143	0.00109089147	0.001284187715	0.004083390221
	0.001487834218	0.002948179295	0.002089897758	0.002520758941	0.002074762039
	0.005802290208	0.0005560716826	0.0008430140246	0.00109089147	0.0004179153227
	0.001206999099	0.001340143306	0.0004813507831	0.0004793089652	0.0003868155942
	0.0004857898482	0.0003018495465	0.0002734858263	0.0002099097403	3.477061744e-05
	6.823759625e-05	9.854823668e-05	0.0002074345564	0.0001582249127	0.0001582249127
	9.854823668e-05	3.451742597e-05	5.083977841e-05	9.147369869e-05	9.517083106e-05
	9.093699584e-05	0.0001103704916	5.584032084e-05	8.861048443e-05	7.684786841e-05
	0.0002988196534	0.000468605324	0.0004725854804	0.0004581086345	0.001446295533
	0.002143593806	0.002065216443	0.001446295533	0.002086878844	0.0009787511768
	0.001736272902	0.001736272902	0.0006874322357	0.0008031648202	0.01977859552
	0.01503790487	0.007420768007	0.008050803921	0.003778002143	0.0006086567929
	0.003778002143	0.0008430140246	0.001284187715	0.001487834218	0.003903098032
	0.003409342464	0.002089897758	0.002413938523	0.002089897758	0.002485660289
	0.00101037947	0.005903855635	0.0004179153227	0.0008430140246	0.0004179153227
	0.0002896465489	0.0015453432	0.002437804785	0.0004992017544	0.0015453432
	0.0005561623701	0.0003341773565	0.0003018495465	0.000274132713	0.00019889976
	0.00019889976	4.373157502e-05	6.823759625e-05	0.0001022237824	0.0001350572903
	0.0001350572903	6.415886548e-05	5.083977841e-05	9.851260135e-05	9.851260135e-05
	0.0001486367116	0.0001486367116	0.0002049632098	0.0002049632098	7.406397568e-05
	8.188246396e-05	0.0001168695096	0.000274132713	0.000324799683	0.0003688257702
	0.0005302730235	0.0004581086345	0.001215731654	0.00413174964	0.002013477836
	0.00196620689	0.002264192632	0.001363609659	0.0009658616902	0.001034711356
	0.0006209692583	0.0008465897295	0.001328316528	0.008050803921	0.01503790487
	0.006890290618	0.006890290618	0.004207080826	0.00486040957	0.0004154216376
	0.0006964668113	0.001023031908	0.001474580326	0.00331252364	0.002918698082
	0.002918698082	0.002060848918	0.001816518152	0.002107728228	0.00101037947
	0.00101037947	0.006552326719	0.0002896465489	0.0006623082529	0.0004154216376
	0.0002896465489	0.0015453432	0.002451706507	0.001302167504	0.001239786751
	0.0005561623701	0.0003341773565	0.0004105090152	0.0002630935754	0.0002250119164
	0.0001695586415	0.0002250119164	9.716055146e-05	0.0001022237824	0.0001022237824
	9.727323903e-05	9.727323903e-05	0.0001120676077	0.0002890554164	0.000218438505
	0.000218438505	0.0002049632098	0.000173669257	0.000167487989	0.000167487989
	0.0001120676077	0.0005302730235	0.000324799683	0.0002948970738	0.0003702999384
	0.0003702999384	0.002598037535	0.002808762597	0.002264192632	0.002264192632
	0.002060444911	0.0008465897295	0.0007120543663	0.0008465897295	0.001384246249
	0.008149476243	0.008149476243	0.003673292649	0.006552326719	0.004531684063
	0.00486040957	0.0003347710035	0.0004486881605	0.001283761052	0.001482719994
	0.002963356686	0.002918698082	0.002467542236	0.002060848918	0.002060848918
	0.0009968531781	0.0006623082529	0.006234222004	0.004531684063	0.000273127519
	0.0006623082529	0.000273127519	0.0003061308638	0.001251625834	0.002836677461
	0.004311285265	0.002836677461	0.001251625834	0.0006666804859	0.000907814067
	0.0004105090152	0.0004105090152	0.0002525332803	0.0002250119164	0.0001834702101
	0.0001834702101	0.0001258458577	0.0001475502386	9.727323903e-05	0.0001360551211
	0.0001120676077	0.0002948970738	0.0002957305158	0.0003308503144	0.0004175495289
	0.0003282936077	0.000167487989	0.0002416506018	0.0002416506018	0.0001620620938
	0.0003460036067	0.0002948970738	0.0003702999384	0.0003376756618	0.002472470999
	0.007892430474	0.002702830218	0.002702830218	0.002060444911	0.001384246249
	0.0009512642555	0.0004256313193	0.0004745000067	0.0009512642555	0.008149476243
	0.0070212492	0.003037189983	0.006234222004	0.004531684063	0.0002659136678
	0.001171064353	0.001171064353	0.00295657996	0.00295657996	0.002378483481
	0.002114797879	0.00181051883	0.0009463665884	0.0005579943666	0.0007426914804
	0.006234222004	0.004587603649	0.0002683046903	0.0003061308638	0.0005579943666
	0.0003247397604	0.0002659136678	0.0002683046903	0.0003334510834	0.002282657422
	0.004311285265	0.002836677461	0.003538049542	0.001482758417	0.0007212367949
	0.001706990981	0.0007154920184	0.0007154920184	0.0002525332803	0.0002247543979
	0.0002046473752	0.0001626405761	0.0001626405761	0.0001057099541	0.0001534032461
	0.0001830423879	0.0002940711113	0.0002957305158	0.0004700582716	0.0003282936077
	0.0003282936077	0.0003280641839	0.0002637737636	0.0002647395467	0.0001620620938
	0.00037363934	0.0003296757401	0.0003296757401	0.0003743091928	0.006484739323
	0.007444970004	0.004305859926	0.003308734897	0.001987570572	0.001388711375
	0.0005373951864	0.0003481248816	0.0005373951864	0.002562093385	0.002779808274
	0.002195966111	0.003662559107	0.00450607484	0.001171064353	0.001442365904
	0.002793852757	0.00295657996	0.002958135139	0.0019596497	0.0019596497
	0.00171540796	0.001442132684	0.001183966121	0.0005808577515	0.0005579943666
	0.0004219110473	0.005401957022	0.00476071399	0.0003234354676	0.0002939754949
	0.000276651007	0.0002789722992	0.0002666394379	0.0005338785316	0.004282473623
	0.002777570114	0.002777570114	0.001706990981	0.0008702544846	0.001706990981
	0.0007154920184	0.0007983160711	0.0002425825089	0.0002247543979	0.0002046473752
	0.0002046473752	0.0001518759269	0.0001830423879	0.0001830423879	0.0003173104647
	0.0003173104647	0.0005077222818	0.0005077222818	0.0003280641839	0.0003280641839
	0.0002637737636	0.0002665734664	0.0002054075475	0.0003296757401	0.0003317331926
	0.0003317331926	0.006484739323	0.020983471	0.004950364934	0.002858414486
	0.002156592077	0.001248450967	0.0005373951864	0.0004824499984	0.0005527467322
	0.0007650183246	0.003953042355	0.002779508384	0.004095043745	0.00476071399
	0.001183966121	0.002691017118	0.002691017118	0.002127982363	0.002027758047
	0.001780662247	0.0007495292355	0.00171540796	0.0009673007528	0.0009673007528
	0.0004219110473	0.0004219110473	0.0002963542689	0.003512604038	0.003196617077
	0.0004057735365	0.0002666394379	0.0002789722992	0.0002789722992	0.0007196869474
	0.0007196869474	0.004282473623	0.004282473623	0.002470433235	0.002008468133
	0.002008468133	0.001514642628	0.001514642628	0.000831231698	0.0001848674466
	0.0002890962586	0.0002611625045	0.0002611625045	0.0002094774898	0.0003304168078
	0.0004228948464	0.0004129146362	0.0007603642365	0.0006261867446	0.000493821467
	0.0004498306102	0.0002665734664	0.0002665734664	0.0002537189391	0.0003424154475
	0.000352192052	0.0003971012531	0.0003826402217	0.008826379348	0.020983471
	0.004950364934	0.004290161305	0.00210633994	0.001473898814	0.0005527467322
	0.0007648147054	0.0007062317278	0.001358836695	0.002779508384	0.002075072816
	0.003439691183	0.000618779479	0.0005037443617	0.002587491182	0.002691017118
	0.00268363779	0.002027758047	0.003914932911	0.001780662247	0.001649504938
	0.0007457026105	0.001211816933	0.0009541875716	0.000486687078	0.0003726166466
	0.0002963542689	0.003512604038	0.003512604038	0.0005037443617	0.0003036546071
	0.00026775165	0.0007196869474	0.0007860020151	0.001361980177	0.00355951553
	0.003676456276	0.002171003472	0.00181327776	0.001514642628	0.001361980177
	0.0002409464071	0.0002930282119	0.0002611625045	0.0002537189391	0.000487218653
	0.000558023405	0.0004517659554	0.0007479691864	0.0007479691864	0.0006689691491
	0.0004498306102	0.0003606897523	0.00028530801	0.000301060583	0.0006456937695
	0.0004347828363	0.0004288378403	0.0005638155952	0.01531002484	0.03008084222
	0.004290161305	0.004290161305	0.003457032323	0.0007265851536	0.001039310131
	0.0006560463005	0.002032293419	0.001117524256	0.002075072816	0.004676295066
	0.002075072816	0.003439691183	0.003914932911	0.0005037443617	0.0002879251779
	0.002733199448	0.002575388045	0.002575388045	0.002018017866	0.001649504938
	0.00355951553	0.001167336455	0.001167336455	0.000486687078	0.0009541875716
	0.0009541875716	0.0003803580727	0.0002823562544	0.0002823562544	0.003321481292
	0.002078571401	0.000486682957	0.0002879251779	0.0006641638528	0.001067764737
	0.0006641638528	0.001454069311	0.001454069311	0.002857644016	0.002419170757
	0.002146279917	0.001740948611	0.0003542085275	0.0003139296602	0.0003542085275
	0.0005422332584	0.0006456937695	0.0004517659554	0.0006456937695	0.000881680075
	0.0006689691491	0.0006689691491	0.0004053827519	0.0004053827519	0.000402300853
	0.0003827098002	0.0006560463005	0.0005914613723	0.0005914613723	0.01531002484
	0.02618407139	0.01068826204	0.003457032323	0.003457032323	0.001039310131
	0.0006560463005	0.0009093921884	0.001251635464	0.001457976626	0.0008924762882
	0.001201113931	0.0128118316	0.002022955926	0.003321481292	0.003419412324
	0.003128292259	0.0004270341233	0.0002539504825	0.0003803580727	0.002529375072
	0.002631454289	0.002315200111	0.002315200111	0.001690148613	0.00141766317
	0.002857644016	0.001167336455	0.0005065106833	0.0007743365152	0.0003803580727
	0.000247174107	0.0002840955541	0.002506548279	0.001165124945	0.0004604612117
	0.0003165674761	0.0006641638528	0.0009987071454	0.0008570126857	0.001740948611
	0.001312774372	0.002857644016	0.002382516125	0.001740948611	0.002535608165
	0.0006882303671	0.0003777824556	0.0003542085275	0.0005422332584	0.000524529679
	0.0006882303671	0.0009993387038	0.0007491086654	0.0007491086654	0.0006068735061
	0.0006068735061	0.0003827098002	0.0003827098002	0.0008672370081	0.0005914613723
	0.001288643897	0.01068826204	0.05226339773	0.00942104803	0.004401771884
	0.005383667019	0.001251635464	0.001349697961	0.001349697961	0.00151408536
	0.003494321106	0.001201113931	0.008712226088	0.001165124945	0.002411038249
	0.002367946525	0.002535608165	0.0004604612117	0.0002288292982	0.0003501222192
	0.0003501222192	0.001472891119	0.003101620352	0.002034215224	0.002525446228
	0.001821224007	0.002034215224	0.001199764215	0.001199764215	0.000953164306
	0.00265202123	0.0007743365152	0.000247174107	0.000247174107	0.0002351749207
	0.0002351749207	0.001165124945	0.0004604612117	0.0004091934303	0.0003216641915
	0.0007196568971	0.001071264474	0.0008570126857	0.0008228276913	0.001896805531
	0.001236917814	0.00208876412	0.001884349323	0.002535608165	0.0009311012365
	0.0004457761551	0.0004457761551	0.0006199001888	0.0006366866753	0.0008926250696
	0.001486290278	0.001208714026	0.000883462736	0.0006068735061	0.0006613350997
	0.0004707873201	0.0004999145058	0.0004999145058	0.001069126436	0.001069126436
	0.001598970359	0.01168849137	0.05226339773	0.01004205252	0.004401771884
	0.006507067818	0.00151408536	0.001339845558	0.001598970359	0.001349697961
	0.002252710814	0.003494321106	0.001165052942	0.008712226088	0.00087288953
	0.002112918047	0.002367946525	0.002367946525	0.002112918047	0.0003501222192
	0.00046880531	0.00208876412	0.001472891119	0.000953164306	0.003101620352
	0.003101620352	0.002034215224	0.002253254352	0.001249974605	0.001614544528
	0.001199764215	0.0005652421766	0.002184997852	0.00046880531	0.0002058867783
	0.0001985968755	0.0001953559301	0.0002278880443	0.0002278880443	0.00087288953
	0.0005751303109	0.0004573733515	0.0003632554534	0.0007081815728	0.001071264474
	0.0008228276913	0.0008228276913	0.001368712946	0.001775879471	0.00208876412
	0.001996099979	0.0008926250696	0.0007324938509	0.0007324938509	0.0008926250696
	0.001800082024	0.001800082024	0.000883462736	0.0006613350997	0.0005629872205
	0.0005629872205	0.0006327744588	0.0005448444586	0.001069126436	0.001598970359
	0.02450860681	0.06033925088	0.01004205252	0.004355064139	0.001649216641
	0.004355064139	0.002209598769	0.002209598769	0.002035300036	0.001954507553
	0.002745717314	0.005907672639	0.001165052942	0.0167855144	0.0006489861745
	0.002112918047	0.001583344333	0.001183687211	0.001530815434	0.001367828087
	0.00046880531	0.001902899892	0.0009772754868	0.0007483980967	0.003646092695
	0.002235101473	0.002020612181	0.001614544528	0.001480285508	0.001017366771
	0.001163086842	0.001017366771	0.0007483980967	0.0005652421766	0.001821399187
	0.0003239537084	0.0001904340952	0.0001688322427	0.0001688322427	0.0001708419301
	0.0002278880443	0.0002795662577	0.0006973515228	0.0005959078693	0.0005751303109
	0.0004459532679	0.0003631331388	0.0007081815728	0.001204146962	0.001034246967
	0.0009247785544	0.001467377058	0.001278200306	0.001821399187	0.001677574519
	0.001467377058	0.001996099979	0.001183687211	0.001242242665	0.001159269194
	0.0007912264097	0.001800082024	0.0009041425966	0.0006631283971	0.0007912264097
	0.0006631283971	0.0005583155177	0.0005555023815	0.0005555023815	0.00117920184
	0.00119949081	0.02450860681	0.06033925088	0.007461982132	0.004481083323
	0.001965547686	0.001885727162	0.003113995576	0.002209598769	0.002057510554
	0.003113995576	0.00657728633	0.00159257989	0.0167855144	0.0006973515228
	0.00141571175	0.001280185387	0.001183687211	0.001367828087	0.001457129791
	0.001457129791	0.000903202321	0.001017366771	0.0009354746756	0.0007130970107
	0.0004960110557	0.0003311421413	0.001474676333	0.0002003648312	0.0001872795409
	0.0001688322427	0.0001736605175	0.0002142984802	0.0002380969696	0.0005959078693
	0.0005959078693	0.0009726377975	0.0004459532679	0.0003631331388	0.0003631331388
	0.0005574531506	0.001098605389	0.0009247785544	0.0007138873451	0.001467377058
	0.00124648685	0.001417580594	0.001677574519	0.001417580594	0.0008055542072
	0.00117920184	0.0007912264097	0.001924602065	0.0006749061961	0.001331926034
	0.0006936209311	0.0006749061961	0.0005583155177	0.0005625235479	0.0005555023815
	0.001694308577	0.00119949081	0.00119949081	0.04032989532	0.062829817
	0.007461982132	0.004436534059	0.002192405001	0.001694308577	0.002162236547
	0.002192405001	0.00257184838	0.005406153339	0.001830314083	0.01276046142
	0.001830314083	0.00117628703	0.0009726377975	0.001017148016	0.000903202321
	0.0003594501533	0.0006922646303	0.0009354746756	0.0003974858896	0.0003594501533
	0.001474676333	0.0001471015018	0.0001543573953	0.0001536549207	0.0002380969696
	0.0001581121668	0.0002380969696	0.0008242478979	0.0006226282873	0.0008242478979
	0.0009726377975	0.0003069507651	0.0004357409868	0.0004033363636	0.0005516626732
	0.0008926773615	0.0008926773615	0.0006226091509	0.001260857459	0.001058163994
	0.000930754234	0.001417580594	0.001172185051	0.00117628703	0.0007420852562
	0.001051312039	0.0009609175191	0.0008168982248	0.001344578515	0.0006259661254
	0.001303490942	0.0009093820762	0.0006076363794	0.0005625235479	0.0005625235479
	0.001442916887	0.001540124361	0.001267206125	0.001035293108	0.009009706761
	0.062829817	0.004245088657	0.003219452052	0.002788662677	0.004245088657
	0.002192405001	0.00230642422	0.00230642422	0.00257184838	0.002652677005
	0.002515815708	0.005644029224	0.00258371221	0.01219976025	0.00258371221
	0.001017148016	0.0008583689744	0.001017148016	0.0002694757136	0.0005150026134
	0.0003974858896	0.0002614361001	0.0002614361001	0.001137642691	0.0001471015018
	0.0001471015018	0.0002230080508	0.0001072744259	0.0001176820974	0.0001992521809
	0.0001838847005	0.0008445424761	0.0008242478979	0.001880676359	0.0007022422964
	0.0008974903004	0.0006471486942	0.0003500552258	0.0004033363636	0.0004033363636
	0.0006226091509	0.0007862615332	0.0007862615332	0.0006226091509	0.001058163994
	0.0009266019656	0.0008231959287	0.001137642691	0.0009680221985	0.000923956625
	0.0006471486942	0.0006066283598	0.000923956625	0.0008168982248	0.0006259661254
	0.001303490942	0.0006259661254	0.001303490942	0.0008912155935	0.0006158432399
	0.0006158432399	0.001540124361	0.001540124361	0.001035293108	0.0008956616849
	0.01695653148	0.02649944267	0.002948124341	0.002788662677	0.002365328914
	0.001978135639	0.002580029805	0.00230642422	0.001978135639	0.002487194161
	0.002580029805	0.003251205582	0.002971980451	0.005293710265	0.00258371221
	0.008844849047	0.001880676359	0.00080159	0.00080159	0.001137642691
	0.0001151335134	0.0002230080508	0.0002746182683	0.0001191294001	0.0001395932706
	0.000175348214	0.0008399235314	0.001164661583	0.0005528783342	0.0009062865852
	0.0008974903004	0.0006471486942	0.0002819280238	0.0003500552258	0.0004426960822
	0.000473524098	0.0007056288681	0.0006044827285	0.0006120136986	0.001053528516
	0.0009337634859	0.0007276569986	0.001033576041	0.0009680221985	0.0009680221985
	0.000923956625	0.0006066283598	0.0005528783342	0.0008271324501	0.0007799988598
	0.0005722174339	0.001244356187	0.000503630808	0.001243038171	0.0008188300378
	0.0006158432399	0.0008595470144	0.000633998741	0.0008956616849	0.004391377282
	0.02649944267	0.004391377282	0.002365328914	0.002991754876	0.001329175008
	0.001690539165	0.002646788838	0.0023069452	0.002646788838	0.003698359152
	0.005293710265	0.004305762093	0.009294857102	0.00268069936	0.002071584605
	0.0007726935053	0.00080159	0.0007952595191	0.001341352639	0.0005528783342
	0.001013380281	0.0007265275265	0.000381674083	0.0004242974109	0.000473524098
	0.0007276569986	0.000548208815	0.0004668873629	0.0009337634859	0.0008373953005
	0.0007276569986	0.0008608791173	0.0008608791173	0.0008666862871	0.0008271324501
	0.0006414196439	0.000691811202	0.0007272483217	0.0006504225468	0.000997511859
	0.0008307165794	0.000546188594	0.000546188594	0.001819577962	0.0005698380037
	0.0007462400088	0.000769153402	0.0009544328544	0.0008698887103	0.000633998741
	0.0005110423613	0.01867011619	0.004391377282	0.01363600034	0.002315749898
	0.002175540659	0.002991754876	0.003395193919	0.001329175008	0.001728216124
	0.002817714014	0.0023069452	0.002817714014	0.00268069936	0.00523305528
	0.009637333377	0.002939854683	0.001526993156	0.0007850928678	0.0007735742161
	0.0006504225468	0.000728445882	0.0004304195171	0.0004732678469	0.000548208815
	0.0004668873629	0.0004668873629	0.0008069809357	0.0007398652218	0.00066881783
	0.0006649535595	0.0007720490331	0.0007720490331	0.000786403692	0.0007653408645
	0.0007272483217	0.001795397462	0.001106453534	0.0007990175121	0.001106453534
	0.000773202167	0.0008188747256	0.0007850928678	0.0005110423613	0.0004230133288
	0.001669461223	0.000646038549	0.000646038549	0.0009944585393	0.0006796461434
	0.0006796461434	0.0004722563201	0.0004668402395	0.01867011619	0.002125042206
	0.004489128498	0.002125042206	0.002394032752	0.00340779908	0.003395193919
	0.003395193919	0.001383897827	0.002468425895	0.003123558338	0.001922070641
	0.002468425895	0.002817714014	0.002939854683	0.004650577776	0.008740212898
	0.002857643544	0.0008136700292	0.0008136700292	0.0005854666666	0.0005091784136
	0.0008877917195	0.0007990175121	0.00066881783	0.00066881783	0.0006383664669
	0.0007433144298	0.0007013506931	0.0007711562366	0.000863379574	0.0008496738703
	0.001795397462	0.001106453534	0.00113161444	0.0007990175121	0.0007803706732
	0.0008692760476	0.00087442335	0.0004230133288	0.0004230133288	0.0008727267467
	0.0005526516645	0.0009944585393	0.0009944585393	0.000388861347	0.000388861347
	0.000388861347	0.03984208968	0.002108439655	0.002646067605	0.002125042206
	0.00268616775	0.002582496277	0.002832030865	0.004114633207	0.003386938277
	0.001383897827	0.003386938277	0.002769976	0.002769976	0.003480601051
	0.005071108264	0.00788880719	0.003480601051	0.00788880719	0.0008496738703
	0.0005772677968	0.0008727392321	0.0008877917195	0.001033543768	0.0005772677968
	0.0007013506931	0.0006383664669	0.0007255311331	0.0006910097206	0.0007592958376
	0.0009382687194	0.001836346646	0.00113161444	0.00113161444	0.001261480351
	0.001113223356	0.0008580136948	0.0008724727598	0.0009033101483	0.0009033101483
	0.0002653907337	0.0004261902901	0.0006825250236	0.0007131937035	0.001199830124
	0.0007400005922	0.00030452458	0.00030452458	0.03038812917	0.002108439655
	0.002229170463	0.00268616775	0.002157283076	0.003499671495	0.004114633207
	0.003477875125	0.001585716221	0.002341958086	0.002769976	0.001199830124
	0.003480601051	0.005089705839	0.005089705839	0.002982260638	0.002982260638
	0.004760044427	0.008490863459	0.001051352244	0.0008727392321	0.001063727308
	0.0006146217765	0.0006910097206	0.0007594086685	0.0006910097206	0.0008177611684
	0.001051352244	0.001091592897	0.001261480351	0.001870868845	0.001307391887
	0.001307391887	0.001140889932	0.001145445241	0.001233863896	0.0008580136948
	0.0009157548311	0.00095443926	0.0009033101483	0.0002293444285	0.0003771487087
	0.0007116911021	0.0007116911021	0.001199830124	0.0004844519807	0.0008011471845
	0.00030452458	0.0004405175733	0.0002193697175	0.03952795521	0.003841316621
	0.001692636593	0.002018935004	0.002229170463	0.003499671495	0.003499671495
	0.004043621195	0.003476456321	0.002512940455	0.001829317163	0.002512940455
	0.001829317163	0.004971618752	0.001849691154	0.003120538961	0.004971618752
	0.005046807333	0.008490863459	0.001106541157	0.001073044642	0.0006967103445
	0.0007739431012	0.0007452808408	0.0008362224893	0.001091592897	0.001091592897
	0.001140889932	0.00106495329	0.001407080114	0.001313266713	0.001313266713
	0.001319941655	0.001233863896	0.001205290262	0.001361498048	0.0008362224893
	0.0008961680299	0.0009157548311	0.001055276527	0.0002714725912	0.0003761206238
	0.0007116911021	0.0006379825281	0.0002387464991	0.0004844519807	0.0006335492967
	0.0002387464991	0.0001887282311	0.03149254554	0.004135059956	0.003122421291
	0.002281351352	0.002281351352	0.002281351352	0.003315010347	0.003799645735
	0.003649569993	0.002512940455	0.003258433198	0.001829317163	0.001608698594
	0.001604344636	0.01220440884	0.01146577328	0.003120538961	0.002537983263
	0.004086560272	0.002433512118	0.003091466408	0.005046807333	0.001140292928
	0.0007452808408	0.0008362224893	0.001214789283	0.001255598563	0.001110717322
	0.001503976388	0.001313266713	0.001361885207	0.001140292928	0.001294960145
	0.001205290262	0.001205290262	0.001270944925	0.0009202197826	0.0009381834895
	0.000990501852	0.001055276527	0.0002732303278	0.0002732303278	0.0004505159135
	0.0002387464991	0.0003576940762	0.0001887282311	0.0001887282311	0.0009082866992
	0.03149254554	0.004135059956	0.05196514824	0.06203243492	0.004135059956
	0.001987203352	0.001987203352	0.001981891515	0.002453229879	0.003617680835
	0.003252587957	0.003220530689	0.003220530689	0.002666323914	0.001608698594
	0.001748259179	0.001357922606	0.06203243492	0.01062219867	0.003517161602
	0.003628211846	0.009524815112	0.002433512118	0.003091466408	0.002645817012
	0.001766914205	0.003091466408	0.003628211846	0.001140292928	0.001214789283
	0.001110717322	0.001891658484	0.001503976388	0.001361885207	0.001006957518
	0.001270944925	0.001231186211	0.001173585474	0.001231186211	0.001294960145
	0.001306615055	0.001299629879	0.001270944925	0.0009681707101	0.001006957518
	0.001066909386	0.0004103875462	0.000219624055	0.0004505159135	0.0003894835495
	0.0002962871962	0.0006903579971	0.001093487293	0.006270754163	0.002319362282
	0.008512824888	0.008410416368	0.002319362282	0.001987203352	0.001882983284
	0.002171909461	0.002654925177	0.003080063416	0.003084251041	0.003084251041
	0.002666323914	0.001748259179	0.001856183349	0.001093487293	0.03918271596
	0.05830065755	0.009524815112	0.0099153759	0.008453818287	0.005857432913
	0.002972098615	0.001658688616	0.001798370362	0.003517161602	0.001913489871
	0.003628211846	0.002247707479	0.002217999003	0.001340585221	0.001136357924
	0.001336596664	0.001085670439	0.001064987786	0.001089121975	0.0009753256364
	0.0009786160761	0.001089121975	0.001231186211	0.001145391735	0.001144866358
	0.001144073098	0.001134312056	0.001054159227	0.00121382056	0.0009786160761
	0.001085670439	0.0004204841899	0.0003894835495	0.0003894835495	0.0002962871962
	0.0005571914082	0.0006903579971	0.001093487293	0.002876994159	0.001718968717
	0.008410416368	0.003836138437	0.001718968717	0.001752259566	0.002748079952
	0.003080063416	0.003080063416	0.003257064776	0.002449737521	0.002449737521
	0.001856183349	0.001501856672	0.001215935431	0.04750800209	0.05070987422
	0.01703330355	0.003160598925	0.01703330355	0.007072215372	0.003160598925
	0.01026438824	0.0223670544	0.002525367824	0.00107799723	0.001020498724
	0.001026779584	0.001700092064	0.0005805134862	0.0005870330118	0.002247707479
	0.0015358627	0.001297849558	0.001210751769	0.00104712104	0.00104712104
	0.001375023963	0.001167788386	0.001039058657	0.001085670439	0.0008708848726
	0.001089121975	0.0009786160761	0.0009925138569	0.001146801427	0.001110580191
	0.001144073098	0.001144866358	0.001025693248	0.001006468806	0.000899218577
	0.0009759588982	0.001087099605	0.0004202900085	0.0005571914082	0.0004319234394
	0.0008400847151	0.0008400847151	0.001210782702	0.002002744462	0.001718968717
	0.00234053771	0.003836138437	0.001065884025	0.001341935943	0.001752259566
	0.002484269441	0.002484269441	0.002816570768	0.002449737521	0.001874336321
	0.001874336321	0.001442640408	0.001210782702	0.01010089791	0.02225143623
	0.01239760524	0.0033366206	0.007488456984	0.006612687224	0.005096029779
	0.01010089791	0.003249521675	0.001210751769	0.0006806380737	0.001020498724
	0.001738255525	0.001538077383	0.001538077383	0.0015358627	0.0015358627
	0.0008471874282	0.0009346888328	0.0008832287154	0.00104712104	0.0008647429439
	0.001167788386	0.001167788386	0.001039058657	0.001087099605	0.0008708848726
	0.001031454694	0.000899218577	0.002299407261	0.001048155897	0.001125883931
	0.001109576268	0.0009958025992	0.0007911741292	0.0009038541432	0.0009659884402
	0.001017442799	0.0009198791851	0.0008006726468	0.0007839475817	0.0008006726468
	0.0007839475817	0.001060902018	0.001555239263	0.001555239263	0.00234053771
	0.001611508937	0.001341935943	0.001341935943	0.002367772278	0.002126868288
	0.002182535289	0.002125162682	0.001300308476	0.001911210391	0.001643351304
	0.001300308476	0.01040609613	0.005639667458	0.005165888477	0.003249521675
	0.005593810067	0.003709285409	0.003824262593	0.002892747299	0.0006806380737
	0.001195173103	0.0009919003821	0.001738255525	0.002892747299	0.0008471874282
	0.001357500351	0.0008471874282	0.000729976496	0.0007055933151	0.001067743997
	0.0007656855174	0.0007987873351	0.0008546634178	0.000729976496	0.002804175155
	0.001017442799	0.002299407261	0.0007242696987	0.002299407261	0.001048155897
	0.0009103246914	0.0009808154394	0.0008509339408	0.0006444452431	0.000795069397
	0.0009198791851	0.001017442799	0.0009198791851	0.0008006726468	0.0009411888464
	0.0008177043369	0.0009411888464	0.001299614824	0.001555239263	0.0009345458997
	0.001611508937	0.001883580665	0.0009683732657	0.001595751473	0.0009683732657
	0.002182535289	0.001911210391	0.001845139748	0.001446016373	0.001911210391
	0.001299614824	0.003824262593	0.005639667458	0.003693646402	0.005165888477
	0.003357763525	0.003824262593	0.002892747299	0.001068579393	0.001068579393
	0.001877276857	0.001715483112	0.000626483411	0.0008318351512	0.000729976496
	0.0007055933151	0.0007835309072	0.0007530943946	0.0007530943946	0.0006315111637
	0.0008199916094	0.001502215452	0.0008754755096	0.001595751473	0.0006315111637
	0.0006315111637	0.001678232259	0.0006444452431	0.0008754755096	0.0009103246914
	0.0008509339408	0.0008509339408	0.0006114108133	0.0008669506852	0.0009124728735
	0.0008836267235	0.001081547243	0.0009411888464	0.001069174076	0.001123279085
	0.00128793689	0.0008677865433	0.001169672585	0.0009249554778	0.0008389191574
	0.001502215452	0.0009327728462	0.001078042636	0.001595751473	0.0009327728462
	0.001589894391	0.001587766819	0.001446016373	0.001625827447	0.001304919798
	0.003144926621	0.003263784265	0.002738198398	0.002738198398	0.003357763525
	0.002827354782	0.001941334794	0.001068579393	0.001249107148	0.001941334794
	0.0007417794199	0.0008199916094	0.0007835309072	0.0007835309072	0.000648084956
	0.0007085063838	0.0005109142676	0.000613466002	0.001502215452	0.002130643574
	0.0008754755096	0.0005230037313	0.0005230037313	0.001589894391	0.0007392422945
	0.0004831269751	0.0007123597156	0.0007335997573	0.0006347244285	0.0007378398618
	0.00080962641	0.0006926139455	0.001399510956	0.00123820813	0.00123820813
	0.001261659008	0.00128793689	0.0007521332356	0.0009249554778	0.0005710835071
	0.0007954719968	0.0009327728462	0.001306471911	0.0008820385729	0.001589894391
	0.001587766819	0.001587766819	0.001278043655	0.001262237144	0.002685780473
	0.002685780473	0.001987571805	0.002622779368	0.002472008257	0.002369269165
	0.001941334794	0.001249107148	0.001228547429	0.0007166774606	0.0007417794199
	0.000613466002	0.000898145389	0.001054892551	0.0005704540564	0.0005786899589
	0.0005109142676	0.0005109142676	0.000613466002	0.001128931975	0.001857882026
	0.000716981408	0.0004831269751	0.001198637503	0.0006347244285	0.0005554783987
	0.0004831269751	0.0007123597156	0.000525131415	0.0004699392837	0.0004456379178
	0.000639707052	0.000716981408	0.0005896599427	0.001700158896	0.00123820813
	0.001671028508	0.001325786293	0.001325786293	0.0007954719968	0.0007521332356
	0.0006456738707	0.001128931975	0.0008820385729	0.001198637503	0.0006341229852
	0.00124927616	0.001199607807	0.001213588585	0.001278043655	0.001262237144
	0.001938228231	0.001509267874	0.001987571805	0.001987571805	0.001938228231
	0.001286054325	0.00111169832	0.001286054325	0.001509267874	0.0007289454956
	0.0006342185372	0.0009611415258	0.0009611415258	0.00111169832	0.0005435306012
	0.0005264288862	0.0005435306012	0.001128931975	0.001320152735	0.000716981408
	0.0004699392837	0.0004456379178	0.0005264544167	0.000413895219	0.0004699392837
	0.0004545716891	0.0005452345864	0.0005896599427	0.0005106006142	0.001978129092
	0.001473176246	0.001811165528	0.001325786293	0.001241127138	0.0005610825375
	0.0005792880026	0.0005774025821	0.0005610825375	0.0008619366891	0.001007571298
	0.001134352599	0.000569246579	0.001106873368	0.001106873368	0.001064400838
	0.001082006478	0.001938228231	0.001478510406	0.001505112817	0.001177507057
	0.001227008143	0.001337196269	0.0006342185372	0.0008370956275	0.0007053289096
	0.0009611415258	0.001072103758	0.001072103758	0.0004545716891	0.0005435306012
	0.000537462456	0.0006714359929	0.0007175890238	0.001423388635	0.0005264544167
	0.0009228520799	0.0003858215869	0.0003858215869	0.0004250020347	0.000413895219
	0.0003755866895	0.0004545716891	0.0005106006142	0.0004175008545	0.0003863844973
	0.001811165528	0.001351269504	0.001811165528	0.001351959945	0.001241127138
	0.0005124942769	0.0004572968731	0.000569246579	0.0005251951052	0.0006829289935
	0.0009570125175	0.0006829289935	0.001120269421	0.001106873368	0.001082006478
	0.001505112817	0.001505112817	0.001225826857	0.001129710202	0.001337196269
	0.001154403953	0.0008833275171	0.000774652815	0.0008833275171	0.001129710202
	0.0008841325414	0.001072103758	0.000537462456	0.000537462456	0.0005558582041
	0.0008695086443	0.0006398799009	0.0004175008545	0.0009228520799	0.0003858215869
	0.0003745503869	0.0003558630671	0.0003195328128	0.0003178763921	0.0003997325724
	0.0004476192771	0.0004175008545	0.0003863844973	0.002459374106	0.001351959945
	0.001943655018	0.001351959945	0.001148860124	0.0009870383635	0.0004722584533
	0.0004306760484	0.0004273365727	0.0004572968731	0.0004166620599	0.0006829289935
	0.0005615895768	0.0009823840979	0.0009557386792	0.0004563863183	0.0009972126293
	0.0008695086443	0.001129710202	0.0009972126293	0.0009404189293	0.001025957937
	0.000774652815	0.000774652815	0.0009121773489	0.001102434335	0.0009121773489
	0.0007835950888	0.0004905278309	0.0004905278309	0.0005349159531	0.0006641886683
	0.0003558630671	0.0006256408044	0.0003997325724	0.0003571535475	0.0002998268899
	0.0002839463498	0.0002839463498	0.0003904022257	0.0003319970466	0.000311011952
	0.000311011952	0.001943655018	0.001587313279	0.001943655018	0.001587313279
	0.001099512288	0.000819035316	0.000819035316	0.0004563863183	0.0004273365727
	0.0004166620599	0.0005697718132	0.0005296582861	0.0007175537335	0.0007175537335
	0.0005487034606	0.0004563863183	0.0008368549655	0.0006641886683	0.0009540399348
	0.0008379707753	0.001025957937	0.0007164476177	0.0007400465341	0.0007835950888
	0.0008510458107	0.0007835950888	0.0006828674062	0.0004905278309	0.0005349159531
	0.0005349159531	0.0005296720822	0.0002998268899	0.0003168281976	0.000322352596
	0.0002492480444	0.0002839463498	0.0003168281976	0.0004352595228	0.0002814135973
	0.0002438003593	0.0002438003593	0.002472301808	0.001587313279	0.002472301808
	0.001099512288	0.001099512288	0.000819035316	0.0008609548249	0.0003676839721
	0.0003643926493	0.0004153868052	0.0004153868052	0.0005487034606	0.0006136487994
	0.0005539500286	0.0003676839721	0.0008379707753	0.0007929256493	0.0007304478764
	0.0006828674062	0.0007233067366	0.0008141183293	0.0006828674062	0.0007953454285
	0.0004003788783	0.0004976626469	0.0005766456703	0.0005296720822	0.0002492480444
	0.0002815460249	0.000238385853	0.0002125814054	0.0002815460249	0.0003359870562
	0.0003359870562	0.0001674165588	0.0001810017918	0.0001936559443	0.002472301808
	0.001564713813	0.001920801634	0.001059421353	0.0008609548249	0.0008553153821
	0.0008609548249	0.0003676839721	0.0004250347359	0.0004153868052	0.0005539500286
	0.0006136487994	0.0005071916712	0.0003695901369	0.0006711239533	0.0006099300523
	0.0006419899837	0.0006385668157	0.0005766456703	0.000699929562	0.0004976626469
	0.0005766456703	0.0004415326332	0.0001855461818	0.0001736271626	0.0001925260923
	0.0002405077124	0.0002939222813	0.0003413879945	0.0003944869975	0.0001674165588
	0.0001633797458	0.0001371363104	0.002413959036	0.001235634873	0.001795417468
	0.001235634873	0.000969222398	0.0007093339785	0.000969222398	0.0003697295546
	0.0003907395173	0.000426701345	0.000426701345	0.0004951099354	0.0004951099354
	0.0004237540299	0.0003697295546	0.0006099300523	0.0005661801384	0.0005157600521
	0.0005719559107	0.0004836118898	0.000440090392	0.0004415326332	0.0001736271626
	0.000155859543	0.0001932933262	0.0002387321298	0.0002849606599	0.0003347948697
	0.000440090392	0.0001006780333	0.0001343773774	0.0001066062112	0.001795417468
	0.001193282506	0.001795417468	0.001193282506	0.000969222398	0.0006987752646
	0.0007708589019	0.0003697295546	0.0004008811432	0.000409494524	0.0004951099354
	0.0005579752519	0.0004091369017	0.0004346622414	0.0004446653514	0.0004923835627
	0.0004586677056	0.0004452322478	0.000440090392	0.0004471666617	0.000155859543
	0.000155859543	0.000186923448	0.0002352229834	0.000279532373	0.0003761306886
	0.0003761306886	8.347599041e-05	9.560288643e-05	9.560288643e-05	0.002069888226
	0.001715639121	0.001637380254	0.001154931812	0.0009258764439	0.0007708589019
	0.0009258764439	0.0004022996204	0.000409494524	0.000409494524	0.0004142984401
	0.0006509934522	0.0004922896763	0.0004578484035	0.0004471666617	0.000439528308
	0.0004365658669	0.0004365658669	0.0004471666617	0.000155946974	0.000186923448
	0.000186923448	0.000230126587	0.0002802670825	0.0003761306886	0.0004008330024
	7.63954175e-05	9.560288643e-05	7.63954175e-05	0.002069888226	0.001637380254
	0.001637380254	0.001090730255	0.0009258764439	0.0006509934522	0.000710359032
	0.0006500196411	0.000420779501	0.0004292090015	0.000420779501	0.0004578484035
	0.000643354459	0.0004922896763	0.0004401831213	0.000439528308	0.000439528308
	0.0004365658669	0.0004174725365	0.0001467011731	0.0001868620604	0.0001868620604
	0.0002802670825	0.0002802670825	0.0003237349593	0.0003812843744	7.692719465e-05
	0.00011706878	7.692719465e-05	0.001582723414	0.001578858508	0.001578858508
	0.001091544948	0.001091544948	0.000710359032	0.0009656745551	0.0005836402539
	0.0006500196411	0.0004373256165	0.0005074318336	0.0004828311831	0.0004427569155
	0.000406107116	0.0003812843744	0.000406107116	0.00011706878	0.0002455956441
	0.0001980894862	0.0003973858499	0.0002455956441	0.0002883523319	0.000354999212
	0.0003812843744	7.692719465e-05	0.0001258920409	0.0001149575599	0.001848840807
	0.001511300592	0.001511300592	0.001162597036	0.0006744688608	0.000932950564
	0.0006004102538	0.0007028109106	0.0006004102538	0.0004828311831	0.0004878352632
	0.0004459125431	0.000406107116	0.0001778021499	0.0002455956441	0.0001778021499
	0.0003973858499	0.0003973126162	0.0002883523319	0.0003411823003	0.0001022406881
	0.0001149575599	0.0001149575599	0.001704482133	0.001295537188	0.001488004873
	0.001138346377	0.001295537188	0.0007388585111	0.001035768768	0.000678577361
	0.000678577361	0.0005481594282	0.0005481594282	0.0005045862335	0.0005045862335
	0.000189664064	0.0002705960409	0.000189664064	0.000402080971	0.000402080971
	0.000333061899	0.0002705960409	0.0001280912701	0.000150562086	0.0001280912701
	0.001704482133	0.001295537188	0.001633962193	0.001206553958	0.0009276034379
	0.0009276034379	0.00107136988	0.000678577361	0.0005752586719	0.0006531277259
	0.0005066531619	0.000189664064	0.0002705960409	0.000195048567	0.000381434768
	0.0005066531619	0.0003651017118	0.0001280912701	0.0001863223219	0.0001672454617
	0.001633962193	0.001206553958	0.001426390716	0.0008928907738	0.0009276034379
	0.00107136988	0.0006531277259	0.0005905924341	0.0006531277259	0.0005905924341
	0.0001863223219	0.0003009284664	0.0002896860021	0.0003651017118	0.0003754655553
	0.0003009284664	0.0005905924341	0.0001616699469	0.0002673795547	0.0002134428833
	0.001613250615	0.001158451839	0.001442694951	0.001442694951	0.0008928907738
	0.0009797516569	0.001231850251	0.0006909623384	0.0006088897082	0.0005055715971
	0.0002673795547	0.0004046870086	0.0004046870086	0.0008295234247	0.0007026800755
	0.0002134428833	0.0002673795547	0.0002694039983	0.001570582815	0.001231850251
	0.001360695575	0.0009702385108	0.001090757127	0.001231712946	0.0008024044657
	0.0005055715971	0.0004217748386	0.0004046870086	0.0009702385108	0.0008295234247
	0.0006654871024	0.0006002190473	0.0003319454323	0.0003319454323	0.001570582815
	0.001445946879	0.001489622223	0.001001203091	0.001257984754	0.0008456889561
	0.0008190407443	0.0004217748386	0.0008190407443	0.0006002190473	0.0003319454323
	0.0003470218309	0.001482370091	0.001489622223	0.001459559528	0.001119315263
	0.00129982224	0.0009177405174	0.0008190407443	0.0006624834856	0.0005241881088
	0.0004403221918	0.0004403221918	0.001586884436	0.001636744155	0.001459559528
	0.00129982224	0.0009396167754	0.0009396167754	0.0005670605002	0.000681740047
	0.000681740047	0.001636744155	0.001643696157	0.001553103909	0.001165812144
	0.0008698108835	0.000681740047	0.001715198833	0.001934522968	0.001387219557
	0.0008698108835	0.0008698108835	0.001934522968	0.001934522968	0.001387219557
	0.001536830433	0.002695836664	0.001536830433	0.003444209905	0.001775357601
	0.001244189069	0.001833827383	0.001833827383	0.0004051422443	0.001779622634
	0.0006227055068	0.0001178211645	0.0004051422443	0.002589456828	0.003488529757
	0.002589456828	0.002276742358	0.004000248463	0.002398784575	0.0023568336
	0.003818810367	0.00181195626	0.001107580999	0.001721099968	0.001705954077
	0.001779622634	0.001779622634	0.0001178211645	9.13535406e-05	0.001492839019
	0.001432248956	0.0005624004713	0.0005624004713	0.002944722417	0.001208444551
	0.002729283709	0.001645012225	0.002657333953	0.002589456828	0.002276742358
	0.002276742358	0.002398784575	0.002398784575	0.001962334444	0.001721099968
	0.00181195626	0.001345454717	0.001098479462	0.001721099968	0.001454402105
	0.001329017976	0.001151124982	0.001492839019	0.001492839019	0.0001890409376
	0.001432248956	0.001104882727	0.001188033841	0.0005429051135	0.0009392048993
	0.0005624004713	0.0007927641657	0.002171196992	0.005469239601	0.00226127761
	0.00226127761	0.002729283709	0.001584821957	0.002171196992	0.001541522776
	0.001332584142	0.002117397577	0.001951325458	0.002022070772	0.001934650468
	0.002022070772	0.001311210502	0.001440871145	0.001361132414	0.001332584142
	0.001098479462	0.001098479462	0.001104882727	0.0009730955463	0.001054666701
	0.001054666701	0.0007825175341	0.0009640439376	0.0009746388898	0.0006567114361
	0.0005661101199	0.0002742216018	0.0004854835853	0.0007825175341	0.0009392048993
	0.0007927641657	0.0006567114361	0.001885063682	0.00186195441	0.001927880788
	0.002908687794	0.001300653518	0.001629900123	0.001541522776	0.004077503652
	0.001361065745	0.001541522776	0.001422252425	0.001629900123	0.001422252425
	0.002022070772	0.001647120591	0.001440871145	0.001107124456	0.0009586080876
	0.0009448833631	0.0009448833631	0.0009730955463	0.0008567840374	0.0008533096086
	0.001054666701	0.0008567840374	0.0007511276383	0.0002178910958	0.0005641738878
	0.0006567114361	0.0005641738878	0.0008004444071	0.0007924388928	0.000750958699
	0.0007924388928	0.0007951415903	0.0006719191832	0.006976919515	0.001885063682
	0.001885063682	0.001729208435	0.001488490962	0.001300653518	0.001300653518
	0.001523062039	0.001319189905	0.001319189905	0.001411293915	0.001523062039
	0.001090425951	0.001107124456	0.001273349187	0.001273349187	0.0009493045461
	0.001218032769	0.0009586080876	0.0009357885647	0.0009357885647	0.0008648031251
	0.000859669128	0.0007703301597	0.0008567840374	0.0007511276383	0.0007511276383
	0.0008799266049	0.0005136338274	0.0002231390721	0.0003683609933	0.0004664644941
	0.0005920571221	0.0006016626886	0.000679333526	0.0006849159895	0.0007076343712
	0.0008657447027	0.0007924388928	0.0006016626886	0.0006719191832	0.003358109801
	0.001565126206	0.001290135242	0.001026869998	0.00134515915	0.001501282722
	0.001523062039	0.001158394469	0.001319189905	0.001026869998	0.00102710085
	0.0009493045461	0.0009493045461	0.0009161073258	0.001000262585	0.0009327440421
	0.0008452319305	0.000777357373	0.0008196134617	0.0009507786838	0.0007703301597
	0.000656930269	0.000698242755	0.0006620203518	0.0006528941348	0.0006528941348
	0.0003683609933	0.0004226682297	0.0003683609933	0.0005193843946	0.0005804834995
	0.001594221483	0.0004664644941	0.0004664644941	0.0004761724286	0.0006724854943
	0.0006793015934	0.0007101527401	0.0005164597602	0.0005845771446	0.001565126206
	0.0009703200432	0.003358109801	0.001322135168	0.001486473824	0.001290135242
	0.001290135242	0.0009915983949	0.0009161073258	0.0009915983949	0.0008079064475
	0.00102710085	0.000817873062	0.00102710085	0.0008130267804	0.0008130267804
	0.0007760255892	0.0008400319325	0.000777357373	0.000777357373	0.0007315106231
	0.0007315106231	0.0006769215882	0.000656930269	0.0006839428405	0.0005918984125
	0.0005646123567	0.0006528941348	0.0005406474101	0.0005406474101	0.0004926418215
	0.0005316638236	0.0006153995383	0.000611051582	0.00107840035	0.0004761724286
	0.0004544101324	0.0004761724286	0.0004344410371	0.0005686991728	0.0005686991728
	0.0005646123567	0.0005421789949	0.0005613782649	0.0005845771446	0.001296044118
	0.001009490208	0.0009703200432	0.001322135168	0.0005296648222	0.001147430542
	0.0007227032087	0.0008983592493	0.0008983592493	0.0006745810129	0.0007538188497
	0.0007760255892	0.0009915983949	0.0008229539223	0.000734415962	0.0007889457015
	0.0007889457015	0.0008130267804	0.0008321789676	0.0007760255892	0.0006383546653
	0.0006014046604	0.0006297787326	0.0006297787326	0.0005641409573	0.0005674236531
	0.0006197604579	0.0005918984125	0.0005950948888	0.0004544101324	0.0005406474101
	0.0004926418215	0.0004926418215	0.0005058389263	0.0004354436022	0.0008373175588
	0.0007636832562	0.001448676051	0.0005613782649	0.0004344410371	0.0004344410371
	0.0005221668265	0.0005221668265	0.0005686991728	0.0005421789949	0.0004765203424
	0.0004992703476	0.0009341257406	0.0008563742569	0.001062779805	0.001167550939
	0.001167550939	0.0009029243937	0.0006594541634	0.0008563742569	0.0006247558811
	0.0006745810129	0.0006745810129	0.0006335780306	0.0006690134212	0.0006007588487
	0.0006007588487	0.0005639380736	0.0005883509348	0.0007009249264	0.0006014046604
	0.0006014046604	0.0006297787326	0.0005689477561	0.0005270134694	0.0005641409573
	0.0005380009481	0.0005543296881	0.0005360103509	0.0004859289432	0.0004874730113
	0.0005095407393	0.0006774289453	0.0005453151912	0.0005847786532	0.0007886179216
	0.001078566842	0.001448676051	0.0004515733711	0.0004989312044	0.000462784637
	0.0004927275838	0.0004927275838	0.0004847345903	0.0004765203424	0.0004765203424
	0.001151870516	0.0009341257406	0.0008563742569	0.0008171139296	0.001167550939
	0.0008919166078	0.0008919166078	0.0005164259461	0.0006011515379	0.0005838629589
	0.0005838629589	0.0005639380736	0.0005883509348	0.0005735309319	0.0006007588487
	0.000513781705	0.0004945208818	0.0005689477561	0.0004964610586	0.0004964610586
	0.0005029395294	0.0004954314994	0.0004988183015	0.0004787002466	0.0005380009481
	0.0004728270619	0.0004859289432	0.0005202857881	0.000607940272	0.0006774289453
	0.0006774289453	0.0005847786532	0.0005614490232	0.0008821138234	0.001199988582
	0.001199988582	0.0001511439926	0.0004989312044	0.0004515733711	0.0004989312044
	0.0005614490232	0.00047653414	0.0004927275838	0.0004847345903	0.0004601077586
	0.001199199693	0.001151870516	0.001254312038	0.0006011515379	0.0006585528177
	0.0007721723055	0.0009824720696	0.0007721723055	0.0008919166078	0.0005164259461
	0.0004945208818	0.0006011515379	0.0005838629589	0.0004618216266	0.0005237789329
	0.000459660227	0.0004846447753	0.0004846447753	0.0004453391776	0.0004733372832
	0.0004599319314	0.0004672132706	0.0004460932371	0.0004453391776	0.0004672132706
	0.0004572774848	0.0004802376108	0.0004728270619	0.0004648984875	0.0005469359998
	0.000607940272	0.0006753487063	0.0005775646257	0.0005614490232	0.0007756919778
	0.0001259940208	0.001000284517	0.001199988582	0.00124999062	0.0005435759868
	0.0004807832091	0.000570262945	0.0005275614502	0.0004776102829	0.0004610269227
	0.000463484737	0.0004957519662	0.001013165133	0.0009824720696	0.001013165133
	0.001339327412	0.0004988141451	0.0005776101121	0.0005776101121	0.00069873991
	0.0006818580985	0.0006001567733	0.0005724691473	0.0004471313088	0.0004618216266
	0.0004988141451	0.0004618216266	0.000459660227	0.000459660227	0.0004846447753
	0.0004236207814	0.0004262351924	0.0004453391776	0.0004471313088	0.0004599319314
	0.0004672132706	0.0004197230939	0.0004433816924	0.0004368029929	0.0004551424111
	0.0004551424111	0.0004648984875	0.0004648984875	0.0005925984682	0.0006768015057
	0.0007812901705	0.0006304983588	0.0005775646257	0.0007812901705	0.000957543963
	0.0021635834	0.001241472874	0.001000284517	0.001311005467	0.0005274974143
	0.0004957519662	0.0006008933059	0.0005274974143	0.0004835668346	0.000463484737
	0.000463484737	0.0004835668346	0.001013165133	0.001010989651	0.001010989651
	0.001389454032	0.0004988141451	0.0005776101121	0.0007314636684	0.0005724691473
	0.0005242130716	0.0005724691473	0.0004471313088	0.0004359554978	0.0004204516337
	0.0004206887196	0.0004314041955	0.0004206887196	0.0004655128561	0.0004236207814
	0.0004007869808	0.0004335390931	0.0004359554978	0.0004234812446	0.0003845715691
	0.0004368029929	0.0003997924757	0.0004368029929	0.0004400576902	0.0004449860727
	0.0004449860727	0.0006760946571	0.0007087546258	0.0007087546258	0.000689544684
	0.0008514654946	0.0009323596121	0.001099981925	0.0021635834	0.0021635834
	0.001524262838	0.001311005467	0.0006669230591	0.0005274974143	0.0005908571983
	0.0005531975928	0.0004835668346	0.0004846851083	0.0005216745497	0.000694397348
	0.0007314636684	0.0008108476766	0.001004638259	0.001712402898	0.001389454032
	0.001030850085	0.0004314041955	0.0004703520855	0.0005391541334	0.0005391541334
	0.0005337556231	0.000429924096	0.0004204516337	0.0004035551532	0.0003890024199
	0.000376355568	0.0004128693306	0.0003817842046	0.0003966490734	0.0003803708946
	0.0004265736646	0.0004297530055	0.0003775318929	0.0003845602842	0.000399815837
	0.000399815837	0.0004574015466	0.0004327279428	0.0004449860727	0.0006760946571
	0.0006760946571	0.0007519443893	0.001877103543	0.0007580810014	0.0009225022597
	0.001288883319	0.001877103543	0.001617947205	0.001288883319	0.003527486462
	0.0006669230591	0.0005906730713	0.0005769902365	0.000577355166	0.0005196554091
	0.0004983337628	0.0005450977654	0.0005589888183	0.0006839956188	0.0008619815429
	0.001030850085	0.0006835349786	0.001030850085	0.0005218115032	0.0004044527126
	0.0005589888183	0.0004888638548	0.0004132843497	0.0003893806247	0.0003966724705
	0.000376355568	0.000376355568	0.0003892132079	0.0003712003716	0.0003587607986
	0.0003756547957	0.0003775318929	0.0004097550737	0.0004327279428	0.0003775318929
	0.0003845602842	0.0003905350921	0.0003905350921	0.0004983337628	0.0004521762629
	0.0004521762629	0.0006896075601	0.0006947250809	0.002474333725	0.0008511502081
	0.0009225022597	0.0009225022597	0.001288883319	0.00174633842	0.001338589096
	0.003527486462	0.002613673401	0.0008465879008	0.0007695017628	0.0006368781229
	0.000577355166	0.000577355166	0.0005450977654	0.0004983337628	0.0005450977654
	0.0005036450994	0.0006839956188	0.0006839956188	0.0008619815429	0.00102411547
	0.001579401267	0.0005419343412	0.0007351508132	0.001450421121	0.0004044527126
	0.0005036450994	0.000403285505	0.0004022541726	0.0003612657955	0.0003577362099
	0.0003820155897	0.0003469590546	0.0003599823137	0.0003460681364	0.0003527150495
	0.000353248493	0.000353248493	0.0003527150495	0.0004220812067	0.005323143489
	0.005323143489	0.0004428146606	0.000388690075	0.0003649076283	0.0003792662623
	0.0003905350921	0.0004554625185	0.0004755745401	0.0005043513352	0.0008465879008
	0.00168105807	0.0009285401991	0.001200941477	0.001094462543	0.001489938913
	0.00174633842	0.002613673401	0.002443865926	0.0008465879008	0.0007695017628
	0.0007096738773	0.000605329016	0.0005841753587	0.0005043513352	0.0005676039062
	0.0006289661564	0.0005036450994	0.0004531047186	0.0007195172241	0.001450421121
	0.000909601963	0.001025970013	0.0006207797631	0.0006207797631	0.001616328822
	0.001450421121	0.000403285505	0.0003615913669	0.0004131362408	0.000350810054
	0.00034696693	0.00034696693	0.000334378056	0.0003636728505	0.0003460681364
	0.0003481728871	0.0003527150495	0.0004398393946	0.002512852387	0.0084900669
	0.003065990071	0.000711670091	0.0004030459002	0.0003874225316	0.0003636728505
	0.000376308353	0.0004398393946	0.0004736195101	0.0005043513352	0.0009618441445
	0.00168105807	0.001094462543	0.001094462543	0.00155500521	0.001456044594
	0.002512852387	0.002047446689	0.0008578919924	0.0009697502527	0.0006935096896
	0.00069506683	0.00069506683	0.0005224904309	0.0006794907466	0.000607953271
	0.0004531047186	0.000487257805	0.001025970013	0.001264729767	0.001061314738
	0.0006207797631	0.0004780029312	0.001264729767	0.0003617365677	0.0003946586382
	0.0004244615158	0.0003382693482	0.0003309976871	0.0003309976871	0.0003374919707
	0.0003636728505	0.0003479166559	0.0003426392262	0.0003374919707	0.0004453488076
	0.002625683053	0.006783860065	0.006783860065	0.003065990071	0.001497361278
	0.0004104459495	0.0003853154107	0.0003665958451	0.0004453488076	0.0005045850308
	0.0005491817632	0.00108646355	0.001659045708	0.001263444634	0.00155500521
	0.00155500521	0.002217059863	0.001659045708	0.00120880192	0.0008611291413
	0.0008611291413	0.0005491817632	0.0007649643142	0.0006794907466	0.0009626001023
	0.0007527887275	0.0006760263656	0.0004309862808	0.0004027572681	0.0004780029312
	0.0009743929569	0.0009743929569	0.0006781798716	0.0006855832303	0.0004780029312
	0.001497361278	0.001150935516	0.0003382693482	0.0003433538959	0.0003617365677
	0.0004271091863	0.0003382693482	0.0003375845516	0.0003374919707	0.0003707669395
	0.0003707669395	0.0003594822329	0.0003426392262	0.0004453488076	0.002520683735
	0.004921319773	0.003582047815	0.002285848988	0.006433785206	0.0005244869731
	0.0004162032476	0.000395369983	0.0004740581878	0.0004740581878	0.0005496797765
	0.001266557286	0.001659045708	0.00142166065	0.001294525646	0.002242133397
	0.001611533775	0.001071269989	0.0009626001023	0.0006751231428	0.0009626001023
	0.0007543981764	0.0008501307717	0.0007543981764	0.0007499950435	0.0003870424391
	0.0003870424391	0.0004272775788	0.0004839518605	0.0009743929569	0.00101987978
	0.0006855832303	0.0006855832303	0.001196173518	0.00101987978	0.0003383264661
	0.0003483637747	0.0003483637747	0.0004271091863	0.0003993981863	0.0003405053404
	0.0003375845516	0.0003404303701	0.0003707669395	0.0003594822329	0.0003498966341
	0.0004500203458	0.002342555934	0.003582047815	0.003124225863	0.002601453946
	0.004253166705	0.002537348272	0.0004260284065	0.000395369983	0.0004806902521
	0.0005153856538	0.0006693736338	0.001294525646	0.001611533775	0.00121468966
	0.001384242146	0.001811657733	0.001813696686	0.001065376018	0.0006782748005
	0.0009455078406	0.0007543981764	0.0007499950435	0.0003870424391	0.0004095256527
	0.0004839518605	0.0005550198882	0.0008316080063	0.000662458353	0.001698012816
	0.001272550455	0.001272550455	0.0003602740289	0.000349322099	0.0003483637747
	0.0004612095607	0.0003993981863	0.0003993981863	0.0003405053404	0.0003588325429
	0.000371779447	0.0003744463293	0.000371779447	0.0004612095607	0.002601453946
	0.00318449434	0.00318449434	0.003542645815	0.006329381744	0.006329381744
	0.0004910836518	0.0005428239997	0.001149493592	0.0005290247599	0.0005153856538
	0.0006254212641	0.0006693736338	0.001384242146	0.001709504023	0.001194557657
	0.001384242146	0.001709504023	0.001060706116	0.0008419428199	0.0009455078406
	0.0008419428199	0.0004095256527	0.0004095256527	0.000525546732	0.000525546732
	0.0008085175285	0.0008085175285	0.001148735235	0.001148735235	0.001149493592
	0.0003606386417	0.0003602740289	0.0003806038054	0.0004612095607	0.0004096879456
	0.000398227613	0.0003705410348	0.0003606386417	0.000371779447	0.0004093345672
	0.000580548638	0.002199720291	0.004340332232	0.002679496275	0.00318449434
	0.003029271245	0.007036755889	0.002074789426	0.002074789426	0.001294504708
	0.000580548638	0.0005898689666	0.0007429870911	0.000741051679	0.001194557657
	0.001714449949	0.001506201536	0.001194557657	0.002199720291	0.001714449949
	0.001060706116	0.0008419428199	0.0008395083524	0.0004708421131	0.0004263080768
	0.000525546732	0.0004708421131	0.0006668024333	0.0008085175285	0.001077439007
	0.001148735235	0.001077439007	0.0003959551607	0.0003806977586	0.0003803952009
	0.0004157863615	0.0005166087882	0.00046919406	0.0004514719868	0.0005166087882
	0.0004352158002	0.0003959551607	0.0004352158002	0.000580548638	0.003716545594
	0.003933629217	0.002199720291	0.003045766535	0.002371349141	0.003716545594
	0.001294504708	0.001950332499	0.0007381874132	0.0008328271842	0.0007381874132
	0.001329474201	0.001356938951	0.001506201536	0.001791608941	0.001791608941
	0.001192370543	0.0008281040489	0.0004157863615	0.0004157863615	0.0004708421131
	0.0006009771383	0.0005005654111	0.0007151665773	0.0007151665773	0.001184780878
	0.0008429491663	0.0007320020191	0.0003959551607	0.0004028205295	0.0004474153068
	0.0005166087882	0.000502226156	0.0004747450578	0.0005375817859	0.0004352158002
	0.0004337234966	0.0004371297194	0.0007232584589	0.00429753696	0.005117633037
	0.003933629217	0.002057311723	0.002725238164	0.005015220607	0.0005261477303
	0.001433565846	0.0004747450578	0.0007381874132	0.0009307505255	0.0008328271842
	0.001212651869	0.001364400831	0.001559213166	0.001744165288	0.001977137602
	0.001064977432	0.0004507454664	0.0004690199229	0.0005005654111	0.0006029843151
	0.0006902231263	0.0008097558568	0.0007151665773	0.001184780878	0.000818536193
	0.0004028205295	0.0004474153068	0.0004474153068	0.0005657189858	0.0005589370353
	0.0005657189858	0.0004946913079	0.0004801433657	0.0007232584589	0.004240049096
	0.004240049096	0.004240049096	0.002667499521	0.002310037626	0.003392290202
	0.0007461822531	0.001280742296	0.001327110936	0.001280742296	0.0006162713337
	0.0007183506058	0.0005589370353	0.001040927143	0.0008264268683	0.0008230043689
	0.001207709246	0.001364400831	0.001547826128	0.001547826128	0.001742912076
	0.002247023105	0.001040927143	0.0004651062324	0.0005465734723	0.0005414021123
	0.0006029843151	0.0008097558568	0.0008097558568	0.000818536193	0.0004928741864
	0.0004928741864	0.0004651062324	0.0006162713337	0.0008148939127	0.0005430441071
	0.0005503824142	0.0007195894056	0.003639837715	0.002578823278	0.003916526835
	0.002578823278	0.003639837715	0.005593461575	0.0007461822531	0.001448320056
	0.001448320056	0.001170315193	0.0005755567949	0.0008148939127	0.0005407951313
	0.0006246831101	0.001040927143	0.001050540132	0.00152762813	0.00152762813
	0.001726300086	0.00229627578	0.002683822073	0.001207835758	0.001502375731
	0.0005680434342	0.0006167075649	0.0006167075649	0.0007574712326	0.0009018977456
	0.0004928741864	0.0005680434342	0.0006079628333	0.0007130094715	0.0008148939127
	0.0005503824142	0.0009261132255	0.003639837715	0.002900711562	0.002578823278
	0.006998175031	0.006829981056	0.001734775236	0.00104766884	0.001448320056
	0.001477327726	0.0009261132255	0.0005419006523	0.0007130094715	0.001046005489
	0.001207835758	0.00152762813	0.001726300086	0.002078180877	0.002584254594
	0.002683822073	0.001358409958	0.001502375731	0.0005680434342	0.0006167075649
	0.00104766884	0.000707851432	0.0007535150594	0.0005386405135	0.0006364673342
	0.0007048738124	0.0007130094715	0.001056990805	0.0006043051932	0.001046005489
	0.002958321603	0.002900711562	0.003108182176	0.001734775236	0.001147625547
	0.0008882689122	0.001750653422	0.001750653422	0.001043296113	0.000722733828
	0.0008033444653	0.001356891221	0.001356891221	0.002537671308	0.001757358151
	0.001933829354	0.002188852955	0.002584254594	0.001543905462	0.0006364673342
	0.000790120737	0.0008882689122	0.000707851432	0.0007153395465	0.0007439776414
	0.0008102564951	0.0008100694298	0.001043296113	0.0008102564951	0.00121578741
	0.003108182176	0.002958321603	0.002783438857	0.004322189729	0.0004429532524
	0.0009646889998	0.0009646889998	0.001936198859	0.001057299057	0.0008321984634
	0.00128964843	0.001085399681	0.001356891221	0.001543905462	0.002783438857
	0.001908044673	0.001908044673	0.002142909584	0.001543905462	0.0007439776414
	0.000790120737	0.0008777409799	0.001073601683	0.0008321984634	0.0008102564951
	0.001087501168	0.0009466177445	0.001577399878	0.001445763707	0.002783438857
	0.003212142594	0.003459286336	0.001942235318	0.0005620768056	0.00103318429
	0.0009712156804	0.001952912617	0.001952912617	0.0008321984634	0.00128964843
	0.001087501168	0.002933918493	0.001802502987	0.002602122281	0.002015660223
	0.002047142461	0.002015660223	0.0009394467898	0.0009712156804	0.0009712156804
	0.001055958063	0.001136981898	0.001074278827	0.001283163645	0.001311493395
	0.001577399878	0.001445763707	0.002602122281	0.003212142594	0.003064789289
	0.001678175772	0.001678175772	0.001717288201	0.001952912617	0.001717288201
	0.001186242327	0.001283163645	0.001271928554	0.003132225568	0.00185633591
	0.002302638127	0.002015660223	0.002217921079	0.001133876688	0.001423309235
	0.001211790026	0.001186242327	0.001271928554	0.00150107404	0.001186242327
	0.00185633591	0.001464544373	0.002765921917	0.00297602731	0.003262763022
	0.002658999145	0.001995665829	0.001717288201	0.001454810313	0.001709792488
	0.006746119677	0.00185633591	0.002323185349	0.002503371633	0.001423309235
	0.001644771408	0.001211790026	0.0015412346	0.00150107404	0.00150107404
	0.0015412346	0.002218481831	0.001878286381	0.002915528188	0.003362061211
	0.0001449972813	0.002586843036	0.001709792488	0.002029076815	0.004317014933
	0.002915528188	0.002503371633	0.002503371633	0.002276168551	0.001533210566
	0.001739285702	0.001533210566	0.0015412346	0.002084598639	0.001712201057
	0.002084598639	0.003362061211	0.0001334192762	0.002212968663	0.002212968663
	0.007727541033	0.002493581749	0.002276168551	0.002632916128	0.002080478366
	0.00203609857	0.002401764325	0.002854016603	0.00203609857	0.002173052129
	0.003676310839	0.002449605138	0.002212968663	0.002618141483	0.002987215035
	0.004903712426	0.002917485374	0.002917485374	0.00231725705	0.00203609857
	0.002859954065	0.002173052129	0.002173052129	0.003676310839	0.0002613609174
	0.002476339531	0.002172922245	0.002917485374	0.00231725705	0.002474692564
	0.002474692564	0.006063156199	0.002650656027	0.002172922245	0.003603203277
	0.002650656027	0.002421677055	0.001092465474	0.002219017802	