5884	
	1.999794008	2.00024533	2.00024533	2.001809329	2.000915973
	1.998401529	1.996005233	2.001809329	2.000401335	1.998401529
	1.998401529	1.993532211	2.001695003	2.001695003	2.001812646
	2.001001763	2.000401335	1.998441954	1.993532211	1.993532211
	2.00166721	2.002168178	2.00166721	2.004786518	2.000365277
	2.000583938	2.000583938	1.996017237	1.991574383	2.002625138
	2.004455573	2.00166721	2.004786518	2.008264283	2.005394261
	2.001128024	1.998543959	1.995327454	1.995327454	1.998369571
	1.9980938	2.001065453	1.994876151	2.008264283	2.008125269
	1.998148059	2.005394261	2.008125269	2.005394261	2.001128024
	2.001128024	2.002647149	1.995327454	1.990334118	1.989281601
	2.000909988	1.995181576	1.994876151	1.994876151	2.014333852
	2.005421855	2.022953562	1.998413608	1.983740864	2.006850006
	2.020333526	2.006850006	2.002647149	2.025591784	2.007773679
	1.995001029	1.992954368	1.986707465	1.995181576	1.998413608
	1.990033705	2.003520755	2.02550949	2.02550949	2.03603343
	1.975674539	1.978222044	2.020333526	2.020333526	2.020923043
	2.007773679	2.025591784	2.006494434	1.999148032	1.991269384
	1.986707465	2.003520755	1.996658591	1.973011398	2.02916237
	2.003679183	2.03603343	2.02550949	2.035224372	2.03603343
	2.039745598	1.978222044	1.978222044	2.036588232	2.018047285
	2.016266465	2.052729388	2.036588232	1.999148032	2.018836843
	1.999148032	1.986997749	1.986997749	2.003679183	1.992940479
	1.973011398	2.02916237	2.035224372	2.042643906	2.027824531
	2.056204614	2.056204614	1.96807537	1.953436283	2.071894671
	2.071894671	2.036588232	2.040947541	2.059731548	2.063556748
	2.037022224	2.010227898	2.010227898	2.063556748	1.996253173
	1.982017697	1.98317976	1.962758401	2.007200522	1.994012944
	2.027824531	2.072599683	2.065320487	2.034666532	2.09964935
	2.072599683	1.939678289	1.939678289	2.105070646	2.105070646
	2.09964935	2.050812475	2.063556748	2.037022224	2.025979602
	2.010227898	2.100488072	1.982017697	1.982017697	1.956292032
	1.940413568	1.968662673	1.998061494	2.007200522	2.034666532
	2.093846852	2.034666532	2.065320487	2.128073351	2.102063238
	2.153441784	1.936592335	1.917637458	2.105070646	2.150133453
	2.118604015	2.182042749	2.05749086	2.066811944	2.048496329
	2.048496329	2.01146906	2.100488072	2.100488072	1.989921426
	1.964128044	1.940330954	1.945074646	1.999670393	1.973083773
	2.026553474	2.026553474	2.102063238	2.065170903	2.065170903
	2.153441784	2.120302539	2.153441784	1.936592335	1.917637458
	2.150133453	2.182042749	2.234489333	2.200338577	2.150133453
	2.152378334	2.094022766	2.063620159	2.03383976	2.009958773
	2.112639985	2.119089486	1.981413157	1.981413157	1.940330954
	1.945074646	1.945074646	2.019125825	1.973083773	2.019125825
	2.07406633	2.120302539	2.102551332	2.042000568	2.150179071
	2.120302539	2.146483333	2.227141642	1.910363925	1.880182622
	2.234489333	2.172882143	2.200338577	2.234489333	2.200338577
	2.199975481	2.112639985	2.064955398	2.012562816	2.009958773
	2.112639985	2.154171755	1.971054758	1.971054758	1.897470834
	1.915228765	1.947272344	1.981298834	2.012187349	2.075549621
	2.102551332	2.102551332	2.042000568	2.00663014	2.200548759
	2.200548759	2.146913021	2.227141642	2.272224671	1.880182622
	1.880182622	2.284893141	2.18228282	2.222289684	2.284893141
	2.231362952	2.188402395	2.064955398	2.064955398	2.035484701
	2.032430838	2.101255588	2.18228282	1.999060544	1.916891516
	1.87301963	1.901115617	1.940645303	1.976410272	2.00663014
	2.00663014	2.075549621	2.129663804	2.077184793	2.070928231
	2.200548759	2.196507442	2.159436464	2.273185135	2.292380178
	2.292380178	1.848561243	1.901115617	1.848561243	2.331555933
	2.331555933	2.198016471	2.233418381	2.308699967	2.292410223
	2.255591824	2.255591824	2.10267523	2.035484701	2.035484701
	1.99115248	2.141350276	2.181378941	1.94650606	1.87301963
	1.87301963	1.901115617	1.961123913	1.961123913	2.018984849
	2.028563603	2.124176627	2.124176627	2.070928231	2.223063349
	2.192768606	2.192768606	2.273185135	2.33912013	2.316127036
	1.882722097	1.848561243	1.859929569	1.840820293	2.371959874
	2.371959874	2.40314288	2.364808551	2.331555933	2.310895266
	2.180559901	2.304658194	2.304658194	2.255591824	2.260841361
	2.1062434	2.070234774	2.070234774	1.94650606	2.140737719
	2.192980159	1.94650606	1.840584608	1.807942662	1.947583399
	1.974903881	1.978345592	2.018984849	2.161535889	2.055599387
	2.124176627	2.223835549	2.193946706	2.193946706	2.280872778
	2.3675301	2.280872778	2.359957678	2.402244524	1.902154882
	1.876749579	1.842518775	1.842518775	1.807822676	2.371959874
	2.414016208	2.402244524	2.402438917	2.435239786	2.37210042
	2.353716409	2.192980159	2.336496809	2.336496809	2.27686861
	2.328243353	2.1062434	2.070234774	2.021135353	2.031307537
	2.111622576	2.192980159	1.911777778	1.960129194	1.84745085
	1.844925599	1.97797893	1.999874796	1.97797893	2.065357588
	2.145058422	2.091624708	2.145058422	2.030299513	2.259467942
	2.193946706	2.359957678	2.262129828	2.313557359	2.184663984
	2.416816665	2.402917908	2.38779657	2.368356753	2.402244524
	1.939437174	1.903745882	1.869082335	1.834091569	1.833791018
	1.792682732	2.391705571	2.416816665	2.416816665	2.402438917
	2.414016208	2.402438917	2.435239786	2.37210042	2.415932172
	2.36314392	2.231217879	2.297660916	2.336496809	2.297660916
	2.107735163	2.107735163	2.017128388	2.157540426	2.207262673
	2.017128388	1.911777778	1.960129194	1.84745085	1.817968901
	1.97797893	1.999874796	2.084823341	2.145058422	2.134104104
	2.08225888	2.027247719	2.208027398	2.236509165	2.352878314
	2.262129828	2.24222595	2.212982974	2.344957472	2.344957472
	2.353773725	2.379624222	2.379624222	2.345906575	1.903745882
	1.869082335	1.869082335	1.806805195	1.821991459	1.792110989
	2.13041941	2.38200099	2.38200099	2.468610518	2.468610518
	2.486950607	2.430456003	2.462828812	2.430456003	2.364685162
	2.409474597	2.466020279	2.415776668	2.248096414	2.331684753
	2.364685162	2.364685162	2.107735163	2.017128388	2.248096414
	2.157540426	2.170320019	2.054477154	1.999888247	1.873125654
	1.945428113	1.79194447	1.699032052	1.950479927	1.989635957
	2.134104104	2.08225888	2.08225888	2.027247719	2.027247719
	1.746266338	2.066818322	2.208027398	2.315044408	2.24222595
	2.313231475	2.24222595	2.173637361	2.351577529	2.314686438
	2.314686438	2.379624222	2.315044408	1.906865034	1.866880279
	1.821991459	1.792995878	1.792995878	1.769676302	2.66071523
	1.796525114	2.229791026	2.341389543	2.38200099	2.468610518
	2.517391758	2.517391758	2.466020279	2.499307577	2.415776668
	2.409474597	2.466020279	2.415776668	2.248096414	2.331684753
	2.381880135	2.111140845	2.11363441	2.21858076	2.27517497
	2.21858076	2.054457786	1.999888247	1.852844653	1.852844653
	1.766007526	1.699032052	1.904524731	1.982703584	2.182242112
	2.134633676	2.074353196	2.050278787	2.012911763	2.548812476
	1.622098894	2.066818322	2.213024504	2.32701811	2.313231475
	2.234869936	2.263021391	2.182242112	2.182242112	2.314686438
	2.213024504	2.33144488	2.226909317	2.339161398	1.904524731
	1.853282079	1.8338626	1.792995878	1.788639626	1.769676302
	2.885236107	2.229791026	2.341389543	2.403548094	2.403548094
	2.483012935	2.500382042	2.496342596	2.496342596	2.5020268
	2.424182843	2.455709525	2.37009653	2.381880135	2.37009653
	2.11363441	2.102701109	2.314762669	2.214127968	2.054457786
	1.974610947	1.766007526	1.902891905	1.766007526	1.736187948
	1.90419409	1.923779805	2.068676338	2.146100326	2.068676338
	2.018037066	1.978241137	2.548812476	1.568894105	2.024395915
	2.067965497	2.251350564	2.261140143	2.179439848	2.121965005
	2.181019974	2.255215937	2.226909317	2.226909317	2.181019974
	1.853282079	1.876693169	1.853282079	1.802194171	1.762120488
	1.77295787	1.762120488	3.097243473	2.102413852	2.489456322
	2.489456322	2.505049629	2.521718044	2.54466444	2.497390874
	2.455709525	2.429907354	2.455709525	2.358671828	2.397336615
	2.368028114	2.277056398	2.102701109	2.102701109	2.214127968
	2.043572946	2.047036219	1.902891905	1.832704463	1.886449578
	1.736187948	1.714072512	1.876693169	1.90419409	1.946045159
	2.068676338	2.121965005	2.079283226	2.018037066	1.989742914
	1.969477587	2.340156754	1.543068669	2.067965497	2.067965497
	2.213636588	2.108660777	2.181019974	2.213636588	2.186397928
	2.157461899	1.876693169	1.861596343	1.802194171	1.802194171
	1.764092374	1.743698343	1.726561855	3.457973882	2.27057604
	2.489456322	2.505049629	2.505049629	2.497390874	2.546013261
	2.497390874	2.477524322	2.47292849	2.397336615	2.573730087
	2.277056398	2.377592106	2.377592106	2.277056398	2.431003633
	2.157353708	2.221343786	2.023322778	2.094319661	1.962058124
	1.797543146	1.797543146	2.049989108	1.796428707	1.686207646
	1.847471823	1.946045159	2.049989108	2.108660777	2.031456304
	2.006369816	1.953257317	1.969477587	2.526987687	1.542052545
	1.922018984	2.025175667	2.102445291	2.04724396	2.102445291
	2.038460315	2.192383789	2.157461899	1.847471823	1.842863371
	1.807289234	1.828262205	1.777893125	1.743698343	1.743698343
	1.718657818	3.393111726	2.307970748	2.638992814	2.634337686
	2.615191701	2.587707607	2.615191701	2.470276936	2.477524322
	2.543118018	2.548095593	2.221343786	2.324612751	2.377592106
	2.409053483	2.094319661	2.224092951	2.022682243	2.094319661
	1.962058124	2.148525609	1.797543146	1.86876561	1.670353277
	1.54623364	2.04724396	1.887469688	1.86336425	2.031456304
	2.052709418	1.964195826	1.940139082	1.904621782	2.526987687
	1.524790716	1.922018984	2.038460315	2.102445291	2.04724396
	2.086590361	2.085567296	1.828262205	1.829700654	1.787011036
	1.780602508	1.828262205	1.777893125	1.718657818	1.731485442
	1.754631715	2.470276936	3.697297242	2.498211596	2.658049492
	2.697771537	2.615191701	2.596539054	2.469451133	2.548095593
	2.34446148	2.458489995	2.324612751	2.340445739	2.324612751
	2.224092951	2.08994063	2.015483148	1.938951575	2.08994063
	1.767927685	1.767927685	1.653723384	1.653723384	2.011573775
	2.022511996	1.872895261	1.964195826	1.964195826	1.940139082
	1.858693324	2.441561875	1.577779576	1.970491406	2.041884799
	2.085567296	2.024678197	1.847354699	1.847354699	1.780602508
	1.776714604	1.780602508	1.810953789	1.739216661	1.754631715
	1.750592346	1.754631715	2.476982323	2.518805215	3.986514213
	2.818714333	2.752482983	2.752482983	2.596539054	2.596539054
	2.590261466	2.388407972	2.448920465	2.532279294	2.28691383
	2.28691383	2.220875274	2.08994063	2.008292717	1.856063624
	2.220875274	1.75978768	1.856063624	1.645428216	1.529863615
	1.941285407	1.989193275	1.926502737	1.824424404	1.941285407
	1.897750641	2.441561875	1.909079546	1.951832174	1.951832174
	1.989193275	1.796132578	1.847354699	1.765404358	1.776714604
	1.754264785	1.754264785	1.757379742	1.763335508	1.741266462
	1.708944477	1.731179169	1.757563868	2.590261466	3.986514213
	2.733789838	2.752482983	2.828135748	2.699632255	2.699632255
	2.448920465	2.532279294	2.532279294	2.478198724	2.362037121
	2.28691383	2.220875274	2.069476193	2.008292717	1.852630618
	2.070068498	1.754602978	1.852630618	1.754602978	1.525885909
	1.941285407	1.926502737	1.926502737	1.818117011	1.820539531
	1.868369296	2.801113041	1.898015803	1.921248383	1.951832174
	1.906471357	1.818117011	1.795148422	1.795148422	1.818117011
	1.735599534	1.754264785	1.763335508	1.7630604	1.737002996
	1.729222924	1.741718141	1.731179169	1.731179169	1.762356331
	2.642532256	2.716355875	4.000996931	2.749187112	2.828135748
	2.783657659	2.783657659	2.385064591	2.4182727	2.478198724
	2.642532256	2.268984713	2.343675497	2.218083973	2.086330264
	2.086330264	2.010740613	2.086333397	1.754602978	1.844782474
	2.008716926	1.645413055	1.642425279	1.921248383	1.8840864
	1.888217526	1.779613824	1.868369296	1.8840864	2.701997781
	1.930589779	1.867667565	1.930589779	1.867667565	1.7630604
	1.791793536	1.795148422	1.741417076	1.735599534	1.729968791
	1.739961316	1.737002996	1.721736785	1.733280099	1.729222924
	1.739126387	1.745445345	1.739126387	1.762356331	1.762356331
	2.663389961	2.72218188	2.831844496	4.442833922	3.213423519
	2.879102767	2.831844496	2.4182727	2.4182727	2.568445782
	2.562365243	2.399509009	2.330299407	2.306143761	2.229008039
	2.008716926	2.083518419	2.008716926	2.083518419	1.852628527
	1.757066138	1.933970048	1.664678547	1.664678547	1.914280842
	1.843607767	1.762306446	1.779613824	1.843607767	2.733120286
	1.930589779	1.867667565	1.905398249	1.737668088	1.734674145
	1.741417076	1.765782383	1.739961316	1.739961316	1.704971101
	1.716565051	1.726868384	1.708141817	1.745049276	1.753338753
	1.70970744	1.753769043	1.753769043	2.72218188	2.800877552
	2.990726521	4.517631048	3.290167175	2.990726521	2.459911575
	2.574463385	2.558178473	2.76287982	2.376741331	2.301465037
	2.229008039	2.012864705	2.083518419	2.160308646	2.164388656
	2.164388656	1.762951464	1.861141751	1.86262721	1.664678547
	1.762951464	1.688124989	1.688124989	1.844801866	1.78055283
	1.762306446	1.798982143	2.733120286	1.902052986	1.905398249
	1.844801866	1.726868384	1.686566696	1.795119265	1.761805828
	1.730990922	1.691626859	1.704971101	1.745300191	1.727501698
	1.691626859	1.716565051	1.716565051	1.753637169	1.719002073
	1.727611676	1.727611676	1.72378489	1.753355811	1.757097775
	1.757614365	1.720344343	2.801259536	2.800877552	3.203427637
	4.814456056	3.201812798	2.459911575	2.558178473	2.558178473
	2.801259536	2.574463385	2.301465037	2.294362736	2.296439645
	2.01685948	2.0812529	2.152845949	2.235884175	1.762951464
	2.031282674	1.881238291	1.881238291	1.818459258	1.818459258
	1.715902597	1.844801866	1.855937306	3.150183116	1.914161068
	1.936725915	1.686566696	1.773185028	1.686566696	1.746091354
	1.730990922	1.691626859	1.719305971	1.709203497	1.698491808
	1.698491808	1.756336447	1.757614365	1.719002073	1.727611676
	1.719305971	1.729789937	1.756306723	1.751525735	1.757614365
	2.801259536	3.074264282	3.201812798	4.814456056	2.466446425
	2.786539007	2.574363369	2.898642869	2.786539007	2.294362736
	2.294362736	2.235884175	2.031282674	2.152845949	2.152845949
	2.129726107	2.24488461	1.97155542	2.031282674	1.881238291
	1.855937306	1.611469913	1.821534221	1.844888368	1.844888368
	1.936725915	1.773185028	3.210246141	2.003125785	1.738356209
	1.780212761	1.780212761	1.729367646	1.703442074	1.733611193
	1.709203497	1.709203497	1.72766436	1.75867111	1.747659825
	1.772156596	1.725194905	1.720838982	1.750031278	1.725194905
	1.737729701	1.754087782	3.074264282	3.074264282	4.838373218
	2.466446425	2.783578204	2.466446425	2.668493449	2.940422225
	2.383447302	2.384119204	1.97155542	2.031173508	2.17978855
	2.25190889	2.133811197	2.194447411	1.991517814	1.78913134
	1.753208171	2.036095826	1.844888368	1.757356054	1.764086597
	2.035826581	1.959387499	1.861524276	3.227897224	1.695449342
	1.703442074	1.780212761	1.773506649	1.732526242	1.703442074
	1.733611193	1.720838982	1.72766436	1.775915941	1.786268668
	1.774948426	1.779225777	1.720838982	1.750031278	1.771304795
	1.785414236	1.723114752	2.940422225	3.309672976	4.838373218
	2.383447302	2.562241481	2.783578204	2.563881664	3.102192587
	2.383447302	2.319270089	2.392993257	2.090286144	2.25190889
	2.17978855	2.215655894	2.215655894	2.090286144	2.10903968
	1.829602704	1.829602704	1.914807198	2.039547983	2.05431521
	1.777148572	1.782629847	1.782629847	1.780883213	1.959387499
	1.959387499	1.839830053	3.303780944	1.741234034	1.729811433
	1.831147337	1.773506649	1.737208655	1.747916177	1.711716818
	1.711716818	1.767944666	1.74474938	1.773786955	1.775915941
	1.775915941	1.786268668	1.80210726	1.786528151	1.778475992
	1.786528151	1.796918835	1.806612222	3.347800868	3.347800868
	5.132917436	2.57393001	2.93286926	2.682441794	2.93286926
	3.090975998	2.392993257	2.347012744	2.57393001	2.215550105
	2.286331365	2.215550105	2.347012744	2.173145695	2.173145695
	1.875802238	1.875802238	1.953920796	2.077809069	2.11737321
	2.08085988	1.808326189	1.766648483	1.782629847	1.77850535
	1.813661887	1.954307975	1.864554301	1.954307975	3.658702624
	1.725586394	1.729811433	1.766224934	1.898235724	1.854124206
	1.73811542	1.776121091	1.776121091	1.779251752	1.791751081
	1.790191691	1.80210726	1.796918835	1.802805814	1.801099542
	1.759147478	1.793575983	1.830563807	3.347800868	6.283841164
	2.57393001	2.797233032	2.93286926	2.797233032	3.090975998
	2.492574076	2.492574076	2.215550105	2.24398772	2.367931342
	2.286331365	2.465844841	2.199759137	1.865430427	1.875802238
	1.880804666	2.115766859	2.16847325	2.16847325	1.814105072
	1.837882528	1.807306679	1.817691543	1.847750501	1.838432273
	1.954307975	2.052857719	3.314672231	1.766224934	1.766224934
	1.938279989	1.854124206	1.800979242	1.830563807	1.803337765
	1.791751081	1.791751081	1.765436023	1.848957861	1.866199243
	1.867088973	1.867088973	1.837095039	1.841637395	1.830563807
	1.837095039	1.823518113	1.847085548	3.115963104	4.930066252
	2.576343891	2.792419487	2.797233032	2.788926312	3.108195428
	2.492574076	2.268004617	2.335535456	2.283236061	2.367931342
	2.465844841	2.268004617	2.268004617	2.576911911	1.927737
	2.030458351	2.030458351	2.090077604	2.200025962	2.200025962
	1.825878136	1.837882528	1.863921267	1.851919454	1.838432273
	1.865800174	1.865800174	1.884194362	2.052857719	3.314672231
	1.828064396	1.791839917	2.023609067	1.841814355	1.803337765
	1.791839917	1.841814355	1.848957861	1.881162621	1.900253687
	1.92952128	1.88482302	1.88482302	1.847085548	1.85992357
	1.908419581	1.870040794	3.245036267	4.939291354	2.788726664
	2.775735459	2.775735459	2.897168392	2.478628405	2.576911911
	2.336886347	2.368378651	2.387301145	2.478628405	2.25543499
	2.336886347	2.576911911	2.704012204	2.030727534	2.030727534
	2.030458351	2.173929675	2.173929675	2.200025962	2.268669149
	2.355466505	1.872118424	1.890345241	1.919667651	1.833468509
	1.869925364	1.900415434	1.880371601	1.919667651	1.95242707
	1.963709272	1.95242707	1.884194362	1.865800174	1.918077241
	1.884194362	2.023609067	3.219586437	1.890749468	1.844062592
	1.950465255	1.832338566	1.841814355	1.876423446	1.813766083
	1.904599007	1.950290499	1.92952128	1.900253687	1.974355844
	1.88482302	1.897286957	1.908419581	1.948028632	3.174678548
	4.758249508	2.755427877	2.862071622	2.987819492	2.478628405
	2.573466467	2.443246627	2.443246627	2.490936448	2.501574046
	2.310587414	2.573466467	2.628189214	2.585535269	2.16429246
	2.030727534	1.987946893	2.16429246	2.173929675	2.332547013
	2.251300756	2.310587414	2.355466505	2.36819089	1.896291828
	1.912087757	1.921540105	1.880371601	1.879844525	1.922062924
	1.896291828	1.994098911	1.976256643	1.982697346	1.997140592
	1.936616489	1.963709272	1.950331701	1.963709272	1.997055093
	1.994098911	1.941482299	1.918077241	1.918077241	1.96425686
	1.965192784	3.318211203	1.84787296	1.910707811	1.910707811
	1.858570448	1.876423446	1.876423446	1.880694252	1.941482299
	1.950290499	2.001092271	1.974355844	1.960945357	1.954017872
	1.960945357	1.948028632	3.130180651	4.758249508	2.862071622
	2.755427877	2.987819492	2.556086108	2.443246627	2.487915996
	2.556086108	2.670263649	2.670263649	2.596595538	2.197225686
	2.198494803	2.160953016	2.130446903	2.350144314	2.23487417
	2.314229406	2.314229406	2.36819089	2.456112187	2.36819089
	1.896291828	1.912087757	1.927075542	1.894069258	1.950370613
	1.971224227	1.940013509	1.994098911	1.987887493	1.993632998
	1.983494019	1.950331701	1.97434301	1.952577405	2.003859491
	2.003859491	2.000822843	2.000806987	2.001794865	1.993154996
	1.99718415	1.994159266	1.980403575	1.979607794	1.979607794
	1.932067142	3.085334461	1.858570448	1.910707811	1.858570448
	1.885133748	1.956312842	1.917675971	2.004046453	1.994159266
	2.043796054	2.023009949	1.960945357	1.99825665	2.015268074
	3.073422844	4.70143566	2.863267896	2.733064218	2.86852633
	2.556086108	2.456112187	2.487915996	2.680564733	2.596595538
	2.596595538	2.197225686	2.197225686	2.231811155	2.202404946
	2.177840393	2.350144314	2.350144314	2.329623821	2.329623821
	2.492507488	2.411421486	2.45974217	1.95709567	1.95709567
	1.948546415	1.950370613	1.982646425	1.971224227	1.950946591
	1.997982573	1.988216493	1.988216493	1.98500695	1.968317841
	1.968317841	1.996941388	2.000822843	1.999764823	2.001794865
	2.00193075	2.000501073	2.00193075	1.997928423	1.99718415
	1.998693077	1.994159266	1.995822579	1.979607794	2.005745704
	1.8818497	3.085334461	1.911004859	1.894441018	1.911004859
	1.99825665	2.008461516	2.008461516	1.957239711	2.023009949
	2.043796054	2.018768669	2.043796054	2.061717867	2.061717867
	2.002533804	2.86852633	4.465522722	2.763500766	2.733064218
	2.781959927	2.623990768	2.537216205	2.623990768	2.581804323
	2.413528707	2.65037249	2.322863241	2.297406934	2.239911576
	2.206418582	2.227604954	2.218802081	2.404558936	2.336902954
	2.329623821	2.537216205	2.465845835	2.469315584	1.95709567
	1.988881356	1.988881356	1.982646425	1.982646425	2.034987915
	1.977919193	1.999845889	1.999845889	1.98500695	1.976892864
	1.98448258	1.996941388	1.998693077	1.997829194	1.9986688
	1.999528542	2.00193075	1.999446619	2.004616835	1.998693077
	2.030919709	2.034987915	2.0720179	1.727904208	2.965141801
	1.911004859	1.95197145	1.957239711	2.053034077	2.008461516
	2.016580553	2.073657491	2.053466272	2.094344178	2.094344178
	2.061717867	2.080113854	2.700903422	3.934423077	2.739078034
	2.641828061	2.781959927	2.581804323	2.547071164	2.565929872
	2.53034754	2.433618295	2.433618295	2.610705663	2.322863241
	2.322863241	2.297406934	2.305613076	2.227604954	2.218802081
	2.218802081	2.641828061	2.404558936	2.390197633	2.547071164
	2.495385367	2.506900247	1.977919193	2.012815879	1.993194653
	2.080929472	2.051159692	1.989974944	2.051159692	1.999763637
	1.999845889	1.996476774	1.996476774	2.017195732	2.009531085
	2.004205942	2.002894726	1.9986688	1.9986688	2.00472226
	2.001439346	2.001439346	2.004616835	2.005361249	2.009531085
	2.0720179	2.0720179	1.727904208	2.685581868	1.987257682
	1.945577651	1.987257682	2.098599864	2.053034077	2.024732172
	2.10599334	2.121359609	2.113259807	2.11933893	2.156822489
	2.130807333	2.700903422	3.658256365	2.641828061	2.613004262
	2.565929872	2.565929872	2.416172421	2.506900247	2.472523634
	2.472523634	2.57460826	2.390637843	2.390637843	2.349977036
	2.333128232	2.334098741	2.314015276	2.315323653	2.577204968
	2.438039134	2.438039134	2.536508498	2.500552721	2.506900247
	2.012045707	2.120954116	2.012815879	2.013781871	2.083574745
	2.051159692	2.033470148	2.033470148	2.012045707	2.030169529
	2.034794066	2.017195732	2.021093561	2.024451719	1.994589942
	1.998560879	2.006161711	1.998560879	2.005361249	2.013150696
	2.021093561	2.013150696	2.121359609	1.945577651	3.001226463
	1.987257682	1.900075472	2.014961013	2.130807333	2.098599864
	2.057215686	2.148451466	2.144383153	2.113259807	2.188213909
	2.188213909	2.169310575	2.688310731	3.567043248	2.661212774
	2.613004262	2.550771809	2.533468032	2.527812642	2.472523634
	2.455241765	2.455241765	2.550771809	2.390080204	2.390637843
	2.349977036	2.349977036	2.333128232	2.314015276	2.358142991
	2.314015276	2.507546534	2.438039134	2.536508498	2.525140295
	2.510211306	2.525140295	2.150461016	2.150461016	2.027359941
	2.032425369	2.120954116	2.069149155	2.069149155	2.0919473
	2.060989678	2.06507927	2.166674478	2.034794066	2.065104048
	2.034794066	2.021093561	1.99470342	1.999592943	2.003423006
	2.009288393	2.027072142	2.015643139	2.024438406	2.024438406
	2.182737514	1.900075472	2.724076043	2.014961013	1.860285064
	2.014961013	2.087201127	2.168448632	2.168448632	2.083165829
	2.182737514	2.192042692	2.220188805	2.233055584	2.201436889
	2.429810434	3.31614938	2.507546534	2.509628875	2.533468032
	2.533468032	2.49789339	2.46217629	2.476104967	2.485519377
	2.446437668	2.393126598	2.393126598	2.412870351	2.398668337
	2.393244448	2.399182074	2.358142991	2.485519377	2.470369933
	2.446437668	2.50850276	2.525140295	2.49789339	2.4836409
	2.504069187	2.207610444	2.166674478	2.042398288	2.042398288
	2.152302383	2.069149155	2.0919473	2.150599313	2.053477272
	2.053477272	2.078159795	2.06762825	2.05383681	1.999592943
	2.001215977	2.010607384	2.006311441	2.034363185	2.027072142
	2.024639548	2.024639548	2.207610444	2.222493141	1.555367931
	2.724076043	1.976782926	1.880900178	2.101626437	2.243333689
	2.180460658	2.213738771	2.222493141	2.220188805	2.220188805
	2.242553836	2.253687549	3.039502491	2.388134568	2.388134568
	2.518701127	2.462490887	2.491967832	2.476104967	2.485519377
	2.435040002	2.417735499	2.417735499	2.437654795	2.430710261
	2.428997218	2.393244448	2.427902275	2.436395172	2.471612588
	2.455497596	2.463922283	2.512035993	2.518701127	2.512035993
	2.486614297	2.473149844	2.480344034	2.207610444	2.18971122
	2.077361757	2.150599313	2.13683611	2.177137759	2.177137759
	2.098735103	2.076406296	2.129667997	2.098735103	2.067893499
	2.001215977	2.001215977	2.063267126	2.020584538	2.031608599
	2.024639548	2.269707289	2.262015268	2.262015268	1.479067007
	2.544679275	1.976782926	1.931958848	2.073034664	2.242553836
	2.213738771	2.200942635	2.284220083	2.283146102	2.242553836
	1.962624637	3.039502491	2.388134568	2.20917048	2.451026917
	2.472485269	2.477333494	2.414367509	2.45531696	2.45531696
	2.45450967	2.462679471	2.458671287	2.428997218	2.428997218
	2.457038859	2.30997355	2.463711114	2.473978333	2.463711114
	2.512035993	2.451026917	2.477068343	2.459790185	2.459790185
	2.480344034	2.262519295	2.249985708	2.097825627	2.097825627
	2.202192075	2.167419671	2.190179003	2.098735103	2.142080564
	2.134077422	2.085462761	2.00441073	2.006224389	2.006224389
	2.063267126	2.063267126	2.020584538	2.031608599	2.269707289
	2.324970563	2.324970563	2.269707289	1.931958848	2.326140674
	2.035224467	1.973309607	2.232511242	2.278651742	2.273099828
	2.232511242	2.284220083	2.313325134	2.313325134	2.20917048
	2.672550155	2.226959686	2.226959686	2.40494983	2.463959971
	2.462565607	2.371613319	2.473978333	2.475244996	2.498521442
	2.481857859	2.504788322	2.481312439	2.496576719	2.492930418
	2.30997355	2.453789379	2.467383995	2.473978333	2.451083396
	2.432986532	2.388534367	2.459790185	2.437544883	2.421222256
	2.462565607	2.432991595	2.249985708	2.231368135	2.097825627
	2.14181979	2.163012914	2.229306617	2.190179003	2.190179003
	2.163012914	2.085462761	2.102248051	2.005761381	2.006224389
	2.013357537	2.021443422	2.061852415	2.051183265	2.026091139
	2.309660987	2.3132581	2.341355943	2.351165359	1.973309607
	2.457621945	2.142571692	1.973309607	2.232511242	2.278651742
	2.297264962	2.297264962	2.313325134	2.322268226	1.866881378
	2.586392822	2.226959686	2.00213861	2.371613319	2.463959971
	2.371613319	2.467383995	2.475244996	2.481857859	2.535045421
	2.529247009	2.481312439	2.551334949	2.481312439	2.475596448
	2.478851038	2.241343026	2.451083396	2.467383995	2.451083396
	2.421093379	2.3961856	2.34326255	2.403332639	2.3961856
	2.379585598	2.397151103	2.432991595	2.303184383	2.250445456
	2.250445456	2.109064041	2.14181979	2.179248513	2.19966708
	2.19966708	2.126341536	2.102248051	2.08247872	2.08247872
	2.008024645	2.008024645	2.015524755	2.015524755	2.069607463
	2.047673535	2.059219144	2.303184383	2.350603935	2.333572003
	2.385852105	2.351165359	1.551493007	2.39421579	2.065668408
	2.087369654	2.233010936	2.332797812	2.357721777	2.357056006
	2.349894335	2.397665374	2.39028647	2.00213861	2.586392822
	2.042802832	2.042802832	2.225886615	2.224858444	2.434766659
	2.472582883	2.489707383	2.496649573	2.548949037	2.575757822
	2.575757822	2.572968269	2.495237933	2.497391176	2.478851038
	2.478851038	2.052043873	2.421093379	2.456701019	2.434766659
	2.421093379	2.3961856	2.339071926	2.328654511	2.356181801
	2.379585598	2.397151103	2.342553879	2.317981664	2.281253568
	2.241705123	2.281253568	2.167024539	2.179248513	2.179248513
	2.134522942	2.134522942	2.08924918	2.342038952	2.008201027
	2.008201027	2.015524755	2.025365016	2.045416316	2.045416316
	2.08924918	2.385852105	2.350603935	2.367597418	2.39656392
	2.39656392	1.658790943	2.610227149	2.233010936	2.233010936
	2.370740779	2.397665374	2.423577331	2.397665374	2.412755135
	1.912430811	1.912430811	2.62893045	2.052043873	2.131778104
	2.224858444	2.430085947	2.445939751	2.498312513	2.504020804
	2.632158302	2.575757822	2.621742688	2.572968269	2.572968269
	2.500397928	2.456701019	1.996979906	2.131778104	2.401142922
	2.456701019	2.401142922	2.348264983	2.319610171	2.225647173
	2.126399808	2.225647173	2.319610171	2.338032944	2.295139931
	2.342553879	2.342553879	2.310349114	2.281253568	2.2520374
	2.2520374	2.19210121	2.219018705	2.134522942	2.182091215
	2.08924918	2.367597418	2.346003614	2.003152128	2.00549711
	2.016713066	2.045416316	2.058625464	2.058625464	2.11419441
	2.424710273	2.367597418	2.39656392	2.426814514	2.118434719
	2.770955918	2.182958866	2.182958866	2.370740779	2.412755135
	2.445230545	2.424221838	2.439317198	2.445230545	1.912430811
	1.91244475	2.421060499	1.996979906	2.131778104	2.374379389
	2.538504728	2.538504728	2.656558064	2.656558064	2.661228069
	2.581774053	2.564659756	2.511092733	2.452273199	2.479091092
	1.996979906	2.054869863	2.34770813	2.348264983	2.452273199
	2.39478743	2.374379389	2.34770813	2.344096193	2.256384394
	2.126399808	2.225647173	2.125027	2.287109266	2.320493107
	2.17392156	2.270730498	2.270730498	2.310349114	2.2705541
	2.246063245	2.219341011	2.219341011	2.139908066	2.19801233
	2.154162476	2.363878814	2.346003614	1.999951659	2.016713066
	2.016713066	2.034825093	2.060172018	2.06263021	2.11419441
	2.429168051	2.432735813	2.432735813	2.426261709	1.802502588
	2.849226045	2.234340059	2.343777275	2.356356463	2.458989121
	2.455515763	2.441616231	2.455515763	1.405217476	1.743774354
	2.217219363	1.808859772	1.955992977	2.538504728	2.548844654
	2.716594541	2.656558064	2.653185286	2.621674116	2.621674116
	2.613646398	2.568579342	2.543040209	2.460705717	2.452273199
	2.401611251	1.934619064	1.951341307	2.324645932	2.312990745
	2.335998128	2.336557352	2.315914723	2.22034364	2.058098107
	2.185200312	2.185200312	2.17392156	2.234179806	2.17392156
	2.270730498	2.214476228	2.297792696	2.2705541	2.246063245
	2.246063245	2.208146393	2.154162476	2.154162476	2.364513768
	2.364513768	2.001347384	2.001347384	2.034825093	2.034825093
	2.060172018	2.088051099	2.126146492	2.432735813	2.43271817
	2.43271817	1.802502588	3.233144476	2.321903653	2.332833637
	2.467006035	2.451017277	2.455515763	2.508400563	2.500606878
	1.375717657	1.79060254	2.123353913	1.853957335	1.951341307
	2.543040209	2.780103299	2.780103299	2.714927014	2.773526813
	2.710670675	2.483872244	2.613646398	2.548009764	2.548009764
	2.401611251	2.401611251	2.333658478	1.797668675	1.781228725
	2.264884183	2.315914723	2.336557352	2.336557352	2.169496753
	2.169496753	2.058098107	2.058098107	2.122477066	2.114803601
	2.114803601	2.153103225	2.153103225	2.139523302	2.188712234
	2.328252421	2.244500367	2.244500367	2.161836293	2.383177658
	2.397709912	2.366043943	1.986441961	1.993458108	2.0081481
	2.025944024	2.088051099	2.088051099	2.170430276	2.462130941
	2.485861482	2.433027741	2.449259998	1.951569801	3.233144476
	2.321903653	2.474789875	2.456284278	2.506962183	2.500606878
	2.566661643	1.342795018	1.627354445	2.123353913	1.67806067
	1.804007661	2.436993399	2.155747513	2.882461358	2.780103299
	2.784620227	2.773526813	1.865751945	2.710670675	2.704055938
	2.488199881	2.592782346	2.536143738	2.392642506	2.363711774
	2.333658478	1.797668675	1.797668675	2.155747513	2.248161731
	2.267764815	2.169496753	2.050408191	2.071781369	1.900455888
	2.041719433	2.048364985	2.039065824	2.153103225	2.071781369
	2.23619439	2.282175423	2.244500367	2.170430276	2.385598623
	2.371782969	2.287548415	1.981733654	1.981733654	1.988928012
	2.025944024	2.062733721	2.136704388	2.141714933	2.386483393
	2.490311077	2.507429603	2.487659895	2.174809934	3.519110285
	2.474789875	2.474789875	2.581301679	2.55583238	2.573268907
	2.554877357	2.579595743	1.346729009	1.67806067	2.121672971
	1.67806067	1.804007661	1.865751945	2.155747513	2.179301261
	2.836631511	2.88207628	2.88207628	2.765445447	2.704055938
	1.900455888	2.596220409	2.596220409	2.392642506	2.536143738
	2.536143738	2.325007206	2.280982733	2.280982733	1.713881375
	1.627284642	2.091887586	2.179301261	2.037293799	1.99611697
	2.037293799	1.984865119	1.984865119	1.927605223	1.966788978
	1.951108054	1.97875379	2.22535011	2.250563863	2.22535011
	2.335772826	2.386483393	2.287548415	2.386483393	1.966655749
	1.988928012	1.988928012	2.056368044	2.056368044	2.101160117
	2.141661465	2.554877357	2.426738888	2.426738888	2.174809934
	4.435878659	2.644775746	2.581301679	2.581301679	2.573268907
	2.554877357	2.498657655	2.533627289	2.627338437	1.276204342
	1.526532036	2.321422385	1.621100767	1.713881375	1.795870199
	1.752879719	2.061044839	2.213080016	2.325007206	3.025998867
	2.982059239	2.96831906	2.96831906	2.726046096	2.702337197
	1.927605223	2.596220409	2.361483177	2.461628938	2.325007206
	2.188425188	2.107375022	1.624286279	1.576354484	2.053503768
	2.019716696	2.037293799	1.978706696	1.911189525	1.97875379
	1.937792359	1.927605223	1.924634566	1.97875379	1.743944296
	2.393990068	2.179521302	2.22535011	2.335772826	2.281470437
	2.393990068	1.949587115	1.974735606	1.974735606	2.004538451
	2.004538451	2.141661465	2.141661465	2.438055621	2.426738888
	2.507327736	2.644775746	3.800220494	2.59828903	2.677976383
	2.618266958	2.533627289	2.502187687	2.502187687	2.640796592
	1.316714832	1.526532036	2.121166565	1.576354484	1.652446315
	1.652692827	1.743944296	2.053503768	2.140839379	2.263751246
	2.263751246	1.55514723	3.990218795	3.056598822	3.201453606
	2.864311966	3.056598822	2.629000469	2.629000469	2.52068797
	1.817948826	2.461628938	2.188425188	2.188425188	2.011893174
	2.011893174	1.576354484	2.053503768	1.973534418	1.952370963
	1.964576102	1.917943905	1.911189525	1.840505555	1.889797179
	1.873231568	1.797105114	1.888402343	1.743944296	2.384013932
	2.232080118	2.232080118	2.272375954	2.277793645	2.35502585
	1.908416819	1.904497511	1.94148277	2.004538451	1.986851772
	2.087108247	2.190996235	2.190996235	2.416423643	2.416423643
	2.471687152	2.758528094	3.800220494	2.781582065	2.677976383
	2.813286821	2.640796592	2.558174294	2.471687152	2.502187687
	2.684533625	1.316714832	1.52755358	2.121166565	1.529443661
	1.605674336	1.652692827	1.652692827	1.605674336	2.263751246
	2.294718316	1.797105114	1.55514723	2.52068797	3.990218795
	3.990218795	3.056598822	3.191355677	2.636482962	2.853003666
	2.629000469	2.324601609	1.704260868	2.294718316	2.083123748
	2.074873353	1.984898916	1.938972918	1.938972918	1.529443661
	1.890465705	1.864023424	1.848875018	1.82958676	1.917943905
	1.840505555	1.840505555	1.868621481	1.82056163	1.797105114
	1.62917648	2.35502585	2.258804341	2.258804341	2.35502585
	1.843788101	1.843788101	1.94148277	1.986851772	2.032109962
	2.032109962	2.197408455	2.141142553	2.416423643	2.471687152
	2.803618516	4.260835454	2.781582065	2.801757778	2.453808382
	2.801757778	2.603103238	2.603103238	2.564253388	2.506712328
	2.651632143	1.417892772	1.52755358	2.26585279	1.484348811
	1.605674336	1.541419146	1.497808342	1.533006564	1.482469005
	2.294718316	1.712241453	1.512938339	2.387599147	4.709618109
	3.474534537	3.186407192	2.853003666	2.773817366	2.492992429
	2.568262872	2.492992429	2.387599147	2.324601609	1.649655102
	2.177433036	2.034277848	1.999126415	1.999126415	1.957500123
	1.938972918	1.823767548	1.422218159	1.413687362	1.890465705
	1.792918803	1.77001807	1.82958676	1.808001777	1.769203576
	1.744635443	1.689151128	1.78602912	1.649655102	1.675736566
	1.689151128	1.62917648	1.497808342	2.364879972	2.326812376
	2.251054807	1.843788101	1.923971582	1.974648628	2.251054807
	1.974648628	2.015892158	2.082042447	2.082042447	2.322573978
	2.309544345	2.803618516	4.260835454	2.949751981	2.954060306
	2.452247938	2.476536178	2.683991563	2.603103238	2.508829188
	2.683991563	1.367975112	1.482988522	2.26585279	1.422218159
	1.469175912	1.45408166	1.497808342	1.482469005	2.788136198
	2.788136198	2.394009651	2.492992429	2.441189664	2.329511657
	2.201408224	2.158961517	1.568867509	2.011932576	2.037738267
	1.999126415	1.852654974	1.802219174	1.80279709	1.413687362
	1.413687362	1.407026092	1.792918803	1.77001807	1.77001807
	1.729880514	1.735644751	1.744635443	1.6270204	1.689151128
	1.651755576	1.525628859	1.675736566	1.525628859	1.366297057
	2.322573978	2.251054807	1.805300295	2.197165205	1.823486685
	1.956434583	2.197165205	2.015892158	2.009303872	2.082042447
	2.395645555	2.309544345	2.309544345	3.305297522	4.879266769
	2.949751981	2.848599742	2.535101175	2.395645555	2.771279537
	2.535101175	2.708615101	1.335854412	1.411809971	2.456916821
	1.411809971	1.420906021	1.407026092	1.399929285	2.394009651
	2.138736675	2.28280989	2.441189664	2.104843379	2.138736675
	1.568867509	1.920849024	1.962268663	1.902876024	1.80279709
	1.787456912	1.80279709	1.352288832	1.358147114	1.352288832
	1.407026092	1.745494833	1.724122544	1.651244988	1.661779813
	1.632086203	1.632086203	1.602495836	1.603500951	1.544999263
	1.537325852	1.525628859	1.51388508	1.420906021	1.318660493
	1.393808667	2.250914139	2.19996573	1.821385842	2.124516139
	1.79126918	1.88627211	2.129395771	2.009303872	2.009303872
	2.32445215	2.333944094	2.315245898	2.254464862	3.158478948
	4.879266769	3.039971289	2.789192445	2.789396843	3.039971289
	2.535101175	2.475611617	2.475611617	2.708615101	2.628256988
	2.698061144	1.376737372	1.387840381	2.506568605	1.387840381
	1.399929285	1.361578554	1.399929285	2.050303289	2.185267334
	2.104843379	2.040795198	2.040795198	1.472726858	1.920849024
	1.920849024	1.66779667	1.813746716	1.765216337	1.733411317
	1.783564228	1.315134994	1.352288832	1.362380944	1.279853608
	1.297361346	1.293867495	1.631760863	1.651244988	1.651244988
	1.602495836	1.569258287	1.569258287	1.602495836	1.544999263
	1.485175079	1.523662837	1.472726858	1.460072459	1.360952242
	1.293867495	1.267471978	1.360952242	2.19996573	2.124516139
	1.79126918	2.124516139	1.79126918	1.861946717	1.91581211
	1.91581211	2.333944094	2.333944094	2.254464862	2.199973079
	3.199180111	4.905021277	3.027677741	2.789396843	2.95986203
	2.401130717	2.636633016	2.475611617	2.401130717	2.468066311
	2.636633016	2.591513448	2.715557046	1.396935822	1.387840381
	2.442628237	1.362380944	1.289429944	1.289429944	1.472726858
	1.865379027	1.66779667	1.621214213	1.815746274	1.768369632
	1.71828583	1.308856982	1.334068205	1.248883394	1.256665233
	1.297361346	1.293867495	1.574140277	1.631760863	1.646596727
	1.489321785	1.460967068	1.450894531	1.494287878	1.487301185
	1.474944383	1.456643834	1.415437123	1.460072459	1.460072459
	1.360952242	1.267471978	1.248883394	1.300844524	2.183352282
	2.060205411	1.761078865	1.982295468	1.764985075	1.844375462
	1.91581211	2.177999332	2.111616333	2.199973079	3.289576679
	4.905021277	3.289576679	2.95986203	2.846954153	2.269044886
	2.339389388	2.518561633	2.431391752	2.518561633	2.738150448
	1.396935822	1.491004762	2.52482519	1.377961473	1.35284257
	1.273280425	1.289429944	1.270215504	1.310149406	1.248883394
	1.264864212	1.272365914	1.525631061	1.538509304	1.489321785
	1.456643834	1.40036363	1.391564151	1.474944383	1.423615555
	1.456643834	1.38346915	1.38346915	1.344730022	1.300844524
	1.219111917	1.217038998	1.236755486	1.226732801	1.22104316
	1.298594631	2.055435438	2.055435438	1.648847136	1.899896719
	1.817985971	1.820221203	2.190976648	2.179050795	2.111616333
	2.04176537	5.337449746	3.289576679	3.609291796	3.159156308
	2.978636225	2.846954153	2.725624968	2.269044886	2.34223188
	2.519156485	2.431391752	2.519156485	1.377961473	1.492022538
	2.192591078	1.379599269	1.275388037	1.223287128	1.226129597
	1.226732801	1.210746385	1.481119815	1.435438446	1.40036363
	1.391564151	1.391564151	1.17181954	1.370344192	1.312290885
	1.404145125	1.3302574	1.3302574	1.24500344	1.182975294
	1.236755486	1.283101589	1.203324807	1.182978938	1.203324807
	1.244683301	1.183563909	1.223287128	2.04176537	1.871795454
	1.610853495	1.800299517	1.800299517	2.191570029	2.121555398
	2.121555398	2.042596076	2.031226689	5.337449746	3.101087412
	3.834875078	3.101087412	3.102697832	2.83771979	2.725624968
	2.725624968	2.264167119	2.435785242	2.524015295	2.34063546
	2.435785242	2.519156485	1.379599269	1.456421161	2.127740908
	1.352038684	1.190356808	1.190356808	1.396465299	1.392811553
	1.156987411	1.182978938	1.312290885	1.312290885	1.310650609
	1.239889972	1.275115325	1.204301521	1.157965477	1.171192993
	1.283101589	1.203324807	1.224117405	1.182978938	1.205419233
	1.151890417	1.155928957	1.871795454	1.871795454	1.681171351
	1.779853638	2.191570029	2.191570029	1.997791566	1.997791566
	1.997791566	5.073991137	3.307471975	3.168818575	3.101087412
	2.953940097	2.972665899	2.855706045	2.73881539	2.623759176
	2.264167119	2.623759176	2.444189074	2.444189074	1.382295996
	1.506420824	2.512569241	1.382295996	2.512569241	1.171192993
	1.30914922	1.157223218	1.156987411	1.147419313	1.30914922
	1.275115325	1.310650609	1.240639483	1.237600276	1.204908377
	1.14262181	1.235021188	1.224117405	1.224117405	1.174121514
	1.138329888	1.151003816	1.154797301	1.149197971	1.149197971
	1.867722899	1.776258011	1.67125524	1.664123259	2.199964309
	2.120256261	1.955807999	1.955807999	5.037297478	3.307471975
	2.983672746	2.953940097	2.951930893	2.741517546	2.73881539
	2.538765577	2.274279896	2.369113408	2.444189074	2.199964309
	1.382295996	1.426009828	1.426009828	1.310889895	1.310889895
	1.390925584	2.440555563	1.120596078	1.157223218	1.133934132
	1.271315789	1.237600276	1.175721124	1.237600276	1.150615157
	1.120596078	1.118474889	1.174121514	1.284641467	1.237089921
	1.237089921	1.124015718	1.130375414	1.140193736	1.151003816
	1.129413001	1.13507677	1.149197971	1.860744315	1.656117721
	1.53070673	1.53070673	2.199964309	2.035810844	2.123237405
	1.955807999	2.030809948	1.872817447	5.196346475	3.263803304
	3.122480099	2.949504912	2.983672746	2.741517546	2.741517546
	2.750930732	2.539863517	2.374204143	2.289488669	2.374204143
	2.289488669	1.444472656	1.285902287	1.358568809	1.444472656
	1.36860055	2.440555563	1.112792942	1.126569416	1.202736561
	1.177180324	1.176422918	1.135055631	1.118474889	1.118474889
	1.124015718	1.108730628	1.172552081	1.242617278	1.242617278
	1.118584426	1.140193736	1.142387934	1.156854247	1.135055631
	1.130670433	1.129413001	1.10810419	1.656000719	1.652251396
	1.53070673	2.060428881	1.879094703	2.035810844	2.061263236
	1.879094703	1.786948829	4.682885454	3.137903083	3.200863194
	2.802189397	2.802189397	2.802189397	2.732918495	2.641387034
	2.549196394	2.374204143	2.476269798	2.289488669	2.236585315
	2.237679304	2.378897354	2.444203259	1.358568809	1.311020215
	1.403121601	1.341089791	1.404612934	1.36860055	1.105853454
	1.176422918	1.135055631	1.115339159	1.104445592	1.098852782
	1.212175601	1.242617278	1.228279958	1.105853454	1.125238918
	1.142387934	1.142387934	1.199507667	1.117842076	1.111628015
	1.107459453	1.10810419	1.651696132	1.651696132	1.978815875
	1.879094703	1.962535051	1.786948829	1.786948829	2.091794074
	4.682885454	3.137903083	4.27135413	4.02215534	3.137903083
	2.79280139	2.79280139	2.803113211	2.812794841	2.641594596
	2.661810395	2.490987365	2.490987365	2.395108075	2.236585315
	2.256170984	2.187725477	4.02215534	2.420646256	1.509029939
	1.470842688	2.134314374	1.341089791	1.404612934	1.351579825
	1.347014098	1.404612934	1.470842688	1.105853454	1.115339159
	1.098852782	1.272350996	1.212175601	1.228279958	1.107848956
	1.199507667	1.114614123	1.103675284	1.114614123	1.125238918
	1.146495497	1.168658016	1.199507667	1.109416938	1.107848956
	1.1026259	1.528046121	1.793432747	1.978815875	1.906672032
	1.700973156	2.022639589	2.119033852	3.060176237	2.949187631
	2.933364493	2.868560309	2.949187631	2.79280139	2.715413961
	2.739697829	2.723959298	2.595028678	2.510047043	2.510047043
	2.395108075	2.256170984	2.279114149	2.119033852	2.553155578
	3.50107062	2.134314374	2.1134438	2.184567331	2.210385121
	2.245742902	2.39592603	2.306515653	1.509029939	1.506622137
	1.470842688	1.506347009	1.325335839	1.404882803	1.371484702
	1.41333272	1.102618993	1.271960412	1.233734404	1.279956023
	1.105701023	1.233734404	1.114614123	1.110326026	1.150157781
	1.156767881	1.184794066	1.21519403	1.205839334	1.105701023
	1.102618993	1.581117835	1.906672032	1.906672032	1.700973156
	1.941956894	2.022639589	2.119033852	2.871873555	2.721436401
	2.868560309	2.62576351	2.721436401	2.673713892	2.666362069
	2.595028678	2.595028678	2.49706292	2.40167478	2.40167478
	2.279114149	2.208313648	2.147844184	3.258253129	3.147052179
	2.623578575	2.339448078	2.623578575	2.478747223	2.339448078
	2.616088456	2.329124974	1.486140136	1.545164611	1.636755955
	1.339163339	1.436886068	1.369986975	1.362402813	1.506347009
	1.532081807	1.459444655	1.558806071	1.346855012	1.346855012
	1.395390496	1.410962396	1.481762168	1.102618993	1.314072514
	1.233734404	1.105701023	1.233295895	1.130696685	1.124784325
	1.156767881	1.150157781	1.208133159	1.218388436	1.283091405
	1.1084558	1.108869216	1.727373699	1.941956894	1.732039291
	2.045463448	2.045463448	2.151259622	2.683090094	2.721436401
	2.644974391	2.62576351	2.724491291	2.659695878	2.673713892
	2.540874155	2.540874155	2.465719478	2.40167478	2.29097169
	2.29097169	2.215544128	2.151259622	2.481133361	1.977332095
	1.859288778	1.507699163	2.130660144	1.596189514	2.431123855
	2.481133361	1.845671982	1.558806071	1.633001155	1.636755955
	1.786673897	1.743890452	1.743890452	1.532081807	1.532081807
	1.542012013	1.636849452	1.355879195	1.346855012	1.370101946
	1.410962396	1.410962396	1.481762168	1.108869216	1.314072514
	1.112104797	1.283091405	2.549710611	1.138852891	1.172460041
	1.143544159	1.20960166	1.322211606	1.248384972	1.116565911
	1.138143881	1.126845952	1.661847231	1.986087258	1.661847231
	1.986087258	2.092091601	2.643321315	2.643321315	2.644974391
	2.61191551	2.659695878	2.659695878	2.61164524	2.440276258
	2.436776079	2.380562318	2.176593475	2.3449892	2.282934218
	2.176593475	2.344236098	2.246792458	2.156045441	1.845671982
	2.045765645	2.508700064	2.423100551	1.958784979	1.633001155
	1.764645233	1.801246018	1.786673897	1.958784979	1.542012013
	1.563890313	1.542012013	1.537558334	1.706165616	1.391680576
	1.364819291	1.394402476	1.468678156	1.537558334	2.480439664
	1.138143881	2.549710611	1.339372397	2.549710611	1.138852891
	1.191812126	1.209017376	1.240060129	1.365216037	1.285031644
	1.126845952	1.138143881	1.126845952	1.661847231	1.941110045
	1.809793707	1.941110045	2.203809256	2.643321315	2.66395284
	2.61191551	2.517083598	2.619980646	2.531839016	2.619980646
	2.436776079	2.3449892	2.451481843	2.292875303	2.3449892
	2.203809256	2.423100551	2.246792458	2.096091155	2.156045441
	2.105227755	2.423100551	1.958784979	1.803182894	1.803182894
	1.934548052	1.94441943	1.691805733	1.640918457	1.537558334
	1.706165616	1.773080443	1.460546405	1.460546405	1.382954461
	1.555664249	2.482462874	1.19183872	2.531839016	1.382954461
	1.382954461	2.503961135	1.365216037	1.19183872	1.191812126
	1.240060129	1.240060129	1.343598203	1.144641194	1.163384818
	1.162081201	1.714823869	1.941110045	1.854528491	1.983386598
	2.183200473	2.578131995	2.634409372	2.589019993	2.590798615
	2.482462874	2.588776338	2.58470113	2.531839016	2.588776338
	2.451285655	2.41571844	2.292875303	2.344111597	2.259492106
	2.326634776	2.249200326	2.121236223	2.121236223	2.105227755
	2.396210482	2.025468436	1.803182894	1.892321614	2.025468436
	1.755426872	1.555664249	1.773080443	1.773080443	1.499535844
	1.509913454	1.513452713	1.652311504	2.482462874	2.445981573
	1.19183872	1.446742366	1.446742366	2.451285655	1.274908603
	1.445243522	1.257602841	1.266069461	1.313235965	1.189878937
	1.190032558	1.217985213	1.769026185	2.019363352	2.019363352
	2.182645028	2.183200473	2.539069401	2.589019993	2.554382833
	2.50118722	2.588776338	2.533320303	2.56604319	2.451285655
	2.41571844	2.41571844	2.339265349	2.298668553	2.31672501
	2.31672501	2.183984341	2.250456855	2.374692617	2.122085395
	2.025468436	1.892321614	1.996613676	1.743932417	1.755426872
	1.652311504	1.830873738	1.918268511	1.624939278	1.581235494
	1.513452713	1.513452713	1.652311504	2.466022028	2.366263757
	1.217951661	1.445243522	2.504598281	1.313235965	1.369124202
	1.445243522	1.257602841	1.34817086	1.40093604	1.485664327
	1.219549582	1.217951661	1.251151707	1.832707681	2.019363352
	2.015678298	2.166505245	2.166505245	2.50118722	2.539069401
	2.567311156	2.466022028	2.56604319	2.504598281	2.537551236
	2.428035421	2.427096513	2.394548836	2.339265349	2.298668553
	2.303191393	2.203631619	2.183984341	2.183984341	2.303191393
	2.088642066	1.999407123	2.088642066	2.203631619	1.773811489
	1.68813058	1.91628671	1.91628671	1.999407123	1.647441601
	1.577545037	1.647441601	2.466022028	2.359786207	1.217951661
	1.40093604	1.485664327	1.300563174	1.405665101	1.40093604
	1.591115414	1.251310664	1.251151707	1.254398528	1.896004627
	2.112954736	2.065881728	2.166505245	2.275672271	2.495376312
	2.526322435	2.541664263	2.495376312	2.511853832	2.514120412
	2.47052202	2.529686738	2.401666803	2.401666803	2.404634293
	2.366077011	2.303191393	2.240441826	2.348752912	2.071504057
	2.137805004	2.303170193	1.68813058	1.82291055	1.732618596
	1.91628671	2.039701032	2.039701032	1.591115414	1.647441601
	1.684046983	1.822611392	2.449078149	2.414169355	1.300563174
	2.442278257	1.516980907	1.516980907	1.349344155	1.405665101
	1.470047549	1.591115414	1.254398528	1.33734572	1.333713572
	2.065881728	2.19933379	2.065881728	2.237667649	2.275672271
	2.538489021	2.517671675	2.529686738	2.498845106	2.507554866
	2.453727388	2.507554866	2.342663051	2.401666803	2.366077011
	2.348752912	2.348752912	2.205590823	2.117076406	2.303170193
	2.248772903	1.873540048	1.8872799	1.873540048	2.117076406
	1.970619902	2.039701032	1.684046983	1.684046983	1.799931109
	2.399412626	2.469537884	1.33734572	2.442278257	1.516980907
	1.524442868	1.395024747	1.493580225	1.538537252	1.625127023
	1.289193094	1.33734572	1.333713572	2.094259749	2.237667649
	2.174526286	2.237667649	2.335615925	2.386973453	2.510400144
	2.500661092	2.504080685	2.517671675	2.475902551	2.507554866
	2.501305069	2.393393891	2.42080545	2.499233037	2.304397488
	2.399412626	2.117076406	2.304397488	2.266650402	2.239921544
	1.8872799	1.8872799	2.012857009	2.092078744	2.012857009
	2.010851068	1.763662508	1.763662508	1.839148702	2.389871058
	1.395024747	2.483896663	1.625127023	1.563500974	1.43522431
	1.541155087	1.541155087	1.64731373	1.331796114	1.376743475
	1.376743475	2.174526286	2.246843814	2.174526286	2.246843814
	2.355217647	2.424645973	2.424645973	2.499233037	2.504080685
	2.475902551	2.450326776	2.502465535	2.45134895	2.45134895
	2.48759153	2.499233037	2.351356735	2.389871058	2.202898607
	2.324778683	2.239921544	1.92357661	1.99521427	2.010851068
	2.067642306	2.010851068	2.175165534	1.763662508	1.839148702
	1.839148702	2.388209188	1.43522431	1.631837051	1.700630437
	1.47995166	1.541155087	1.631837051	1.75947567	1.371585975
	1.420173089	1.420173089	2.21538498	2.246843814	2.21538498
	2.355217647	2.355217647	2.424645973	2.424137306	2.486614838
	2.486341926	2.43507963	2.43507963	2.48759153	2.470966523
	2.478890562	2.486614838	2.324778683	2.1792879	2.24873999
	2.175165534	2.031685109	2.036847574	2.175165534	2.11773452
	1.758713023	1.898021032	2.014971982	2.388209188	1.47995166
	1.684282696	1.552403429	1.597262935	1.684282696	1.748225746
	1.748225746	1.459392871	1.51629113	1.467820867	2.21538498
	2.285605371	2.274453537	2.39304617	2.424137306	2.435064228
	2.424137306	2.486614838	2.43806457	2.43507963	2.478890562
	2.470966523	2.480773958	2.475799155	2.339999326	2.271779879
	2.208805699	2.20660999	2.014971982	2.143061346	1.898021032
	2.014971982	2.375911281	1.585727903	1.591040919	1.655170154
	1.698754487	1.775584998	1.805096326	1.942980469	1.459392871
	1.527775541	1.516366949	2.270768911	2.374434263	2.364766062
	2.374434263	2.439752454	2.461907191	2.439752454	2.464665179
	2.449915825	2.405271384	2.405271384	2.48273421	2.48273421
	2.482914517	2.464665179	2.271779879	2.233084322	2.157861749
	2.073705646	2.070155063	2.012086304	2.375911281	1.591040919
	1.642596373	1.70010726	1.775498184	1.851612782	1.9085999
	2.012086304	1.558223033	1.627176237	1.614946373	2.364766062
	2.402456702	2.364766062	2.402456702	2.439752454	2.471134172
	2.492578281	2.464665179	2.432588375	2.403121707	2.48273421
	2.496843318	2.465342531	2.48369738	2.319626	2.214242665
	2.208192073	2.132183932	2.012086304	2.342692126	1.642596373
	1.642596373	1.762682395	1.828263006	1.888477382	2.030839315
	2.030839315	1.602449945	1.618408639	1.618408639	2.412281896
	2.403485123	2.440846113	2.433438443	2.492097312	2.492578281
	2.492097312	2.435813642	2.403121707	2.403121707	2.477866671
	2.506449393	2.498314194	2.490345043	2.342692126	2.245652753
	2.165206656	2.165206656	2.342692126	1.685792934	1.762682395
	1.762682395	1.842046957	1.972114966	2.030839315	2.126373482
	1.652570157	1.618408639	1.652570157	2.412281896	2.440846113
	2.440846113	2.501495659	2.492097312	2.506449393	2.532411271
	2.537471389	2.426161098	2.453893204	2.426161098	2.490345043
	2.520016055	2.498314194	2.406609631	2.245652753	2.245652753
	2.165206656	2.368816446	1.752721781	1.823000431	1.823000431
	1.972114966	1.972114966	2.063147882	2.217324994	1.70299709
	1.737149407	1.70299709	2.476041389	2.476263355	2.476263355
	2.523242937	2.523242937	2.532411271	2.523591007	2.532155352
	2.537471389	2.458627675	2.497234815	2.459058539	2.391828423
	2.319361992	2.217324994	2.319361992	1.737149407	1.991808823
	1.86655847	2.285418605	1.991808823	2.060385837	2.140917524
	2.217324994	1.70299709	1.785108293	1.81792119	2.486855458
	2.511493669	2.511493669	2.575073834	2.554342055	2.57236445
	2.533632784	2.548968444	2.533632784	2.459058539	2.436660927
	2.38665259	2.319361992	1.912060382	1.991808823	1.912060382
	2.285418605	2.285392951	2.060385837	2.168067641	1.805597402
	1.81792119	1.81792119	2.54801813	2.562788126	2.537423203
	2.609908298	2.562788126	2.58496684	2.638698074	2.576574651
	2.576574651	2.504961458	2.504961458	2.434312154	2.434312154
	1.959940205	2.091873269	1.959940205	2.295537582	2.295537582
	2.190949017	2.091873269	1.862595846	1.887149775	1.862595846
	2.54801813	2.562788126	2.5786042	2.642053815	2.628073407
	2.628073407	2.669960367	2.576574651	2.488024106	2.55711366
	2.413928549	1.959940205	2.091873269	1.972774959	2.262077443
	2.413928549	2.235574014	1.862595846	1.960749444	1.93275152
	2.5786042	2.642053815	2.617499104	2.67209982	2.628073407
	2.669960367	2.55711366	2.485708863	2.55711366	2.485708863
	1.960749444	2.134938633	2.109626026	2.235574014	2.24475685
	2.134938633	2.485708863	1.91791625	2.072990461	1.983655305
	2.609688746	2.683042536	2.643799862	2.643799862	2.67209982
	2.724338255	2.741296096	2.57314893	2.505232095	2.374042623
	2.072990461	2.264724016	2.264724016	2.656924119	2.556452221
	1.983655305	2.072990461	2.043779067	2.674812463	2.741296096
	2.784401925	2.710662651	2.727621288	2.796554175	2.611840576
	2.374042623	2.253934802	2.264724016	2.710662651	2.656924119
	2.49650729	2.406740882	2.11515183	2.11515183	2.674812463
	2.743003667	2.819130137	2.717829434	2.842307145	2.65324108
	2.611892777	2.253934802	2.611892777	2.406740882	2.11515183
	2.112257606	2.8138234	2.819130137	2.999254137	2.826156212
	2.955484685	2.696176307	2.611892777	2.470428727	2.298637668
	2.195737618	2.195737618	2.787021054	2.877634655	2.999254137
	2.955484685	2.700398735	2.700398735	2.331229272	2.416579154
	2.416579154	2.877634655	3.066045582	3.19146926	2.857065033
	2.571592015	2.416579154	3.006853626	3.455896288	3.052933022
	2.571592015	2.571592015	3.455896288	3.455896288	3.052933022
	3.187333941	4.037025896	3.187333941	4.705598522	1.190800709
	1.133900596	1.464674825	1.464674825	0.6336043053	1.486179348
	0.7401264399	0.653533735	0.6336043053	1.606635385	1.015688377
	1.606635385	1.491270975	1.283223376	1.500395403	1.496067531
	1.126346176	1.500847199	1.151956645	1.501438735	1.501733583
	1.486179348	1.486179348	0.653533735	0.6948655972	1.560902033
	1.505827664	1.350560538	1.350560538	1.332483442	1.409020468
	1.484971421	1.286873432	1.605890503	1.606635385	1.491270975
	1.491270975	1.500395403	1.500395403	1.498131461	1.501438735
	1.500847199	1.503397716	1.511521888	1.501438735	1.519268996
	1.50607822	1.507854243	1.560902033	1.560902033	0.7673582139
	1.505827664	1.529775118	0.7494352487	1.49734372	1.494362793
	1.350560538	1.515299189	1.328318925	1.676246461	1.363053332
	1.363053332	1.484971421	1.438489308	1.328318925	1.468465616
	1.505183546	1.505126269	1.506212242	1.504906554	1.494324476
	1.504906554	1.511296382	1.503007798	1.503335135	1.505183546
	1.511521888	1.511521888	1.529775118	1.522059757	1.548161276
	1.548161276	1.503627846	1.534474218	1.537637603	1.510749849
	1.511590398	0.8220347884	0.831413861	1.503627846	1.494362793
	1.515299189	1.510749849	1.542674213	1.351339194	1.516976628
	1.640109604	1.499975761	1.510548843	1.468465616	1.529204896
	1.450193425	1.468465616	1.507332766	1.510548843	1.507332766
	1.504906554	1.501875149	1.503007798	1.506185215	1.51029127
	1.515500135	1.515500135	1.522059757	1.526204983	1.534924435
	1.548161276	1.526204983	1.530174443	0.8119858833	1.532961695
	1.510749849	1.532961695	1.532209722	1.510363004	1.517315522
	1.510363004	1.51775044	1.533901717	1.07779888	1.542674213
	1.542674213	1.505138213	1.481091993	1.499975761	1.499975761
	1.49045314	1.473556045	1.473556045	1.46753562	1.49045314
	1.490769441	1.506185215	1.505393731	1.505393731	1.507532133
	1.508370905	1.51029127	1.508813791	1.508813791	1.520200293
	1.513750975	1.522385819	1.526204983	1.530174443	1.530174443
	1.530377499	1.52129073	0.8369894521	1.301407108	1.561033861
	1.549496344	1.555020969	1.522035561	1.518306119	1.513595696
	1.507074786	1.510363004	1.555020969	1.533901717	0.8601871345
	1.48868226	1.47338974	1.491423941	1.488801522	1.500666414
	1.49045314	1.48045289	1.473556045	1.491423941	1.484095646
	1.507532133	1.507532133	1.499739015	1.5067843	1.506981355
	1.51129195	1.516309627	1.507385632	1.511149546	1.522385819
	1.520867393	1.527427346	1.526728483	1.525118352	1.525118352
	1.301407108	1.531534536	1.301407108	1.53924244	1.522227464
	0.9040624861	1.561033861	1.561033861	1.54715319	1.522115458
	1.516362957	1.520825845	1.543500469	1.53524254	1.48868226
	1.234223735	0.8601871345	1.431275274	1.460839844	1.47338974
	1.47338974	1.493518941	1.499739015	1.493518941	1.489723856
	1.484095646	1.473231896	1.484095646	1.507767424	1.507767424
	1.498566799	1.503779405	1.516309627	1.516309627	1.51009406
	1.51009406	1.522942844	1.520867393	1.526980941	1.525112529
	1.524371643	1.525118352	1.505078626	1.505078626	1.549152373
	1.654173294	1.527323428	1.505695607	0.6883241616	1.54715319
	1.521754088	1.54715319	1.542014623	1.525919983	1.525919983
	1.524371643	1.532054397	1.550878972	1.53524254	1.473422529
	1.447167536	1.234223735	1.431275274	0.6651758016	1.426188614
	1.51302245	1.451931825	1.451931825	1.470996331	1.457329998
	1.498566799	1.493518941	1.493075477	1.488260929	1.481882134
	1.481882134	1.507767424	1.505529641	1.498566799	1.51339793
	1.516309916	1.507392848	1.507392848	1.523741019	1.51920462
	1.525805552	1.525112529	1.524181046	1.521754088	1.505078626
	1.549152373	1.549152373	1.530660988	1.537325824	1.539914379
	1.51975763	0.7088846576	1.550878972	1.542014623	1.542014623
	1.525451754	1.525451754	1.525919983	1.532054397	1.536108952
	1.545215052	1.445406831	1.447740921	1.449905373	1.389539826
	1.389539826	1.426257659	1.510400714	1.447740921	1.455396236
	1.470996331	1.470996331	1.498103391	1.490416755	1.485695568
	1.485695568	1.476595271	1.496341324	1.505551528	1.516309916
	1.516309916	1.507392848	1.500959733	1.508975568	1.523741019
	1.521449685	1.525324219	1.524642484	1.52714296	1.552550273
	1.531613947	1.513549684	1.513565469	1.546830833	1.513847041
	1.511597892	0.7088846576	1.537712536	1.537696611	1.543162482
	1.531503033	1.531503033	1.534438038	1.536108952	1.536108952
	1.422010527	1.445406831	1.447740921	1.434807425	1.389539826
	1.427748995	1.427748995	1.512669583	1.45038302	1.464470177
	1.464470177	1.476595271	1.496341324	1.490616424	1.485695568
	1.483549775	1.475748023	1.500959733	1.515551652	1.515551652
	1.504653001	1.49631358	1.504354188	1.518027044	1.521449685
	1.525320775	1.52714296	1.536161302	1.517189127	1.513549684
	1.513549684	1.546830833	1.536828375	1.517669278	1.533916663
	1.533916663	0.7041612865	1.537696611	1.537712536	1.537696611
	1.536828375	1.529329779	1.531503033	1.534438038	1.53644945
	1.401116769	1.422010527	1.376053426	1.45038302	1.442487481
	1.433216682	1.404101078	1.433216682	1.427748995	1.512669583
	1.475748023	1.45038302	1.464470177	1.465639259	1.490807838
	1.48514	1.480009658	1.480009658	1.491883434	1.511779303
	1.514799002	1.504279582	1.499722162	1.491883434	1.504279582
	1.5182946	1.523023154	1.525320775	1.526943311	1.528702337
	1.517189127	1.517362862	1.531584964	1.536828375	1.515307907
	0.6614455803	1.499924856	1.533916663	1.531571779	1.539854379
	1.539415707	1.526298835	1.52942493	1.533200813	1.528141504
	1.526423955	1.53260005	1.36016093	1.404101078	1.36016093
	1.346295915	1.449285725	1.435838519	1.435838519	1.390675033
	1.405837194	1.417744421	1.403249518	1.51112074	1.465639259
	1.449285725	1.465639259	1.48514	1.48514	1.480009658
	1.475030557	1.46728651	1.491883434	1.51112074	1.514799002
	1.504279582	1.498538875	1.491025184	1.50321774	1.522012345
	1.522012345	1.526943311	1.526943311	1.521115648	1.517164091
	1.515266904	1.522321937	1.531584964	1.515266904	1.504489118
	1.497329843	1.55724127	1.499924856	1.519502245	1.530013329
	1.53260005	1.527785182	1.530013329	1.528105045	1.526423955
	1.526423955	1.528105045	1.36016093	1.33089283	1.33089283
	1.309935318	1.449285725	1.435838519	1.375472101	1.403249518
	1.415041998	1.403249518	1.51112074	1.511575034	1.459473264
	1.454657107	1.436615727	1.454657107	1.486412465	1.475030557
	1.464679065	1.486069082	1.511575034	1.512543904	1.49012124
	1.50321774	1.49689069	1.50321774	1.519567098	1.520193644
	1.520193644	1.519216734	1.519331234	1.519331234	1.518562723
	1.512406088	1.507743224	1.506701003	1.497329843	1.497329843
	1.498071792	1.519502245	1.518630825	1.530013329	1.526926254
	1.530852827	1.528105045	1.524686919	1.525957861	1.378437274
	1.375472101	1.369044838	1.339042733	1.206058775	1.309935318
	1.368654443	1.436615727	1.420688247	1.401073486	1.401073486
	1.416842237	1.507103138	1.459473264	1.438169415	1.447268459
	1.438832382	1.477868485	1.46792511	1.46305995	1.480209153
	1.511245759	1.514453223	1.485238664	1.494939315	1.501199406
	1.501199406	1.518995537	1.51620889	1.520193644	1.519216734
	1.519216734	1.516699329	1.482643991	1.51557936	1.509888786
	1.508420406	1.482643991	1.506464674	1.508420406	0.7721877545
	1.518630825	1.521793098	1.525506384	1.519917328	1.519804012
	1.520563324	1.521107659	1.392843808	1.378951373	1.371547415
	1.368654443	0.6394878111	1.368654443	0.5487079701	1.417547179
	1.392843808	1.404746606	1.50615778	1.428159839	1.457485997
	1.438832382	1.438832382	1.47542058	1.472884389	1.450244928
	1.460888228	1.485238664	1.508484646	1.51620889	1.485238664
	1.494939315	1.499819406	1.499819406	1.520563324	1.517489025
	1.517489025	1.519987986	1.520023854	1.373940904	1.512039781
	1.509888786	1.509888786	1.508420406	1.492559909	1.511105829
	0.7721877545	1.460907717	1.512375492	1.513203997	1.518688417
	1.519917328	1.519917328	1.521107659	1.520563324	1.521107659
	1.398465909	1.378951373	1.378951373	1.371547415	1.369702061
	1.415289929	0.7884894049	1.37036506	1.305925748	1.417547179
	1.398465909	1.412032494	1.504913701	1.428014543	1.441695334
	1.438967105	1.446428806	1.479340261	1.456537442	1.470969187
	1.463563316	1.463563316	1.470969187	1.509248066	0.833667854
	0.833667854	1.514158594	1.498158814	1.481205687	1.491734682
	1.499819406	1.505744518	1.517768832	1.507926688	1.512375492
	1.474614654	1.510817638	1.504427757	1.507792936	1.501712229
	1.492559909	1.460907717	1.473130045	1.512375492	1.513203997
	1.51617304	1.520943815	1.518855038	1.507926688	1.516141472
	1.507773908	1.398465909	1.384295002	1.378912021	1.305925748
	1.363026549	1.302113425	1.358324508	1.358324508	1.25489531
	1.305925748	1.412032494	1.418436153	1.506997919	1.430310685
	1.435966388	1.435966388	1.442766986	1.483026298	1.456537442
	1.462950059	1.470969187	1.501070974	1.474159832	0.9329977618
	1.429680966	0.616653227	1.495625371	1.496912817	1.483026298
	1.493277108	1.501070974	1.50751168	1.507926688	1.509768548
	1.474614654	1.507792936	1.507792936	1.493182483	1.499420968
	1.474159832	1.481088169	1.510407183	1.506907194	1.513402209
	1.510031156	1.510031156	1.509491683	1.503345757	1.50384171
	1.384295002	1.36242875	1.302113425	1.278184577	1.351624458
	1.358324508	1.365975508	1.278184577	1.406660709	1.400781318
	1.503760788	1.421945784	1.437522116	1.437522116	1.454507219
	1.483026298	1.468353598	1.461439204	1.454507219	1.49500777
	1.470418189	0.9694837962	0.9694837962	1.429680966	1.267738742
	1.498936861	1.49059929	1.480439951	1.49500777	1.505044028
	1.503136211	1.506447261	1.489232852	1.505122844	1.493182483
	1.493182483	1.480418636	1.489232852	1.498567658	1.508688821
	1.508688821	1.503136211	1.508657016	1.503345757	1.501561252
	1.500230244	1.500065962	1.378628888	1.388585791	1.365975508
	1.301364732	1.301364732	1.336859741	1.336553305	1.365975508
	1.267738742	1.298517854	1.421945784	1.416253476	1.406660709
	1.489372555	1.421945784	1.444797472	1.454507219	1.474846657
	1.474846657	1.467708172	1.461439204	1.49500777	1.47065602
	1.176468571	1.490105713	1.471001322	1.059683998	0.624444591
	1.492696445	1.485799975	1.492239143	1.492239143	1.495769505
	1.500742306	1.489232852	1.498079118	1.495373613	1.479819785
	1.491431808	1.499308731	1.501561252	1.495633772	1.501561252
	1.500876118	1.499455681	1.500876118	1.497859587	1.38623474
	1.38623474	1.371280616	1.360281339	1.301364732	1.320343487
	1.336553305	1.336553305	1.312087417	1.320343487	1.42510702
	1.405743581	1.405743581	1.489372555	1.468614057	1.433373009
	1.444797472	1.452563278	1.474846657	1.467708172	1.449158469
	1.482968237	1.471294047	1.490105713	1.461873921	1.482808984
	1.483599935	1.38700947	0.6264094558	1.485799975	1.480416271
	1.48947095	1.489442807	1.495373613	1.491431808	1.495889449
	1.492232799	1.485132223	1.485412921	1.495445093	1.494318832
	1.496165998	1.500876118	1.497859587	1.38623474	1.377608007
	1.360281339	1.352977044	1.33261076	1.344986732	1.340125115
	1.324426252	1.324426252	1.407752038	1.409499318	1.405743581
	1.473890681	1.468614057	1.468614057	1.433373009	1.439587844
	1.448008988	1.453776747	1.448008988	1.473890681	1.482808984
	1.478105117	1.478105117	1.480178777	1.164680904	1.164680904
	0.6444066455	0.5387283161	1.272893729	1.476412198	1.48947095
	1.484813282	1.489442807	1.492232799	1.484714986	1.492858816
	1.492232799	1.484714986	1.493358253	1.490105254	1.496165998
	1.490105254	1.377608007	1.377608007	1.35558437	1.35558437
	1.33552677	1.33552677	1.312681549	1.312681549	1.272893729
	1.417838744	1.407752038	1.389564603	1.473890681	1.470040542
	1.462722423	1.435499663	1.417838744	1.448008988	1.452832682
	1.472940033	1.479318997	1.491369089	1.478851673	1.478105117
	1.474562463	1.512135938	1.242178504	1.242178504	1.252013683
	1.472940033	1.477827107	1.482588921	1.487840282	1.492858816
	1.484043957	1.487396677	1.492858816	1.479318997	1.484043957
	1.493358253	1.490105254	1.490061414	1.364092537	1.374339812
	1.35558437	1.364092537	1.335828643	1.33552677	1.293803476
	1.312681549	1.293803476	1.424053199	1.415188493	1.399220809
	1.380470138	1.462827694	1.463005871	1.457867253	1.462827694
	1.444451191	1.424053199	1.444451191	1.472940033	1.450725428
	1.475846676	1.479318997	1.468262504	1.475413962	1.450725428
	1.252013683	1.377187022	1.475588221	1.479485857	1.475588221
	1.487494114	1.48884408	1.487396677	1.478498852	1.478498852
	1.485394999	1.485009254	1.380470138	1.380470138	1.364092537
	1.338086845	1.362833329	1.330794329	1.330794329	1.320280019
	1.30671427	1.29757641	1.424053199	1.41208483	1.39522832
	1.462827694	1.456514803	1.444631512	1.466102404	1.444451191
	1.425946241	1.432988875	1.468987244	1.459946606	1.483552343
	1.475846676	1.476122495	1.471062104	1.375116585	0.6260211531
	1.278306211	1.444631512	1.475588221	1.476822025	1.479485857
	1.480454991	1.482288088	1.4806151	1.477363064	1.475975555
	1.479338795	1.379141111	1.36987143	1.362833329	1.35181753
	1.331227666	1.339611607	1.330794329	1.320280019	1.329106501
	1.41208483	1.39522832	1.39522832	1.459782428	1.440652216
	1.459782428	1.437837437	1.426042682	1.468987244	1.457805115
	1.457805115	1.457805115	1.478840859	1.4760454	1.323816275
	0.6358614413	1.272853055	1.324595082	1.272853055	1.449024477
	1.462128538	1.440652216	1.475331432	1.473563758	1.473459728
	1.479279164	1.482288088	1.475462172	1.475462172	1.473752046
	1.471482274	1.475331432	1.385343069	1.366830797	1.358285792
	1.35181753	1.339611607	1.339611607	1.329106501	1.40354765
	1.40354765	1.385343069	1.449024477	1.452938656	1.430818123
	1.409121065	1.461085702	1.472737321	1.47551498	1.497587589
	1.47551498	1.472737321	1.350514304	0.6358614413	1.259817727
	1.259817727	1.294094165	1.433921898	1.452938656	1.402683232
	1.437856845	1.475331432	1.469586595	1.472388703	1.472388703
	1.470772216	1.466579296	1.463450136	1.465192994	1.468795761
	1.378226247	1.354058627	1.354058627	1.339426692	1.330255027
	1.40354765	1.378226247	1.421448762	1.436902484	1.452938656
	1.409121065	1.458209434	1.472737321	1.456908068	1.47551498
	1.627659965	1.665112729	1.260318015	1.307187286	1.259817727
	1.267917096	1.458209434	1.403943281	1.436902484	1.461283083
	1.465192994	1.472388703	1.470772216	1.46567877	1.461810069
	1.463450136	1.462918434	1.468795761	1.378226247	1.354058627
	1.307187286	1.340968685	1.338959132	1.392997584	1.372900521
	1.42807993	1.436902484	1.449420622	1.409389986	1.461283083
	1.458210007	1.456908068	1.320941608	1.260318015	1.297290083
	1.317872213	1.252057827	1.252057827	1.450292464	1.397830805
	1.426935703	1.458597901	1.458597901	1.462086128	1.462788361
	1.462683184	1.462001832	1.461810069	1.460261996	1.372900521
	1.361208747	1.317872213	1.340968685	1.385564363	1.373733708
	1.417496066	1.43650232	1.450292464	1.417496066	1.455450848
	1.320941608	1.458210007	1.458336317	1.340606394	0.5450092832
	1.311107685	1.311107685	1.129630485	1.309427907	1.396929341
	1.438452722	1.431728905	1.458597901	1.460261996	1.458336317
	1.457422606	1.457422606	1.456916689	1.460261996	1.373733708
	1.361208747	1.33401773	1.38923769	1.396929341	1.417496066
	1.433682462	1.41668219	1.445355182	1.445534293	1.458336317
	1.447422978	1.434895906	1.250727466	0.6645328725	1.337038047
	1.349859884	1.387551957	1.387551957	1.396929341	1.438452722
	1.433682462	1.236029698	1.446789942	1.451058421	1.452205592
	1.458240241	1.452205592	1.361957195	1.349859884	1.349859884
	1.388184541	1.400124155	1.424873023	1.436414932	1.413691188
	1.445355182	1.445534293	1.451058421	1.447422978	1.411990007
	1.175969293	1.175969293	1.360610418	1.387551957	1.360610418
	1.399020551	1.436414932	1.420701553	1.175067746	1.441193465
	1.451496377	1.452205592	1.446232896	1.376636792	1.367649901
	1.389411722	1.399020551	1.420701553	1.420133789	1.399020551
	1.441193465	1.430860168	1.439218285	1.438482299	1.445843696
	1.28590923	1.323034026	1.360610418	1.315095198	1.349629304
	1.198924042	1.441193465	1.437736245	1.434891723	1.367649901
	1.358325899	1.389411722	1.403232153	1.420133789	1.420133789
	1.403232153	1.427589295	1.421795216	1.437267047	1.435507589
	0.5609918803	1.34670128	1.349629304	1.344287103	1.438639115
	1.437267047	1.434891723	1.434891723	1.425498576	1.379815683
	1.369144548	1.379815683	1.403232153	1.415823095	1.404709371
	1.415823095	1.435507589	0.5892499757	1.347219393	1.347219393
	1.146457396	1.427701228	1.425498576	1.392277812	1.392122393
	1.401207101	1.416233249	1.4172864	1.401207101	1.405239488
	1.476299077	1.36207166	1.347219393	1.391927615	1.432900666
	0.9499284097	1.406217444	1.406217444	1.395056776	1.401207101
	1.416361401	1.405239488	1.405239488	1.476299077	0.7033160361
	1.38681353	1.368650653	1.406217444	1.395056776	1.402349438
	1.402349438	0.8993954239	1.376396305	1.368650653	1.424020971
	1.376396305	0.8161950397	0.6944203103	0.7210637907	