5884	
	1.999789849	2.000238991	2.000238991	2.001819033	2.000907804
	1.998433705	1.996000129	2.001819033	2.000468033	1.998433705
	1.998433705	1.993614555	2.001566848	2.001566848	2.00178693
	2.001059518	2.000468033	1.998595484	1.993614555	1.993614555
	2.001455551	2.002014673	2.001455551	2.00478741	2.000440156
	2.000757615	2.000757615	1.996238325	1.992032636	2.002478617
	2.004132907	2.001455551	2.00478741	2.008158478	2.005556939
	2.001398389	1.998809774	1.995917824	1.995917824	1.998039458
	1.997676488	2.00068579	1.994351725	2.008158478	2.008066934
	1.997534886	2.005556939	2.008066934	2.005556939	2.001398389
	2.001398389	2.003057471	1.995917824	1.991034858	1.990571887
	2.000561174	1.994749596	1.994351725	1.994351725	2.014169304
	2.00508128	2.022939007	1.997832557	1.982969468	2.007097574
	2.020614179	2.007097574	2.003057471	2.025754548	2.008415722
	1.995816977	1.994247076	1.988315177	1.994749596	1.997832557
	1.989298841	2.003071543	2.025292512	2.025292512	2.036102023
	1.974778037	1.977198867	2.020614179	2.020614179	2.021318499
	2.008415722	2.025754548	2.007522404	2.000480952	1.992876436
	1.988315177	2.003071543	1.996085563	1.972190047	2.028778004
	2.003133949	2.036102023	2.025292512	2.034960075	2.036102023
	2.039704832	1.977198867	1.977198867	2.037091669	2.018647111
	2.017281532	2.053096421	2.037091669	2.000480952	2.019986555
	2.000480952	1.988923556	1.988923556	2.003133949	1.992275691
	1.972190047	2.028778004	2.034960075	2.042271824	2.027300699
	2.056193347	2.056193347	1.967109382	1.952357822	2.072149991
	2.072149991	2.037091669	2.041671602	2.060300714	2.064005439
	2.038056041	2.011731306	2.011731306	2.064005439	1.998043395
	1.984269432	1.985347844	1.96170721	2.006562982	1.993233444
	2.027300699	2.07235415	2.064869752	2.033978637	2.099626584
	2.07235415	1.938534089	1.938534089	2.105455909	2.105455909
	2.099626584	2.051469018	2.064005439	2.038056041	2.027279919
	2.011731306	2.101072584	1.984269432	1.984269432	1.959304845
	1.939366228	1.967793988	1.997286551	2.006562982	2.033978637
	2.093429061	2.033978637	2.064869752	2.127923516	2.101565776
	2.153170394	1.935421215	1.916319892	2.105455909	2.150479657
	2.118693868	2.181820285	2.058498817	2.067752947	2.049757715
	2.049757715	2.01312407	2.101072584	2.101072584	1.992194794
	1.966893709	1.943680717	1.943952068	1.99875815	1.972164074
	2.025741162	2.025741162	2.101565776	2.064510481	2.064510481
	2.153170394	2.119671247	2.153170394	1.935421215	1.916319892
	2.150479657	2.181820285	2.234199203	2.200407963	2.150479657
	2.152724684	2.09483383	2.064980027	2.035428756	2.012019669
	2.11351036	2.119763835	1.983888626	1.983888626	1.943680717
	1.943952068	1.943952068	2.018237379	1.972164074	2.018237379
	2.073288621	2.119671247	2.101684426	2.040933516	2.149671314
	2.119671247	2.145808674	2.226674655	1.909248451	1.878910132
	2.234199203	2.173465345	2.200407963	2.234199203	2.200407963
	2.200411288	2.11351036	2.066486239	2.014593572	2.012019669
	2.11351036	2.155053888	1.973733736	1.973733736	1.901376727
	1.914065884	1.946124345	1.980272809	2.01117191	2.07462544
	2.101684426	2.101684426	2.040933516	2.005522301	2.199818198
	2.199818198	2.146021552	2.226674655	2.271719018	1.878910132
	1.878910132	2.284551322	2.183019535	2.222428213	2.284551322
	2.231658837	2.189143077	2.066486239	2.066486239	2.037497693
	2.034417926	2.102582327	2.183019535	2.001426261	1.920302274
	1.877096463	1.899942904	1.939544179	1.975255062	2.005522301
	2.005522301	2.07462544	2.128526763	2.076204683	2.069818063
	2.199818198	2.195584575	2.158400577	2.272391748	2.291756069
	2.291756069	1.847456029	1.899942904	1.847456029	2.331073934
	2.331073934	2.198852445	2.23372956	2.30837798	2.292419795
	2.255973821	2.255973821	2.104135946	2.037497693	2.037497693
	1.993663765	2.142586293	2.182467338	1.949488373	1.877096463
	1.877096463	1.899942904	1.959956264	1.959956264	2.017561123
	2.027259778	2.123078244	2.123078244	2.069818063	2.222147132
	2.19176104	2.19176104	2.272391748	2.338422556	2.315380904
	1.881582194	1.847456029	1.858877578	1.839738744	2.371283869
	2.371283869	2.402386534	2.364433854	2.331073934	2.310831238
	2.181659183	2.304875003	2.304875003	2.255973821	2.261619098
	2.107809457	2.072113514	2.072113514	1.949488373	2.142171887
	2.194247038	1.949488373	1.844834456	1.812239471	1.94634454
	1.973511538	1.976942386	2.017561123	2.16019394	2.054218078
	2.123078244	2.222805074	2.192768667	2.192768667	2.279821869
	2.366593948	2.279821869	2.359150216	2.401117433	1.900928416
	1.875663281	1.841545234	1.841545234	1.806942112	2.371283869
	2.413072149	2.401117433	2.401775457	2.434180118	2.371896803
	2.353321668	2.194247038	2.336830218	2.336830218	2.277850761
	2.328549372	2.107809457	2.072113514	2.023489058	2.033555665
	2.113387478	2.194247038	1.914944226	1.962914972	1.851100227
	1.848573921	1.976516139	1.998355495	1.976516139	2.063697789
	2.143554187	2.090348927	2.143554187	2.028638826	2.258259036
	2.192768667	2.359150216	2.26094565	2.312687773	2.183355726
	2.415197455	2.401682676	2.386661051	2.36751223	2.401117433
	1.937949022	1.902361407	1.867896331	1.833152423	1.832848485
	1.791958287	2.390640661	2.415197455	2.415197455	2.401775457
	2.413072149	2.401775457	2.434180118	2.371896803	2.415393615
	2.363303584	2.232499403	2.298467723	2.336830218	2.298467723
	2.10962128	2.10962128	2.019611288	2.159234332	2.208815832
	2.019611288	1.914944226	1.962914972	1.851100227	1.821556418
	1.976516139	1.998355495	2.08302088	2.143554187	2.132459534
	2.080522618	2.025346352	2.206430879	2.235118896	2.351772193
	2.26094565	2.240803694	2.211656674	2.343497444	2.343497444
	2.35292561	2.378391323	2.378391323	2.345068743	1.902361407
	1.867896331	1.867896331	1.806015357	1.821115683	1.79151097
	2.127476425	2.37929088	2.37929088	2.465846248	2.465846248
	2.484948513	2.429668306	2.46169309	2.429668306	2.365270282
	2.409410038	2.4654505	2.415847269	2.24953078	2.33255611
	2.365270282	2.365270282	2.10962128	2.019611288	2.24953078
	2.159234332	2.172215484	2.056872484	2.002510441	1.876259263
	1.948285847	1.795374528	1.70286947	1.948669224	1.988038673
	2.132459534	2.080522618	2.080522618	2.025346352	2.025346352
	1.739240433	2.065807276	2.206430879	2.314233383	2.240803694
	2.312018246	2.240803694	2.172007925	2.349816082	2.313909397
	2.313909397	2.378391323	2.314233383	1.905263678	1.865741125
	1.821115683	1.792426059	1.792426059	1.769396544	2.651164805
	1.786720412	2.222002371	2.333846772	2.37929088	2.465846248
	2.515138861	2.515138861	2.4654505	2.498305591	2.415847269
	2.409410038	2.4654505	2.415847269	2.24953078	2.33255611
	2.382654914	2.113135604	2.115787313	2.220507814	2.276921024
	2.220507814	2.056970075	2.002510441	1.855846537	1.855846537
	1.769187398	1.70286947	1.902939773	1.980746461	2.180613644
	2.13294848	2.072224617	2.048266361	2.01089344	2.542407298
	1.617054106	2.065807276	2.213554333	2.325845071	2.312018246
	2.233660575	2.261980559	2.180613644	2.180613644	2.313909397
	2.213554333	2.330331102	2.226191806	2.338076692	1.902939773
	1.851986409	1.832804085	1.792426059	1.788053213	1.769396544
	2.874784609	2.222002371	2.333846772	2.398118018	2.398118018
	2.479808291	2.497169509	2.495461292	2.495461292	2.501746215
	2.424373303	2.455645892	2.371362362	2.382654914	2.371362362
	2.115787313	2.10518946	2.316406188	2.216264368	2.056970075
	1.977240406	1.769187398	1.905551317	1.769187398	1.739018485
	1.90233325	1.921954672	2.066586321	2.144246903	2.066586321
	2.015853255	1.976003302	2.542407298	1.565356043	2.02499345
	2.070084169	2.250272206	2.259753154	2.177701571	2.119897509
	2.181796508	2.255178289	2.226191806	2.226191806	2.181796508
	1.851986409	1.874898444	1.851986409	1.801390803	1.761956613
	1.772648549	1.761956613	3.082328705	2.086189308	2.478541911
	2.478541911	2.497597046	2.516852938	2.541797771	2.495992029
	2.455645892	2.430606872	2.455645892	2.360195014	2.398673548
	2.369652248	2.279283152	2.10518946	2.10518946	2.216264368
	2.046127016	2.049663416	1.905551317	1.835491298	1.888889902
	1.739018485	1.716453468	1.874898444	1.90233325	1.943920432
	2.066586321	2.119897509	2.077256996	2.015853255	1.987347767
	1.967039732	2.338580667	1.543539442	2.070084169	2.070084169
	2.212581395	2.10718008	2.181796508	2.212581395	2.185668939
	2.157334876	1.874898444	1.860123943	1.801390803	1.801390803
	1.763881827	1.743571498	1.726588016	3.435284946	2.251648462
	2.478541911	2.497597046	2.497597046	2.495992029	2.541604992
	2.495992029	2.47790647	2.473152322	2.398673548	2.572596969
	2.279283152	2.379681397	2.379681397	2.279283152	2.432657174
	2.160078729	2.224127395	2.025966203	2.097027712	1.964396571
	1.799793748	1.799793748	2.047623544	1.798578882	1.688083041
	1.845833559	1.943920432	2.047623544	2.10718008	2.029225615
	2.003715133	1.950468416	1.967039732	2.529519452	1.544298713
	1.9247793	2.027755	2.101451722	2.045312779	2.101451722
	2.039550001	2.191425962	2.157334876	1.845833559	1.841448707
	1.806292858	1.826593209	1.777447609	1.743571498	1.743571498
	1.718773549	3.371219996	2.287530703	2.627075544	2.627129403
	2.611088276	2.585730404	2.611088276	2.471838347	2.47790647
	2.5431606	2.546947434	2.224127395	2.327175905	2.379681397
	2.411564942	2.097027712	2.226998135	2.025201228	2.097027712
	1.964396571	2.151296396	1.799793748	1.870849053	1.671685589
	1.54683753	2.045312779	1.885403152	1.861220799	2.029225615
	2.05088168	1.9612998	1.937397714	1.901911614	2.529519452
	1.528171867	1.9247793	2.039550001	2.101451722	2.045312779
	2.087060745	2.084355277	1.826593209	1.828336641	1.78629825
	1.780074168	1.826593209	1.777447609	1.718773549	1.731487075
	1.754498851	2.471838347	3.668264399	2.476200602	2.643629789
	2.687012881	2.611088276	2.593495724	2.47105239	2.546947434
	2.347413798	2.460904197	2.327175905	2.343417566	2.327175905
	2.226998135	2.092595685	2.017754306	1.940889049	2.092595685
	1.769212908	1.769212908	1.654398054	1.654398054	2.009319731
	2.020778907	1.870348285	1.9612998	1.9612998	1.937397714
	1.856275719	2.450879681	1.581601048	1.971725193	2.042358506
	2.084355277	2.023525257	1.845583508	1.845583508	1.780074168
	1.776176239	1.780074168	1.809794132	1.739278449	1.754498851
	1.750684822	1.754498851	2.478316081	2.520368188	3.951167529
	2.803909787	2.743376832	2.743376832	2.593495724	2.593495724
	2.58981368	2.391161924	2.451476145	2.534467085	2.2901473
	2.2901473	2.223938572	2.092595685	2.010444501	1.857488082
	2.223938572	1.760571039	1.857488082	1.64539343	1.528694186
	1.938733329	1.988009835	1.924273839	1.822398741	1.938733329
	1.894910707	2.450879681	1.911672002	1.951582545	1.951582545
	1.988009835	1.794629859	1.845583508	1.764543863	1.776176239
	1.75411638	1.75411638	1.757044086	1.76341892	1.741399837
	1.709160047	1.731312283	1.757374258	2.58981368	3.951167529
	2.721288805	2.743376832	2.820892216	2.698647611	2.698647611
	2.451476145	2.534467085	2.534467085	2.480635696	2.365293643
	2.2901473	2.223938572	2.071678878	2.010444501	1.853696718
	2.072302801	1.754752679	1.853696718	1.754752679	1.523814114
	1.938733329	1.924273839	1.924273839	1.816695129	1.818535116
	1.86600507	2.8172211	1.898734286	1.919014693	1.951582545
	1.904796974	1.816695129	1.794435487	1.794435487	1.816695129
	1.735813529	1.75411638	1.76341892	1.762997926	1.737525609
	1.729621129	1.74197365	1.731312283	1.731312283	1.762043846
	2.644217045	2.716183549	3.966235996	2.727692448	2.820892216
	2.78159495	2.78159495	2.388549048	2.421572757	2.480635696
	2.644217045	2.272064812	2.346798866	2.221025493	2.088374109
	2.088374109	2.012290794	2.088362698	1.754752679	1.844775048
	2.009848117	1.643939562	1.640918572	1.919014693	1.881523383
	1.885932555	1.778352273	1.86600507	1.881523383	2.716301986
	1.930671116	1.865503607	1.930671116	1.865503607	1.762997926
	1.790823527	1.794435487	1.74192705	1.735813529	1.730386927
	1.740922523	1.737525609	1.722687337	1.733536882	1.729621129
	1.739440041	1.745387738	1.739440041	1.762043846	1.762043846
	2.665593986	2.722629947	2.830864417	4.406527239	3.190307203
	2.873644397	2.830864417	2.421572757	2.421572757	2.570689651
	2.565186921	2.402686964	2.33311252	2.309052596	2.231463775
	2.009848117	2.085199406	2.009848117	2.085199406	1.852356809
	1.75615413	1.934026134	1.66264757	1.66264757	1.912437381
	1.841327788	1.76175076	1.778352273	1.841327788	2.748745138
	1.930671116	1.865503607	1.904710929	1.73914792	1.736176342
	1.74192705	1.766204345	1.740922523	1.740922523	1.706384919
	1.718546227	1.728547379	1.708808538	1.74536496	1.753344316
	1.709894167	1.753756654	1.753756654	2.722629947	2.800758859
	2.988207208	4.490759525	3.268295907	2.988207208	2.462598847
	2.576822413	2.5605209	2.764096195	2.379419699	2.30390516
	2.231463775	2.013746627	2.085199406	2.161846479	2.165949252
	2.165949252	1.761527553	1.860433671	1.861906225	1.66264757
	1.761527553	1.685051586	1.685051586	1.844258542	1.780987279
	1.76175076	1.798348471	2.748745138	1.902279417	1.904710929
	1.844258542	1.728547379	1.689447111	1.796618242	1.763337988
	1.733025645	1.694699675	1.706384919	1.746133198	1.728979787
	1.694699675	1.718546227	1.718546227	1.753379261	1.719037742
	1.728529925	1.728529925	1.724117947	1.753848255	1.757185624
	1.757447408	1.720537669	2.802090945	2.800758859	3.199988935
	4.799883192	3.192771038	2.462598847	2.5605209	2.5605209
	2.802090945	2.576822413	2.30390516	2.296212144	2.298340656
	2.01691909	2.082332315	2.153791661	2.237207725	1.761527553
	2.03117785	1.879827384	1.879827384	1.816123701	1.816123701
	1.712489684	1.844258542	1.857997016	3.159916686	1.915924903
	1.939554484	1.689447111	1.775532574	1.689447111	1.749554611
	1.733025645	1.694699675	1.72113851	1.711522266	1.70125988
	1.70125988	1.756056727	1.757447408	1.719037742	1.728529925
	1.72113851	1.730598189	1.756750593	1.751684781	1.757447408
	2.802090945	3.073261345	3.192771038	4.799883192	2.468679543
	2.78807047	2.576950787	2.898269346	2.78807047	2.296212144
	2.296212144	2.237207725	2.03117785	2.153791661	2.153791661
	2.130384336	2.245991255	1.970668948	2.03117785	1.879827384
	1.857997016	1.60679366	1.819163278	1.842341115	1.842341115
	1.939554484	1.775532574	3.214494344	2.007987394	1.740430155
	1.784387365	1.784387365	1.731979872	1.706712285	1.736108809
	1.711522266	1.711522266	1.727414001	1.758321506	1.747539134
	1.771515384	1.726400582	1.722716684	1.750287653	1.726400582
	1.738704229	1.754290257	3.073261345	3.073261345	4.842566882
	2.468679543	2.785008854	2.468679543	2.670767343	2.94090462
	2.385330254	2.386028026	1.970668948	2.031027799	2.180367779
	2.252853229	2.133867056	2.194907784	1.990495122	1.78541097
	1.749642955	2.035016783	1.842341115	1.756957917	1.763486911
	2.040688701	1.963678669	1.865207665	3.229437356	1.699473822
	1.706712285	1.784387365	1.779204025	1.736468864	1.706712285
	1.736108809	1.722716684	1.727414001	1.774975885	1.785502201
	1.774095196	1.778972126	1.722716684	1.750287653	1.77173092
	1.784609426	1.724372992	2.94090462	3.309754944	4.842566882
	2.385330254	2.564702435	2.785008854	2.56636433	3.103734247
	2.385330254	2.320806851	2.39493657	2.08978822	2.252853229
	2.180367779	2.216248378	2.216248378	2.08978822	2.108563313
	1.825904042	1.825904042	1.912164146	2.038502551	2.053238607
	1.776331966	1.781432082	1.781432082	1.779819859	1.963678669
	1.963678669	1.84527655	3.311131083	1.744611789	1.734207797
	1.837324769	1.779204025	1.743129159	1.75077314	1.714004
	1.714004	1.768850916	1.747672659	1.776906776	1.774975885
	1.774975885	1.785502201	1.800758141	1.786016166	1.778921556
	1.786016166	1.795836716	1.806671259	3.351604588	3.351604588
	5.140550015	2.576738209	2.935435823	2.685402201	2.935435823
	3.094597304	2.39493657	2.34872936	2.576738209	2.215981018
	2.287442952	2.215981018	2.34872936	2.173155849	2.173155849
	1.872258287	1.872258287	1.951435413	2.076808813	2.116839617
	2.079816705	1.806368039	1.765654568	1.781432082	1.77699668
	1.811999069	1.961655517	1.871170557	1.961655517	3.65509617
	1.730187593	1.734207797	1.771178721	1.905472021	1.859884517
	1.740272127	1.777079441	1.777079441	1.781562067	1.794477221
	1.78900207	1.800758141	1.795836716	1.801318142	1.799999042
	1.759377674	1.792293393	1.829534223	3.351604588	6.315257042
	2.576738209	2.8011895	2.935435823	2.8011895	3.094597304
	2.495459562	2.495459562	2.215981018	2.244590001	2.369933921
	2.287442952	2.468987491	2.199970852	1.861057073	1.872258287
	1.877281491	2.115023734	2.168327756	2.168327756	1.811909034
	1.835534534	1.805781938	1.815711169	1.84540602	1.836142446
	1.961655517	2.059559834	3.316412223	1.771178721	1.771178721
	1.94485381	1.859884517	1.801680335	1.829534223	1.803405074
	1.794477221	1.794477221	1.767108014	1.846480205	1.863316732
	1.863981531	1.863981531	1.835241931	1.839323918	1.829534223
	1.835241931	1.822378183	1.844936297	3.120951199	4.962445191
	2.579787804	2.797194163	2.8011895	2.79322763	3.112932772
	2.495459562	2.268871193	2.337164699	2.284334952	2.369933921
	2.468987491	2.268871193	2.268871193	2.580916903	1.92383067
	2.028384403	2.028384403	2.088810697	2.200060181	2.200060181
	1.823535381	1.835534534	1.861384096	1.849156775	1.836142446
	1.862951861	1.862951861	1.881178381	2.059559834	3.316412223
	1.834539216	1.794607049	2.030205669	1.842274121	1.803405074
	1.794607049	1.842274121	1.846480205	1.878346175	1.896699429
	1.925398295	1.881090486	1.881090486	1.844936297	1.858540328
	1.904001001	1.866819975	3.25591114	4.967446615	2.794106869
	2.780776556	2.780776556	2.903702351	2.481961423	2.580916903
	2.338527351	2.370340459	2.38954483	2.481961423	2.256060222
	2.338527351	2.580916903	2.710285262	2.028170072	2.028170072
	2.028384403	2.173519741	2.173519741	2.200060181	2.269405424
	2.357305149	1.869200849	1.887326618	1.916394309	1.830959433
	1.86718497	1.897557351	1.877658013	1.916394309	1.949470198
	1.961259274	1.949470198	1.881178381	1.862951861	1.914833794
	1.881178381	2.030205669	3.222341878	1.897379616	1.849045864
	1.956536002	1.834696949	1.842274121	1.874727961	1.81479521
	1.90113996	1.945326755	1.925398295	1.896699429	1.969100364
	1.881090486	1.894367904	1.904001001	1.943277055	3.185896938
	4.779068772	2.761189952	2.868055167	2.995591966	2.481961423
	2.578254668	2.446094103	2.446094103	2.494472471	2.505284091
	2.311859626	2.578254668	2.633808038	2.590292571	2.163554992
	2.028170072	1.984537968	2.163554992	2.173519741	2.334037844
	2.251720729	2.311859626	2.357305149	2.37006071	1.893512114
	1.909288779	1.918518497	1.877658013	1.877165632	1.918548513
	1.893512114	1.992992897	1.973794765	1.980910097	1.995868744
	1.933695634	1.961259274	1.947511286	1.961259274	1.996213928
	1.992992897	1.937210292	1.914833794	1.914833794	1.959722407
	1.967953281	3.32099435	1.851679416	1.915003051	1.915003051
	1.85962265	1.874727961	1.874727961	1.881316564	1.937210292
	1.945326755	1.995185504	1.969100364	1.955618236	1.949682462
	1.955618236	1.943277055	3.13992739	4.779068772	2.868055167
	2.761189952	2.995591966	2.560412536	2.446094103	2.491282362
	2.560412536	2.676618627	2.676618627	2.6015301	2.196742007
	2.198004366	2.159846285	2.1287511	2.351739863	2.234948155
	2.315367394	2.315367394	2.37006071	2.459106104	2.37006071
	1.893512114	1.909288779	1.92434539	1.891258153	1.946946964
	1.967556308	1.937210064	1.992992897	1.986251833	1.992304083
	1.981618479	1.947511286	1.972205345	1.950169725	2.003602032
	2.003602032	2.000909463	2.000625811	2.001456403	1.992251112
	1.996580901	1.989167988	1.975944886	1.975353732	1.975353732
	1.937537908	3.09703987	1.85962265	1.915003051	1.85962265
	1.883402986	1.952300092	1.917311367	1.997756709	1.989167988
	2.036736968	2.015972662	1.955618236	1.992439104	2.008227503
	3.082771676	4.719901476	2.870597221	2.739194977	2.876251158
	2.560412536	2.459106104	2.491282362	2.686378965	2.6015301
	2.6015301	2.196742007	2.196742007	2.23160911	2.201679416
	2.176606445	2.351739863	2.351739863	2.330883388	2.330883388
	2.495937692	2.413830797	2.462752321	1.954133042	1.954133042
	1.946000719	1.946946964	1.978972637	1.967556308	1.94826241
	1.996995063	1.986548235	1.986548235	1.983187698	1.966351299
	1.966351299	1.996112515	2.000909463	1.999756552	2.001456403
	2.001934041	2.000581067	2.001934041	1.997518025	1.996580901
	1.998102844	1.989167988	1.991442551	1.975353732	2.000672791
	1.886931201	3.09703987	1.911538175	1.897248925	1.911538175
	1.992439104	2.003223304	2.003223304	1.955045432	2.015972662
	2.036736968	2.012754147	2.036736968	2.054197139	2.054197139
	1.995679812	2.876251158	4.479589119	2.769005487	2.739194977
	2.788227624	2.629114019	2.541200167	2.629114019	2.586555875
	2.415863921	2.655553411	2.323856272	2.297989945	2.239770711
	2.205740332	2.226879217	2.217771728	2.406732	2.338173033
	2.330883388	2.541200167	2.46896707	2.472480564	1.954133042
	1.986278104	1.986278104	1.978972637	1.978972637	2.030419703
	1.975171661	1.998625449	1.998625449	1.983187698	1.974768863
	1.982682524	1.996112515	1.998102844	1.997720396	1.99874004
	1.999161004	2.001934041	1.999568227	2.004634635	1.998102844
	2.025098979	2.030419703	2.066343289	1.73294706	2.981014463
	1.911538175	1.953062143	1.955045432	2.04677112	2.003223304
	2.011061772	2.067208949	2.046297106	2.086578885	2.086578885
	2.054197139	2.072219256	2.705379302	3.940308621	2.744752427
	2.646875482	2.788227624	2.586555875	2.551060679	2.570004796
	2.534277848	2.436112893	2.436112893	2.615540918	2.323856272
	2.323856272	2.297989945	2.306033086	2.226879217	2.217771728
	2.217771728	2.646875482	2.406732	2.392076667	2.551060679
	2.498798284	2.510324973	1.975171661	2.010056534	1.990840713
	2.076311706	2.047332486	1.986719289	2.047332486	1.996735859
	1.998625449	1.994951254	1.994951254	2.015549835	2.009466947
	2.0034369	2.002386228	1.99874004	1.99874004	2.005004936
	2.0017304	2.0017304	2.004634635	2.005747814	2.009466947
	2.066343289	2.066343289	1.73294706	2.698749511	1.985172171
	1.94792315	1.985172171	2.09131379	2.04677112	2.020408334
	2.099191446	2.115454661	2.104864922	2.11163908	2.149117068
	2.122151453	2.705379302	3.660088756	2.646875482	2.616803543
	2.570004796	2.570004796	2.418357557	2.510324973	2.475613876
	2.475613876	2.578795238	2.392312548	2.392312548	2.350980293
	2.333788228	2.334751603	2.314203551	2.315421613	2.581327592
	2.440390458	2.440390458	2.540193588	2.503875054	2.510324973
	2.011122	2.116539187	2.010056534	2.011322615	2.07912441
	2.047332486	2.030420536	2.030420536	2.011122	2.028227645
	2.033566447	2.015549835	2.021201236	2.024465721	1.994825995
	1.999156354	2.006868884	1.999156354	2.005747814	2.013451796
	2.021201236	2.013451796	2.115454661	1.94792315	3.016628782
	1.985172171	1.901817204	2.009961201	2.122151453	2.09131379
	2.051721242	2.141609521	2.137283431	2.104864922	2.179759846
	2.179759846	2.160706476	2.689675946	3.566801634	2.664179201
	2.616803543	2.554511817	2.536855626	2.531492831	2.475613876
	2.457995221	2.457995221	2.554511817	2.391782777	2.392312548
	2.350980293	2.350980293	2.333788228	2.314203551	2.358759336
	2.314203551	2.51013174	2.440390458	2.540193588	2.528718496
	2.513709416	2.528718496	2.145544072	2.145544072	2.026887118
	2.03211198	2.116539187	2.066748087	2.066748087	2.088625173
	2.058023005	2.062081603	2.162801262	2.033566447	2.063032518
	2.033566447	2.021201236	1.995389823	2.000606982	2.004550523
	2.010699288	2.028205383	2.016523781	2.025321672	2.025321672
	2.17559562	1.901817204	2.733645612	2.009961201	1.860041862
	2.009961201	2.080236643	2.159697993	2.159697993	2.075560158
	2.17559562	2.183008711	2.211822598	2.224568821	2.191877943
	2.430927804	3.315000275	2.51013174	2.511561594	2.536855626
	2.536855626	2.50118275	2.464852761	2.479004048	2.487604822
	2.448804838	2.394628617	2.394628617	2.414498003	2.399774828
	2.394427737	2.40039187	2.358759336	2.487604822	2.473089094
	2.448804838	2.511732311	2.528718496	2.50118275	2.486591127
	2.507263968	2.202377629	2.162801262	2.042414424	2.042414424
	2.148884041	2.066748087	2.088625173	2.147963945	2.052806795
	2.052806795	2.076353357	2.06615206	2.054628397	2.000606982
	2.002847013	2.012496929	2.007905285	2.035797704	2.028205383
	2.026537209	2.026537209	2.202377629	2.214857525	1.559693865
	2.733645612	1.971477911	1.878711102	2.095164213	2.233554357
	2.171608796	2.204224814	2.214857525	2.211822598	2.211822598
	2.233702766	2.252591127	3.03716941	2.388499582	2.388499582
	2.521372423	2.464334187	2.495172158	2.479004048	2.487604822
	2.43718976	2.419407651	2.419407651	2.439409239	2.432141606
	2.430415826	2.394427737	2.429301063	2.436152285	2.474528588
	2.457920953	2.466529078	2.514893824	2.521372423	2.514893824
	2.489442317	2.475951888	2.483312612	2.202377629	2.186455526
	2.077997233	2.147963945	2.134703304	2.174503442	2.174503442
	2.098165019	2.076983038	2.128053094	2.098165019	2.069057837
	2.002847013	2.002847013	2.065018165	2.023043733	2.03385427
	2.026537209	2.264617174	2.254730892	2.254730892	1.478214251
	2.553657923	1.971477911	1.927627498	2.065854134	2.233702766
	2.204224814	2.192025816	2.276426365	2.273644213	2.233702766
	1.959980813	3.03716941	2.388499582	2.207581198	2.451965519
	2.475300013	2.480381622	2.415085399	2.457526311	2.457526311
	2.456561561	2.464436756	2.460586767	2.430415826	2.430415826
	2.458729853	2.308690731	2.466448837	2.476393907	2.466448837
	2.514893824	2.451965519	2.479199871	2.46231511	2.46231511
	2.483312612	2.258756559	2.246936566	2.098788704	2.098788704
	2.200320435	2.165557725	2.188772896	2.098165019	2.140908462
	2.134095412	2.087016201	2.006546668	2.009102091	2.009102091
	2.065018165	2.065018165	2.023043733	2.03385427	2.264617174
	2.318239389	2.318239389	2.264617174	1.927627498	2.326379916
	2.028248134	1.965894774	2.222637961	2.269679609	2.262844229
	2.222637961	2.276426365	2.305112304	2.305112304	2.207581198
	2.668655417	2.225034715	2.225034715	2.405031719	2.466717409
	2.465398233	2.370349378	2.476393907	2.477511977	2.500837479
	2.48402604	2.506849119	2.483273116	2.498553198	2.494936815
	2.308690731	2.456501929	2.469919499	2.476393907	2.453635943
	2.434420098	2.389321011	2.46231511	2.439612855	2.423500829
	2.465398233	2.435509881	2.246936566	2.229437918	2.098788704
	2.142615705	2.162928506	2.227729134	2.188772896	2.188772896
	2.162928506	2.087016201	2.104223534	2.008579574	2.009102091
	2.016238027	2.024673395	2.064317395	2.054274797	2.028847704
	2.307500413	2.307682709	2.335390302	2.345828067	1.965894774
	2.45441581	2.133993204	1.965894774	2.222637961	2.269679609
	2.287525134	2.287525134	2.305112304	2.314048819	1.862559315
	2.584221371	2.225034715	1.998542462	2.370349378	2.466717409
	2.370349378	2.469919499	2.477511977	2.48402604	2.537752829
	2.531666418	2.483273116	2.55369562	2.483273116	2.477449262
	2.481239268	2.238064868	2.453635943	2.469919499	2.453635943
	2.423630341	2.397076528	2.343051591	2.405251218	2.397076528
	2.381496129	2.399353187	2.435509881	2.30130246	2.249405096
	2.249405096	2.110388401	2.142615705	2.17974819	2.199271637
	2.199271637	2.128235469	2.104223534	2.085807232	2.085807232
	2.011617306	2.011617306	2.019801489	2.019801489	2.072471162
	2.050636669	2.062792165	2.30130246	2.347809391	2.329607617
	2.379801268	2.345828067	1.539315417	2.380005364	2.056199898
	2.078310223	2.223038391	2.324381919	2.349085677	2.349004735
	2.342827954	2.390340774	2.380888916	1.998542462	2.584221371
	2.038963548	2.038963548	2.223740767	2.222082867	2.437370731
	2.475075031	2.492097265	2.498861341	2.551511181	2.578386233
	2.578386233	2.57543869	2.497376593	2.49944371	2.481239268
	2.481239268	2.047659858	2.423630341	2.459187323	2.437370731
	2.423630341	2.397076528	2.338824076	2.329601019	2.356987488
	2.381496129	2.399353187	2.344497703	2.31714073	2.281715173
	2.242106412	2.281715173	2.168967507	2.17974819	2.17974819
	2.137480517	2.137480517	2.092821486	2.341978528	2.012533703
	2.012533703	2.019801489	2.029409095	2.04956452	2.04956452
	2.092821486	2.379801268	2.347809391	2.366063248	2.392946247
	2.392946247	1.642537818	2.600265371	2.223038391	2.223038391
	2.360516559	2.390340774	2.416884641	2.390340774	2.404095783
	1.907423453	1.907423453	2.632180686	2.047659858	2.12919679
	2.222082867	2.432554141	2.44844309	2.500651489	2.506296474
	2.635234262	2.578386233	2.624515171	2.57543869	2.57543869
	2.502834855	2.459187323	1.992765864	2.12919679	2.403550795
	2.459187323	2.403550795	2.350414361	2.320449572	2.22492319
	2.124160043	2.22492319	2.320449572	2.339658559	2.296519969
	2.344497703	2.344497703	2.311195032	2.281715173	2.253226064
	2.253226064	2.194267442	2.220699584	2.137480517	2.185120104
	2.092821486	2.366063248	2.347254485	2.008396469	2.011400173
	2.022094605	2.04956452	2.063691793	2.063691793	2.118541718
	2.421670151	2.366063248	2.392946247	2.426739669	2.1069243
	2.74951163	2.171860052	2.171860052	2.360516559	2.404095783
	2.437966494	2.419948945	2.43500095	2.437966494	1.907423453
	1.907337293	2.423623002	1.992765864	2.12919679	2.376676836
	2.54096599	2.54096599	2.659805611	2.659805611	2.664211953
	2.584335488	2.567139822	2.513568877	2.45472141	2.481560762
	1.992765864	2.052155978	2.349929465	2.350414361	2.45472141
	2.397181464	2.376676836	2.349929465	2.346240729	2.256236398
	2.124160043	2.22492319	2.123691451	2.288063973	2.322140044
	2.174550678	2.272415119	2.272415119	2.311195032	2.273158768
	2.249049349	2.221911796	2.221911796	2.143011732	2.201100342
	2.158630985	2.364355416	2.347254485	2.00614078	2.022094605
	2.022094605	2.040433087	2.065477033	2.067964271	2.118541718
	2.426188225	2.431497264	2.431497264	2.42767168	1.780946341
	2.83006283	2.219711434	2.331398392	2.346933425	2.450119309
	2.451444785	2.438930307	2.451444785	1.404045613	1.741381445
	2.218688852	1.806011118	1.953232097	2.54096599	2.551325026
	2.720077928	2.659805611	2.656425137	2.624451027	2.624451027
	2.616347912	2.571158696	2.545572861	2.463128755	2.45472141
	2.403919871	1.930781604	1.948411326	2.326750408	2.315039155
	2.338180783	2.338743693	2.318052559	2.222103957	2.056334349
	2.184631681	2.184631681	2.174550678	2.235563838	2.174550678
	2.272415119	2.215966603	2.299803691	2.273158768	2.249049349
	2.249049349	2.210945342	2.158630985	2.158630985	2.366454683
	2.366454683	2.007792219	2.007792219	2.040433087	2.040433087
	2.065477033	2.093602093	2.131084516	2.431497264	2.432999906
	2.432999906	1.780946341	3.204112636	2.309132928	2.322247525
	2.457202838	2.444246186	2.451444785	2.504473756	2.497703569
	1.375170105	1.787568561	2.124879837	1.851023007	1.948411326
	2.545572861	2.783795786	2.783795786	2.718069181	2.776849583
	2.713730191	2.486350628	2.616347912	2.550607833	2.550607833
	2.403919871	2.403919871	2.33581808	1.795529038	1.778935689
	2.26680248	2.318052559	2.338743693	2.338743693	2.17104418
	2.17104418	2.056334349	2.056334349	2.122516014	2.115291239
	2.115291239	2.15415232	2.15415232	2.140910616	2.192813656
	2.330883024	2.248921681	2.248921681	2.166660363	2.385833514
	2.400668255	2.369680641	1.994097061	2.000500796	2.014613914
	2.032401732	2.093602093	2.093602093	2.175765413	2.460846337
	2.485693402	2.435039847	2.451073169	1.929604875	3.204112636
	2.309132928	2.465935455	2.449045855	2.502316729	2.497703569
	2.565944529	1.342908714	1.62657468	2.124879837	1.676558874
	1.802257135	2.439416051	2.157356893	2.88640241	2.783795786
	2.788343744	2.776849583	1.863937781	2.713730191	2.707140828
	2.490702078	2.595544998	2.538752914	2.394943669	2.365963062
	2.33581808	1.795529038	1.795529038	2.157356893	2.250094048
	2.269765357	2.17104418	2.051631368	2.072831618	1.899420334
	2.040854854	2.048744632	2.03974021	2.15415232	2.072831618
	2.240436559	2.286385396	2.248921681	2.175765413	2.390038293
	2.377322449	2.293652635	1.989264032	1.989264032	1.996204989
	2.032401732	2.068962454	2.142565762	2.147743941	2.392623377
	2.491666402	2.509087417	2.490918502	2.15160748	3.494204069
	2.465935455	2.465935455	2.578065588	2.55560313	2.573860112
	2.557114746	2.578936187	1.347607426	1.676558874	2.123424359
	1.676558874	1.802257135	1.863937781	2.157356893	2.181057857
	2.840773394	2.886023639	2.886023639	2.768765398	2.707140828
	1.899420334	2.598980692	2.598980692	2.394943669	2.538752914
	2.538752914	2.327152743	2.283033536	2.283033536	1.711870863
	1.625714257	2.093335313	2.181057857	2.038540556	1.997124414
	2.038540556	1.98570821	1.98570821	1.92746951	1.967031182
	1.951560121	1.979468903	2.2312994	2.25564183	2.2312994
	2.341966279	2.392623377	2.293652635	2.392623377	1.974617924
	1.996204989	1.996204989	2.062917379	2.062917379	2.108039357
	2.148433887	2.557114746	2.431969186	2.431969186	2.15160748
	4.423066078	2.63171288	2.578065588	2.578065588	2.573860112
	2.557114746	2.504976516	2.538423925	2.628613792	1.276338904
	1.526337864	2.322921901	1.619256442	1.711870863	1.794278289
	1.751962244	2.062419541	2.21496436	2.327152743	3.030243483
	2.98650084	2.97226995	2.97226995	2.729225418	2.705400152
	1.92746951	2.598980692	2.363754572	2.464117027	2.327152743
	2.190249366	2.10895245	1.622099568	1.575352413	2.054856631
	2.021026539	2.038540556	1.979717929	1.912041031	1.979468903
	1.938597985	1.92746951	1.924911652	1.979468903	1.743667006
	2.400251063	2.186156149	2.2312994	2.341966279	2.288336359
	2.400251063	1.957812796	1.98224827	1.98224827	2.011821934
	2.011821934	2.148433887	2.148433887	2.444803825	2.431969186
	2.514275769	2.63171288	3.776479222	2.589156127	2.679287378
	2.613516474	2.538423925	2.509634157	2.509634157	2.644109809
	1.317277056	1.526337864	2.122808977	1.575352413	1.651410767
	1.651633552	1.743667006	2.054856631	2.142531681	2.265784302
	2.265784302	1.5535184	3.996161895	3.060605172	3.206001229
	2.867834121	3.060605172	2.631980415	2.631980415	2.523375173
	1.81778746	2.464117027	2.190249366	2.190249366	2.013223309
	2.013223309	1.575352413	2.054856631	1.97468082	1.953477488
	1.965607531	1.91875832	1.912041031	1.841140007	1.890312051
	1.873865651	1.797324092	1.888914921	1.743667006	2.3920118
	2.238906902	2.238906902	2.28019615	2.285369141	2.363266901
	1.91779389	1.912837121	1.949201632	2.011821934	1.994263631
	2.09440284	2.198458733	2.198458733	2.424560018	2.424560018
	2.480880375	2.74797382	3.776479222	2.777094647	2.679287378
	2.808612579	2.644109809	2.564276748	2.480880375	2.509634157
	2.690061097	1.317277056	1.526589417	2.122808977	1.528646891
	1.605125247	1.651633552	1.651633552	1.605125247	2.265784302
	2.296875489	1.797324092	1.5535184	2.523375173	3.996161895
	3.996161895	3.060605172	3.195711742	2.639544878	2.856602007
	2.631980415	2.326870461	1.704186221	2.296875489	2.084721479
	2.076432225	1.98617103	1.940093555	1.940093555	1.528646891
	1.891330711	1.864832329	1.84966683	1.830224178	1.91875832
	1.841140007	1.841140007	1.869225433	1.820944066	1.797324092
	1.62896585	2.363266901	2.267288022	2.267288022	2.363266901
	1.852928401	1.852928401	1.949201632	1.994263631	2.039564553
	2.039564553	2.20567687	2.148976477	2.424560018	2.480880375
	2.793497197	4.249357578	2.777094647	2.802020511	2.464072872
	2.802020511	2.610689564	2.610689564	2.571981204	2.517194981
	2.659113044	1.418880805	1.526589417	2.267133061	1.483425864
	1.605125247	1.540785429	1.496990043	1.532276183	1.481743603
	2.296875489	1.712267622	1.511621259	2.39007772	4.716414471
	3.47942973	3.190758655	2.856602007	2.777350475	2.495826743
	2.571268283	2.495826743	2.39007772	2.326870461	1.649557535
	2.179316293	2.03579137	2.000477916	2.000477916	1.958720837
	1.940093555	1.824509567	1.420922319	1.412694754	1.891330711
	1.793495238	1.770548814	1.830224178	1.808465139	1.769581748
	1.744934148	1.68921214	1.786391997	1.649557535	1.675719429
	1.68921214	1.62896585	1.496990043	2.374357355	2.336509897
	2.259758812	1.852928401	1.931532964	1.981940281	2.259758812
	1.981940281	2.023155013	2.089772702	2.089772702	2.332270891
	2.31915271	2.793497197	4.249357578	2.94922141	2.952956696
	2.462903898	2.487480606	2.691440084	2.610689564	2.51884898
	2.691440084	1.368491672	1.481915735	2.267133061	1.420922319
	1.468527723	1.453097445	1.496990043	1.481743603	2.79179132
	2.79179132	2.396786573	2.495826743	2.443940573	2.331940035
	2.20351702	2.1608276	1.568539179	2.013452092	2.039237809
	2.000477916	1.853554961	1.802928917	1.803470979	1.412694754
	1.412694754	1.405871682	1.793495238	1.770548814	1.770548814
	1.730211703	1.735908944	1.744934148	1.626938488	1.68921214
	1.651675899	1.525164424	1.675719429	1.525164424	1.365023704
	2.332270891	2.259758812	1.813997545	2.205451322	1.830798202
	1.96364371	2.205451322	2.023155013	2.016509767	2.089772702
	2.405960216	2.31915271	2.31915271	3.301527588	4.881835456
	2.94922141	2.852552478	2.545753146	2.405960216	2.777068919
	2.545753146	2.718587916	1.334845786	1.409798724	2.455049746
	1.409798724	1.420038192	1.405871682	1.39898969	2.396786573
	2.140621699	2.285233973	2.443940573	2.106785045	2.140621699
	1.568539179	1.922143264	1.963593864	1.903935978	1.803470979
	1.788160522	1.803470979	1.350676899	1.35706623	1.350676899
	1.405871682	1.745940751	1.724464536	1.65133216	1.661839977
	1.631970083	1.631970083	1.602310444	1.603249043	1.544561924
	1.536865441	1.525164424	1.51334456	1.420038192	1.317447462
	1.392818276	2.260017619	2.208741612	1.828689723	2.132386424
	1.797861274	1.89329761	2.13738943	2.016509767	2.016509767
	2.334273844	2.344051335	2.325048383	2.263556004	3.156948412
	4.881835456	3.04305396	2.797862703	2.798896304	3.04305396
	2.545753146	2.487183769	2.487183769	2.718587916	2.639269102
	2.708260412	1.375433601	1.38575696	2.504399521	1.38575696
	1.39898969	1.360388682	1.39898969	2.051994316	2.187410672
	2.106785045	2.042461873	2.042461873	1.472043492	1.922143264
	1.922143264	1.668017965	1.814624437	1.765894278	1.733895104
	1.784217762	1.313980587	1.350676899	1.360944252	1.278659188
	1.296694276	1.292842819	1.631773095	1.65133216	1.65133216
	1.602310444	1.568907558	1.568907558	1.602310444	1.544561924
	1.484518965	1.523119703	1.472043492	1.459313359	1.359871106
	1.292842819	1.266512909	1.359871106	2.208741612	2.132386424
	1.797861274	2.132386424	1.797861274	1.868499669	1.922103767
	1.922103767	2.344051335	2.344051335	2.263556004	2.208435982
	3.200557336	4.912894118	3.030427033	2.798896304	2.969854144
	2.41196191	2.648083132	2.487183769	2.41196191	2.480019125
	2.648083132	2.604821707	2.728614802	1.395126228	1.38575696
	2.440738603	1.360944252	1.288158552	1.288158552	1.472043492
	1.866435916	1.668017965	1.621226768	1.816592122	1.769018569
	1.71872573	1.30758851	1.333766125	1.24827204	1.256069511
	1.296694276	1.292842819	1.573969144	1.631773095	1.646629984
	1.488718946	1.460205859	1.45009641	1.493653871	1.486617168
	1.474205719	1.455827581	1.41454348	1.459313359	1.459313359
	1.359871106	1.266512909	1.24827204	1.299481297	2.191671262
	2.06755296	1.766885726	1.988705686	1.770863284	1.850368021
	1.922103767	2.185931799	2.118846824	2.208435982	3.295284152
	4.912894118	3.295284152	2.969854144	2.860453837	2.278085682
	2.349595027	2.530884685	2.44273747	2.530884685	2.753354567
	1.395126228	1.489949379	2.523392526	1.378469279	1.353019578
	1.271996744	1.288158552	1.268837209	1.309694461	1.24827204
	1.265232984	1.271133539	1.525203641	1.538133945	1.488718946
	1.455827581	1.39934047	1.390514868	1.474205719	1.422649852
	1.455827581	1.382392909	1.382392909	1.343491097	1.299481297
	1.218320917	1.215849599	1.235370257	1.226456571	1.221541576
	1.297196014	2.062469922	2.062469922	1.653693719	1.905711172
	1.823259238	1.82559463	2.198668456	2.187041864	2.118846824
	2.048364456	5.349076322	3.295284152	3.615529942	3.16802487
	2.990871047	2.860453837	2.740699641	2.278085682	2.352147286
	2.531967092	2.44273747	2.531967092	1.378469279	1.489495048
	2.189972389	1.380445765	1.276761149	1.221648403	1.224575833
	1.226456571	1.20942388	1.480482017	1.434581589	1.39934047
	1.390514868	1.390514868	1.170887563	1.369148052	1.310858819
	1.403104395	1.328935561	1.328935561	1.243356208	1.1816998
	1.235370257	1.284900742	1.204406261	1.182796679	1.204406261
	1.242989056	1.181664933	1.221648403	2.048364456	1.876523846
	1.614420328	1.804898653	1.804898653	2.199116413	2.128558118
	2.128558118	2.048637337	2.037392901	5.349076322	3.112064877
	3.843974181	3.112064877	3.114084063	2.852793879	2.740699641
	2.740699641	2.272824321	2.447515886	2.537354333	2.350678845
	2.447515886	2.531967092	1.380445765	1.45374562	2.123445644
	1.353280886	1.188621671	1.188621671	1.395401661	1.391749577
	1.156139261	1.182796679	1.310858819	1.310858819	1.309182851
	1.238156231	1.27349311	1.202422091	1.156540789	1.169490601
	1.284900742	1.204406261	1.225769401	1.182796679	1.203524002
	1.149781127	1.153916024	1.876523846	1.876523846	1.684241576
	1.783742494	2.199116413	2.199116413	2.00307954	2.00307954
	2.00307954	5.081229954	3.314690618	3.180648922	3.112064877
	2.966820334	2.986242159	2.87051516	2.755782699	2.638564888
	2.272824321	2.638564888	2.45632346	2.45632346	1.383309787
	1.506904204	2.50977904	1.383309787	2.50977904	1.169490601
	1.307678686	1.155770327	1.156139261	1.146751153	1.307678686
	1.27349311	1.309182851	1.238864704	1.235792385	1.202974748
	1.140860336	1.237210652	1.225769401	1.225769401	1.174798709
	1.137583844	1.148860415	1.152691838	1.147152554	1.147152554
	1.871457408	1.779549629	1.673527451	1.66636346	2.207418792
	2.1265542	1.960145215	1.960145215	5.048849923	3.314690618
	2.997162842	2.966820334	2.964788231	2.757168773	2.755782699
	2.552787203	2.283153446	2.379814447	2.45632346	2.207418792
	1.383309787	1.424889025	1.424889025	1.313966616	1.313966616
	1.389400664	2.439382252	1.118739986	1.155770327	1.13280964
	1.26966019	1.235792385	1.173615398	1.235792385	1.148376958
	1.118739986	1.116708222	1.174798709	1.287553462	1.23922637
	1.23922637	1.122730859	1.129312017	1.13963682	1.148860415
	1.1271205	1.133013893	1.147152554	1.864072326	1.657001367
	1.529922889	1.529922889	2.207418792	2.040895643	2.129467247
	1.960145215	2.036053833	1.875919328	5.205780149	3.269550634
	3.133157429	2.960974893	2.997162842	2.757168773	2.757168773
	2.767021168	2.553997592	2.38490581	2.29844865	2.38490581
	2.29844865	1.44614725	1.288817507	1.361792648	1.44614725
	1.367616604	2.439382252	1.11081364	1.125045708	1.200740499
	1.175088064	1.174293026	1.13266758	1.116708222	1.116708222
	1.122730859	1.106478629	1.173653149	1.24494612	1.24494612
	1.11740779	1.13963682	1.141371784	1.156478228	1.13266758
	1.128344923	1.1271205	1.105772467	1.656367889	1.653072366
	1.529922889	2.065584383	1.882042649	2.040895643	2.06644692
	1.882042649	1.788665673	4.687066818	3.142782697	3.207529343
	2.814173447	2.814173447	2.814173447	2.747348408	2.65662836
	2.563050873	2.38490581	2.488853019	2.29844865	2.244348101
	2.245493844	2.377340854	2.440239908	1.361792648	1.314161802
	1.405976935	1.344073113	1.407628496	1.367616604	1.103622187
	1.174293026	1.13266758	1.11359386	1.102821918	1.09639303
	1.21332796	1.24494612	1.230161513	1.103622187	1.123731025
	1.141371784	1.141371784	1.199102827	1.115371707	1.109053442
	1.104945063	1.105772467	1.65199955	1.65199955	1.982807475
	1.882042649	1.966526619	1.788665673	1.788665673	2.097124001
	4.687066818	3.142782697	4.271589421	4.021309866	3.142782697
	2.803138563	2.803138563	2.814510876	2.824952938	2.656146557
	2.675361024	2.503343933	2.503343933	2.405805774	2.244348101
	2.264051548	2.194400372	4.021309866	2.420866553	1.511313066
	1.473648887	2.136082845	1.344073113	1.407628496	1.354554238
	1.349686509	1.407628496	1.473648887	1.103622187	1.11359386
	1.09639303	1.275033379	1.21332796	1.230161513	1.105371194
	1.199102827	1.112483771	1.101315357	1.112483771	1.123731025
	1.14537159	1.167919909	1.199102827	1.106876028	1.105371194
	1.100112008	1.526054715	1.795007726	1.982807475	1.909559568
	1.700897848	2.026959968	2.124540772	3.062659264	2.953968882
	2.933866456	2.867276045	2.953968882	2.803138563	2.725249546
	2.750231604	2.736561272	2.607287775	2.521920421	2.521920421
	2.405805774	2.264051548	2.287173774	2.124540772	2.548387863
	3.497778027	2.136082845	2.117889495	2.191116135	2.217891164
	2.252740172	2.400070915	2.311875649	1.511313066	1.508078722
	1.473648887	1.507527471	1.328328621	1.407191455	1.372779549
	1.415884079	1.100023825	1.273151423	1.233365971	1.280039489
	1.103031466	1.233365971	1.112483771	1.107824304	1.147786571
	1.154583418	1.182974436	1.213362325	1.204695735	1.103031466
	1.100023825	1.579114862	1.909559568	1.909559568	1.700897848
	1.945142395	2.026959968	2.124540772	2.87435441	2.726910434
	2.867276045	2.625721503	2.726910434	2.682197887	2.678249757
	2.607287775	2.607287775	2.509088483	2.411411709	2.411411709
	2.287173774	2.215137196	2.153687941	3.260530841	3.140066297
	2.617234577	2.337868023	2.617234577	2.474986193	2.337868023
	2.61184277	2.325005266	1.486921981	1.543238382	1.632959322
	1.338177637	1.431994196	1.36809327	1.36043837	1.507527471
	1.531548027	1.461084718	1.556774302	1.34733068	1.34733068
	1.397298859	1.411737059	1.482116541	1.100023825	1.313539234
	1.233365971	1.103031466	1.231936769	1.128282266	1.122210973
	1.154583418	1.147786571	1.205897684	1.216543025	1.281263671
	1.10570964	1.106199712	1.72747353	1.945142395	1.732187187
	2.04995198	2.04995198	2.156896546	2.687137139	2.726910434
	2.647254659	2.625721503	2.729175924	2.666748178	2.682197887
	2.5513424	2.5513424	2.476515225	2.411411709	2.298990849
	2.298990849	2.222135919	2.156896546	2.476997217	1.970761123
	1.85339203	1.502115582	2.127592266	1.589770257	2.42856311
	2.476997217	1.84073826	1.556774302	1.628788752	1.632959322
	1.780351122	1.738944629	1.738944629	1.531548027	1.531548027
	1.540732394	1.632388224	1.356082732	1.34733068	1.369579118
	1.411737059	1.411737059	1.482116541	1.106199712	1.313539234
	1.109358101	1.281263671	2.559612084	1.13611428	1.170204894
	1.140999818	1.207348564	1.319951988	1.246280079	1.113757536
	1.13535356	1.123959273	1.66071661	1.989592249	1.66071661
	1.989592249	2.096852922	2.647174679	2.647174679	2.647254659
	2.611517766	2.666748178	2.666748178	2.621959371	2.449413465
	2.44608125	2.389406938	2.182368332	2.353090426	2.290212687
	2.182368332	2.340435401	2.243490754	2.152379913	1.84073826
	2.042793087	2.505079061	2.418435002	1.95222443	1.628788752
	1.757843822	1.794116303	1.780351122	1.95222443	1.540732394
	1.56053317	1.540732394	1.534466803	1.700000342	1.391556942
	1.363517072	1.392764385	1.467928553	1.534466803	2.478060622
	1.13535356	2.559612084	1.337458861	2.559612084	1.13611428
	1.18898381	1.206541867	1.237343261	1.362326604	1.282685139
	1.123959273	1.13535356	1.123959273	1.66071661	1.943825124
	1.810774573	1.943825124	2.209758265	2.647174679	2.667314681
	2.611517766	2.51436927	2.626236021	2.540103363	2.626236021
	2.44608125	2.353090426	2.459984794	2.299658579	2.353090426
	2.209758265	2.418435002	2.243490754	2.08939272	2.152379913
	2.098190444	2.418435002	1.95222443	1.795690996	1.795690996
	1.925720931	1.93576674	1.686141015	1.635962784	1.534466803
	1.700000342	1.765956595	1.458330686	1.458330686	1.38032842
	1.551864134	2.480472226	1.188943065	2.540103363	1.38032842
	1.38032842	2.512412415	1.362326604	1.188943065	1.18898381
	1.237343261	1.237343261	1.340626852	1.14171427	1.160492506
	1.159154022	1.714404136	1.943825124	1.856035896	1.986532821
	2.18859274	2.57997104	2.636170271	2.59060673	2.595761356
	2.480472226	2.594945524	2.591353814	2.540103363	2.594945524
	2.45923787	2.423605287	2.299658579	2.351620871	2.265551677
	2.320511298	2.24331611	2.113012422	2.113012422	2.098190444
	2.392577705	2.01612132	1.795690996	1.883804833	2.01612132
	1.748778609	1.551864134	1.765956595	1.765956595	1.496276148
	1.50663345	1.50964483	1.64731802	2.480472226	2.441441054
	1.188943065	1.443291885	1.443291885	2.45923787	1.27199132
	1.441760689	1.254577516	1.263150728	1.31016514	1.186884294
	1.187063342	1.21495667	1.769363766	2.022873412	2.022873412
	2.187940059	2.18859274	2.540454583	2.59060673	2.558598822
	2.501229027	2.594945524	2.541020309	2.572502368	2.45923787
	2.423605287	2.423605287	2.345853851	2.304834677	2.309909625
	2.309909625	2.176143355	2.242835821	2.369345281	2.113336881
	2.01612132	1.883804833	1.988189717	1.737720522	1.748778609
	1.64731802	1.823160959	1.910048691	1.62022967	1.576963491
	1.50964483	1.50964483	1.64731802	2.464441682	2.36151491
	1.214926767	1.441760689	2.512085724	1.31016514	1.365854113
	1.441760689	1.254577516	1.344891754	1.397536643	1.481984524
	1.216539245	1.214926767	1.248105264	1.833944252	2.022873412
	2.019153926	2.171490461	2.171490461	2.501229027	2.540454583
	2.572287083	2.464441682	2.572502368	2.512085724	2.542783614
	2.435176291	2.434098963	2.401444005	2.345853851	2.304834677
	2.297038573	2.196130661	2.176143355	2.176143355	2.297038573
	2.080408618	1.991513581	2.080408618	2.196130661	1.767122512
	1.682790486	1.908970103	1.908970103	1.991513581	1.642779664
	1.573219469	1.642779664	2.464441682	2.355483388	1.214926767
	1.397536643	1.481984524	1.297444675	1.402320761	1.397536643
	1.586929309	1.248306193	1.248105264	1.251434896	1.898130763
	2.117382871	2.069928721	2.171490461	2.281433961	2.496274126
	2.528379225	2.546547164	2.496274126	2.518339803	2.521123329
	2.477640934	2.534805812	2.408301804	2.408301804	2.411170055
	2.372343287	2.297038573	2.233838067	2.34388648	2.064022188
	2.130647748	2.297473246	1.682790486	1.816004004	1.72668011
	1.908970103	2.032649117	2.032649117	1.586929309	1.642779664
	1.679397637	1.817554731	2.448203637	2.410457261	1.297444675
	2.448628167	1.513299017	1.513299017	1.34618958	1.402320761
	1.466565226	1.586929309	1.251434896	1.334245401	1.330703997
	2.069928721	2.204515382	2.069928721	2.243078056	2.281433961
	2.542618489	2.520469404	2.534805812	2.500204512	2.513440208
	2.460381006	2.513440208	2.34869331	2.408301804	2.372343287
	2.34388648	2.34388648	2.199097331	2.110611241	2.297473246
	2.243103087	1.867212014	1.881850333	1.867212014	2.110611241
	1.964577914	2.032649117	1.679397637	1.679397637	1.795512071
	2.39716275	2.469551886	1.334245401	2.448628167	1.513299017
	1.520812448	1.391848996	1.490210192	1.535051938	1.621189638
	1.28621986	1.334245401	1.330703997	2.098943681	2.243078056
	2.179714439	2.243078056	2.341436351	2.392893174	2.514959663
	2.503018497	2.507313427	2.520469404	2.477427968	2.513440208
	2.506537024	2.399542364	2.42711594	2.503698424	2.300043312
	2.39716275	2.110611241	2.300043312	2.262262996	2.235425338
	1.881850333	1.881850333	2.00732233	2.085685471	2.00732233
	2.006097222	1.759577007	1.759577007	1.835119447	2.388295945
	1.391848996	2.489425796	1.621189638	1.559817182	1.432103567
	1.537843296	1.537843296	1.643482044	1.328961349	1.373787897
	1.373787897	2.179714439	2.252426927	2.179714439	2.252426927
	2.361057086	2.430400597	2.430400597	2.503698424	2.507313427
	2.477427968	2.450496695	2.507550467	2.457126111	2.457126111
	2.492769397	2.503698424	2.34839533	2.388295945	2.198264198
	2.321873812	2.235425338	1.918804756	1.990719898	2.006097222
	2.062693837	2.006097222	2.17205228	1.759577007	1.835119447
	1.835119447	2.387666122	1.432103567	1.62841	1.6973635
	1.476928029	1.537843296	1.62841	1.755739118	1.368772386
	1.417342265	1.417342265	2.221388089	2.252426927	2.221388089
	2.361057086	2.361057086	2.430400597	2.429823933	2.489790697
	2.488850232	2.436052088	2.436052088	2.492769397	2.47617376
	2.483931609	2.489790697	2.321873812	2.175291618	2.245587665
	2.17205228	2.027791242	2.032306425	2.17205228	2.113493734
	1.7551618	1.894741625	2.011857004	2.387666122	1.476928029
	1.681224363	1.549347121	1.594425432	1.681224363	1.745089667
	1.745089667	1.456897639	1.513605619	1.465134239	2.221388089
	2.291447309	2.280530536	2.398920291	2.429823933	2.440755081
	2.429823933	2.489790697	2.439137202	2.436052088	2.483931609
	2.47617376	2.48550262	2.478613582	2.338379067	2.270020341
	2.206486017	2.204319127	2.011857004	2.140093115	1.894741625
	2.011857004	2.3762723	1.583042675	1.588467949	1.65264384
	1.696034122	1.772891913	1.802258226	1.940621834	1.456897639
	1.525214361	1.514010448	2.277296741	2.380437257	2.371465141
	2.380437257	2.445596328	2.467283569	2.445596328	2.467178244
	2.451681209	2.405985988	2.405985988	2.487265565	2.487265565
	2.486752297	2.467178244	2.270020341	2.231782162	2.156253099
	2.070922094	2.068095761	2.009976437	2.3762723	1.588467949
	1.640320977	1.697741886	1.773210816	1.849488189	1.906480833
	2.009976437	1.556222765	1.62501378	1.613019428	2.371465141
	2.408524382	2.371465141	2.408524382	2.445596328	2.476450269
	2.497987229	2.467178244	2.434543294	2.404521242	2.487265565
	2.501454251	2.468354917	2.487400389	2.319709851	2.213130824
	2.207411647	2.130957602	2.009976437	2.343333166	1.640320977
	1.640320977	1.760802288	1.826389744	1.886673272	2.029467946
	2.029467946	1.6007483	1.616631387	1.616631387	2.419806516
	2.410385003	2.44788919	2.439581468	2.497888245	2.497987229
	2.497888245	2.438040843	2.404521242	2.404521242	2.480744162
	2.511403324	2.502388766	2.493960906	2.343333166	2.245446027
	2.164428297	2.164428297	2.343333166	1.683689748	1.760802288
	1.760802288	1.840366594	1.971125264	2.029467946	2.12554576
	1.651204356	1.616631387	1.651204356	2.419806516	2.44788919
	2.44788919	2.507692722	2.497888245	2.511403324	2.537461745
	2.542150106	2.428113808	2.45648564	2.428113808	2.493960906
	2.524795826	2.502388766	2.408614485	2.245446027	2.245446027
	2.164428297	2.370076152	1.751172179	1.821600109	1.821600109
	1.971125264	1.971125264	2.062589298	2.217779824	1.702009397
	1.7358508	1.702009397	2.483211126	2.483432478	2.483432478
	2.529466056	2.529466056	2.537461745	2.529461492	2.536384109
	2.542150106	2.461423235	2.500810542	2.461830646	2.393919258
	2.320552294	2.217779824	2.320552294	1.7358508	1.991399451
	1.865388568	2.286662682	1.991399451	2.060229495	2.140789734
	2.217779824	1.702009397	1.784079067	1.817539513	2.494665967
	2.518719651	2.518719651	2.581537116	2.559003674	2.57811296
	2.537761987	2.553683449	2.537761987	2.461830646	2.439374057
	2.388728518	2.320552294	1.911740974	1.991399451	1.911740974
	2.286662682	2.286947655	2.060229495	2.168452642	1.80545313
	1.817539513	1.817539513	2.555920474	2.569623596	2.544708951
	2.616286814	2.569623596	2.589772298	2.644676255	2.580932912
	2.580932912	2.508345667	2.508345667	2.437117183	2.437117183
	1.960195849	2.092581154	1.960195849	2.297150599	2.297150599
	2.192237364	2.092581154	1.86296654	1.88705998	1.86296654
	2.555920474	2.569623596	2.586438045	2.648618409	2.63360713
	2.63360713	2.675988648	2.580932912	2.491423289	2.561073529
	2.416786311	1.960195849	2.092581154	1.973337936	2.263734644
	2.416786311	2.237302046	1.86296654	1.961475945	1.933465276
	2.586438045	2.648618409	2.62476466	2.677266347	2.63360713
	2.675988648	2.561073529	2.489183965	2.561073529	2.489183965
	1.961475945	2.136163753	2.111230491	2.237302046	2.246568926
	2.136163753	2.489183965	1.918761437	2.074608102	1.985041996
	2.617507175	2.689376439	2.651101435	2.651101435	2.677266347
	2.729742069	2.747753757	2.577204916	2.508789183	2.377034401
	2.074608102	2.267103269	2.267103269	2.661509249	2.560464281
	1.985041996	2.074608102	2.045649025	2.682416055	2.747753757
	2.791182725	2.7159242	2.73351971	2.802856905	2.61653276
	2.377034401	2.256582277	2.267103269	2.7159242	2.661509249
	2.500409253	2.41038857	2.117448781	2.117448781	2.682416055
	2.750133239	2.826197516	2.723274601	2.848554375	2.657871951
	2.616438873	2.256582277	2.616438873	2.41038857	2.117448781
	2.114691155	2.820893535	2.826197516	3.005834157	2.831802054
	2.96154035	2.701128843	2.616438873	2.474356879	2.302013103
	2.198719888	2.198719888	2.794368609	2.884877924	3.005834157
	2.96154035	2.705381607	2.705381607	2.334797153	2.420595794
	2.420595794	2.884877924	3.073028684	3.19780694	2.86254811
	2.576211953	2.420595794	3.013980932	3.462860962	3.058844501
	2.576211953	2.576211953	3.462860962	3.462860962	3.058844501
	3.19332338	4.044721179	3.19332338	4.713767154	1.187955449
	1.131114039	1.469793962	1.469793962	0.6290638699	1.492450515
	0.734177323	0.6551288761	0.6290638699	1.61236042	1.009888926
	1.61236042	1.495921537	1.284054971	1.504925335	1.500854681
	1.123719158	1.50662004	1.152404685	1.507674969	1.508612299
	1.492450515	1.492450515	0.6551288761	0.6968892454	1.567653483
	1.512309698	1.35808539	1.35808539	1.334484384	1.412271961
	1.490073351	1.289030792	1.612060372	1.61236042	1.495921537
	1.495921537	1.504925335	1.504925335	1.503273555	1.507674969
	1.50662004	1.50899039	1.517384161	1.507674969	1.526281724
	1.512785001	1.514007964	1.567653483	1.567653483	0.7712125864
	1.512309698	1.536462129	0.7534234952	1.504173578	1.501157096
	1.35808539	1.522046297	1.331536006	1.680894349	1.367820329
	1.367820329	1.490073351	1.443698041	1.331536006	1.474725484
	1.510356655	1.510731827	1.511407306	1.510834088	1.499464157
	1.510834088	1.51745576	1.509188546	1.509254332	1.510356655
	1.517384161	1.517384161	1.536462129	1.52844076	1.556182673
	1.556182673	1.508947864	1.541304703	1.544609172	1.517391623
	1.517834184	0.8225779822	0.8323308153	1.508947864	1.501157096
	1.522046297	1.517391623	1.548058647	1.357099445	1.522598182
	1.645996625	1.505288516	1.516140165	1.474725484	1.535485232
	1.456057636	1.474725484	1.512512856	1.516140165	1.512512856
	1.510834088	1.507445096	1.509188546	1.511518216	1.516229599
	1.52147688	1.52147688	1.52844076	1.532454344	1.541797904
	1.556182673	1.532454344	1.53612951	0.812765109	1.539169164
	1.517391623	1.539169164	1.538612491	1.516531451	1.522906539
	1.516531451	1.52393334	1.539335441	1.077913555	1.548058647
	1.548058647	1.511342614	1.486771538	1.505288516	1.505288516
	1.497050103	1.480161945	1.480161945	1.474438516	1.497050103
	1.496766956	1.511518216	1.511218582	1.511218582	1.513084053
	1.514178193	1.516229599	1.514587723	1.514587723	1.526567194
	1.519766533	1.528429782	1.532454344	1.53612951	1.53612951
	1.536948227	1.524366531	0.8375317355	1.302689363	1.565564861
	1.555055273	1.560349712	1.527216556	1.523231145	1.518785896
	1.51329308	1.516531451	1.560349712	1.539335441	0.8607603781
	1.495560475	1.480164864	1.49731272	1.494980277	1.506495297
	1.497050103	1.487121645	1.480161945	1.49731272	1.490498983
	1.513084053	1.513084053	1.505590387	1.51268068	1.512761839
	1.517241695	1.522510109	1.513064463	1.517261854	1.528429782
	1.526698992	1.533230893	1.532449295	1.530295764	1.530295764
	1.302689363	1.536106636	1.302689363	1.543541943	1.526411483
	0.9087826477	1.565564861	1.565564861	1.551602778	1.527341534
	1.521471072	1.526580907	1.548113051	1.540392567	1.495560475
	1.239978388	0.8607603781	1.437800899	1.467618752	1.480164864
	1.480164864	1.49988746	1.505590387	1.49988746	1.49607319
	1.490498983	1.479852059	1.490498983	1.513680514	1.513680514
	1.504509913	1.509773942	1.522510109	1.522510109	1.516114158
	1.516114158	1.528766208	1.526698992	1.532665562	1.530322193
	1.529082341	1.530295764	1.509222811	1.509222811	1.552149597
	1.658646828	1.531408447	1.508417552	0.6920756288	1.551602778
	1.525224666	1.551602778	1.545052943	1.530707047	1.530707047
	1.529082341	1.536885117	1.555519451	1.540392567	1.479677575
	1.45381533	1.239978388	1.437800899	0.6640817693	1.432793
	1.519103735	1.458643107	1.458643107	1.477505447	1.463992661
	1.504509913	1.49988746	1.499232994	1.494489387	1.488442117
	1.488442117	1.513680514	1.5114782	1.504509913	1.519365719
	1.522121655	1.51332624	1.51332624	1.528951684	1.524759809
	1.530984016	1.530322193	1.528991006	1.525224666	1.509222811
	1.552149597	1.552149597	1.533379942	1.540447132	1.542884336
	1.522631281	0.7125216512	1.555519451	1.545052943	1.545052943
	1.52998517	1.52998517	1.530707047	1.536885117	1.540181627
	1.549442684	1.452263661	1.454590558	1.456542994	1.395967753
	1.395967753	1.432880243	1.516367226	1.454590558	1.46194871
	1.477505447	1.477505447	1.504173716	1.496666389	1.49186058
	1.49186058	1.48291609	1.502262831	1.511550037	1.522121655
	1.522121655	1.51332624	1.506853525	1.514605705	1.528951684
	1.52664283	1.530089667	1.529469043	1.531466632	1.555923004
	1.534290392	1.515405641	1.515672256	1.54955214	1.515561696
	1.513044632	0.7125216512	1.54110255	1.540410464	1.546082055
	1.535775145	1.535775145	1.538520456	1.540181627	1.540181627
	1.428152159	1.452263661	1.454590558	1.441459374	1.395967753
	1.434490867	1.434490867	1.518152429	1.457036285	1.470957264
	1.470957264	1.48291609	1.502262831	1.496730082	1.49186058
	1.489619841	1.481901223	1.506853525	1.520749752	1.520749752
	1.510263516	1.502044837	1.509936615	1.522882926	1.52664283
	1.529584614	1.531466632	1.538706403	1.5191316	1.515405641
	1.515405641	1.54955214	1.539242734	1.519178811	1.535787141
	1.535787141	0.705301865	1.540410464	1.54110255	1.540410464
	1.539242734	1.533483224	1.535775145	1.538520456	1.53999499
	1.407620932	1.428152159	1.382591022	1.457036285	1.449208564
	1.439999377	1.410665058	1.439999377	1.434490867	1.518152429
	1.481901223	1.457036285	1.470957264	1.471787454	1.496805053
	1.490934803	1.486050344	1.486050344	1.497443076	1.516933548
	1.519626477	1.509655617	1.505056069	1.497443076	1.509655617
	1.522860839	1.527510342	1.529584614	1.530962891	1.530912677
	1.5191316	1.51894784	1.533726496	1.539242734	1.516932905
	0.6617548392	1.501169517	1.535787141	1.533440792	1.542563443
	1.542462462	1.528541715	1.531941519	1.536879195	1.531947761
	1.529914854	1.535503045	1.366460829	1.410665058	1.366460829
	1.352817707	1.455729299	1.442466051	1.442466051	1.397006062
	1.412184606	1.424182102	1.40950438	1.51599778	1.471787454
	1.455729299	1.471787454	1.490934803	1.490934803	1.486050344
	1.48076678	1.473183302	1.497443076	1.51599778	1.519626477
	1.509655617	1.50360518	1.496578934	1.508332088	1.526232167
	1.526232167	1.530962891	1.530962891	1.522878207	1.518858953
	1.516859882	1.524279698	1.533726496	1.516859882	1.505892873
	1.497684291	1.558941484	1.501169517	1.520949734	1.532629953
	1.535503045	1.529967279	1.532629953	1.531251555	1.529914854
	1.529914854	1.531251555	1.366460829	1.336906217	1.336906217
	1.316175099	1.455729299	1.442466051	1.381588195	1.40950438
	1.421308548	1.40950438	1.51599778	1.516185338	1.465440817
	1.460658386	1.442701224	1.460658386	1.492241179	1.48076678
	1.470398281	1.491675956	1.516185338	1.516753104	1.494897
	1.508332088	1.501650397	1.508332088	1.523481283	1.523782739
	1.523782739	1.521103585	1.520954464	1.520954464	1.520369829
	1.513892489	1.509138547	1.508171428	1.497684291	1.497684291
	1.499496101	1.520949734	1.520605374	1.532629953	1.529214875
	1.533451072	1.531251555	1.527828902	1.528760492	1.384481087
	1.381588195	1.375148937	1.345080171	1.212129924	1.316175099
	1.373807057	1.442701224	1.426865984	1.407197303	1.407197303
	1.42320657	1.511924928	1.465440817	1.444047938	1.453016861
	1.444368539	1.483466029	1.473307211	1.468731665	1.485279335
	1.515728471	1.518114875	1.489972785	1.499412698	1.505751607
	1.505751607	1.522282855	1.519901567	1.523782739	1.521103585
	1.521103585	1.518334487	1.483190499	1.517241651	1.511316947
	1.509940129	1.483190499	1.507718544	1.509940129	0.7693558825
	1.520605374	1.52409386	1.52791257	1.522298494	1.522516576
	1.52346751	1.523687806	1.398865656	1.384574245	1.377113808
	1.373807057	0.6417828991	1.373807057	0.549297843	1.423147703
	1.398865656	1.410747884	1.510709655	1.433756584	1.463254515
	1.444368539	1.444368539	1.480760287	1.477965763	1.455406669
	1.466287807	1.489972785	1.512410358	1.519901567	1.489972785
	1.499412698	1.504064748	1.504064748	1.52346751	1.520820489
	1.520820489	1.521873459	1.521827627	1.374366033	1.513676242
	1.511316947	1.511316947	1.509940129	1.493722375	1.512510156
	0.7693558825	1.462265927	1.514087325	1.515045385	1.520804088
	1.522298494	1.522298494	1.523687806	1.52346751	1.523687806
	1.404235633	1.384574245	1.384574245	1.377113808	1.374786326
	1.420224325	0.7905901299	1.375527957	1.310211154	1.423147703
	1.404235633	1.417355854	1.509163694	1.433234065	1.446877593
	1.444550498	1.451248538	1.483748775	1.461120497	1.47545232
	1.46832358	1.46832358	1.47545232	1.512797729	0.8296841129
	0.8296841129	1.517512769	1.502319337	1.485193011	1.496215515
	1.504064748	1.508710203	1.520808925	1.510570006	1.514087325
	1.475917632	1.51236781	1.506065809	1.509409477	1.503235795
	1.493722375	1.462265927	1.474598789	1.514087325	1.515045385
	1.518106898	1.523211557	1.521215677	1.510570006	1.518564746
	1.509934769	1.404235633	1.389109481	1.384659724	1.310211154
	1.368080436	1.306274889	1.362815894	1.362815894	1.258735119
	1.310211154	1.417355854	1.423354099	1.51060223	1.435129066
	1.440736743	1.440736743	1.447276893	1.486880187	1.461120497
	1.466991002	1.47545232	1.504087641	1.475451116	0.9269121786
	1.431578997	0.6159590321	1.499019549	1.500766865	1.486880187
	1.497436633	1.504087641	1.510375441	1.510570006	1.511412148
	1.475917632	1.509409477	1.509409477	1.494876081	1.501119519
	1.475451116	1.48250717	1.512176156	1.508687766	1.515412242
	1.512052071	1.512052071	1.512068208	1.505383271	1.506030692
	1.389109481	1.366646848	1.306274889	1.281612021	1.356319925
	1.362815894	1.370067674	1.281612021	1.410987197	1.40564258
	1.507039625	1.425926127	1.441593158	1.441593158	1.458502003
	1.486880187	1.472146534	1.465184091	1.458502003	1.497845443
	1.47186469	0.9619040224	0.9619040224	1.431578997	1.270277622
	1.502262716	1.494084441	1.484102624	1.497845443	1.507663804
	1.505521587	1.508169303	1.490715658	1.506717757	1.494876081
	1.494876081	1.482152435	1.490715658	1.500443633	1.510508233
	1.510508233	1.505521587	1.510579864	1.505383271	1.503380855
	1.502150551	1.502083921	1.383002763	1.393012962	1.370067674
	1.304972733	1.304972733	1.340920326	1.339955452	1.370067674
	1.270277622	1.301636698	1.425926127	1.420322615	1.410987197
	1.492260442	1.425926127	1.448480178	1.458502003	1.478186117
	1.478186117	1.471106892	1.465184091	1.497845443	1.472222647
	1.170043194	1.492831998	1.472651264	1.050632272	0.6243037025
	1.49578605	1.488990796	1.494827255	1.494827255	1.498056337
	1.502449624	1.490715658	1.499744943	1.497264993	1.48133825
	1.493096668	1.501141287	1.503380855	1.497621995	1.503380855
	1.502792999	1.501320118	1.502792999	1.499778662	1.390141047
	1.390141047	1.37499804	1.363682224	1.304972733	1.323253687
	1.339955452	1.339955452	1.314348103	1.323253687	1.428587667
	1.409419542	1.409419542	1.492260442	1.471393294	1.436752019
	1.448480178	1.456161159	1.478186117	1.471106892	1.452449018
	1.485592588	1.473009205	1.492831998	1.462141092	1.485349073
	1.485429787	1.385754995	0.6260981336	1.488990796	1.482799917
	1.491842367	1.491392449	1.497264993	1.493096668	1.497718039
	1.494143811	1.486993915	1.48717587	1.497295936	1.496285353
	1.497999371	1.502792999	1.499778662	1.390141047	1.380737669
	1.363682224	1.355584191	1.335495157	1.347980184	1.341262397
	1.326321708	1.326321708	1.410599141	1.412760941	1.409419542
	1.47628347	1.471393294	1.471393294	1.436752019	1.442554758
	1.450864316	1.456632925	1.450864316	1.47628347	1.485349073
	1.480730094	1.480730094	1.482209832	1.155319325	1.155319325
	0.6438695962	0.5377525056	1.274392196	1.478549075	1.491842367
	1.486821664	1.491392449	1.494143811	1.486747012	1.494708765
	1.494143811	1.486747012	1.495184359	1.491922821	1.497999371
	1.491922821	1.380737669	1.380737669	1.358259968	1.358259968
	1.338032101	1.338032101	1.314400669	1.314400669	1.274392196
	1.420622537	1.410599141	1.392543028	1.47628347	1.472783856
	1.465474869	1.438190103	1.420622537	1.450864316	1.455355331
	1.474903862	1.48149995	1.495287827	1.481445427	1.480730094
	1.476738701	1.51872036	1.242109102	1.242109102	1.253468682
	1.474903862	1.479836174	1.484410181	1.489691389	1.494708765
	1.486174365	1.489359738	1.494708765	1.48149995	1.486174365
	1.495184359	1.491922821	1.491870687	1.366333527	1.377002314
	1.358259968	1.366333527	1.338060936	1.338032101	1.295251601
	1.314400669	1.295251601	1.426420809	1.417619352	1.401727276
	1.38268841	1.464827016	1.46523844	1.460106371	1.464827016
	1.446706424	1.426420809	1.446706424	1.474903862	1.452540399
	1.47959419	1.48149995	1.471099438	1.477824714	1.452540399
	1.253468682	1.377424419	1.477355942	1.481240113	1.477355942
	1.489377196	1.490732587	1.489359738	1.480807006	1.480807006
	1.487290019	1.486794551	1.38268841	1.38268841	1.366333527
	1.339458048	1.364597579	1.332584892	1.332584892	1.3206669
	1.308280834	1.299182569	1.426420809	1.414270511	1.396992966
	1.464827016	1.45853126	1.446708789	1.468161744	1.446706424
	1.428026854	1.43503839	1.470722488	1.462225744	1.488769211
	1.47959419	1.478545863	1.473534259	1.377601988	0.6256081297
	1.279100458	1.446708789	1.477355942	1.478562716	1.481240113
	1.48233538	1.48421473	1.482643691	1.479563627	1.478266306
	1.481132549	1.380875511	1.371643721	1.364597579	1.353105279
	1.332453679	1.340110983	1.332584892	1.3206669	1.33018273
	1.414270511	1.396992966	1.396992966	1.461672992	1.442320842
	1.461672992	1.439726087	1.427837556	1.470722488	1.461858029
	1.461858029	1.461858029	1.481886286	1.478703048	1.327047585
	0.6353267963	1.273085479	1.324551516	1.273085479	1.450689173
	1.463833516	1.442320842	1.477090306	1.475282932	1.475170722
	1.481150116	1.48421473	1.477599469	1.477599469	1.476101573
	1.474441206	1.477090306	1.386957082	1.368050447	1.359681777
	1.353105279	1.340110983	1.340110983	1.33018273	1.405255127
	1.405255127	1.386957082	1.450689173	1.454538965	1.4324951
	1.41059445	1.462757628	1.477038312	1.478993679	1.501675786
	1.478993679	1.477038312	1.352518057	0.6353267963	1.260075273
	1.260075273	1.294398191	1.435551752	1.454538965	1.404175776
	1.439436759	1.477090306	1.471342157	1.474534759	1.474534759
	1.473127332	1.469610688	1.466863377	1.46703364	1.470912737
	1.379611189	1.355027925	1.355027925	1.340207065	1.330731557
	1.405255127	1.379611189	1.422968532	1.438413919	1.454538965
	1.41059445	1.459837054	1.477038312	1.460761276	1.478993679
	1.635847254	1.673627724	1.260488779	1.307524177	1.260075273
	1.267826411	1.459837054	1.405477112	1.438413919	1.462981849
	1.46703364	1.474534759	1.473127332	1.468339044	1.465188563
	1.466863377	1.464888284	1.470912737	1.379611189	1.355027925
	1.307524177	1.341853078	1.339653784	1.394491833	1.37418477
	1.42956907	1.438413919	1.451051467	1.410873711	1.462981849
	1.462550713	1.460761276	1.325622417	1.260488779	1.297662354
	1.318684561	1.251861083	1.251861083	1.451951792	1.399166708
	1.428399973	1.460547006	1.460547006	1.46572401	1.465208698
	1.465275212	1.464923225	1.465188563	1.462432877	1.37418477
	1.362350409	1.318684561	1.341853078	1.386886123	1.374977454
	1.418923609	1.438005025	1.451951792	1.418923609	1.45724853
	1.325622417	1.462550713	1.462397233	1.348163688	0.5454253317
	1.311944379	1.311944379	1.129711729	1.310327431	1.398242376
	1.440192845	1.433286725	1.460547006	1.462432877	1.462397233
	1.460096772	1.460096772	1.45996285	1.462432877	1.374977454
	1.362350409	1.335053692	1.390373439	1.398242376	1.418923609
	1.43533752	1.418144844	1.44750027	1.447527308	1.462397233
	1.452124015	1.440173132	1.25611387	0.6651574749	1.337851203
	1.350772375	1.387383523	1.387383523	1.398242376	1.440192845
	1.43533752	1.240826819	1.44924048	1.454689795	1.454944452
	1.461044461	1.454944452	1.36296734	1.350772375	1.350772375
	1.389371879	1.401556149	1.426437149	1.438224434	1.415301864
	1.44750027	1.447527308	1.454689795	1.452124015	1.418095942
	1.176248163	1.176248163	1.361033251	1.387383523	1.361033251
	1.400462078	1.438224434	1.422348089	1.178737742	1.443690871
	1.454650479	1.454944452	1.449239836	1.377559962	1.368601308
	1.390817459	1.400462078	1.422348089	1.422022441	1.400462078
	1.443690871	1.432828009	1.443081351	1.442772682	1.450961964
	1.286664713	1.323630445	1.361033251	1.316289624	1.350522863
	1.20265065	1.443690871	1.44092992	1.438365343	1.368601308
	1.3595912	1.390817459	1.405051816	1.422022441	1.422022441
	1.405051816	1.430425891	1.424166013	1.44134562	1.440227615
	0.5613937494	1.347981308	1.350522863	1.345605082	1.444408273
	1.44134562	1.438365343	1.438365343	1.428461397	1.38140733
	1.370835631	1.38140733	1.405051816	1.41825172	1.406745621
	1.41825172	1.440227615	0.5896307298	1.348625784	1.348625784
	1.147872515	1.431274806	1.428461397	1.394170531	1.394154361
	1.403340189	1.419075836	1.420518097	1.403340189	1.407872683
	1.480637331	1.363749055	1.348625784	1.39383471	1.434464814
	0.9499562536	1.409899462	1.409899462	1.397241429	1.403340189
	1.419703304	1.407872683	1.407872683	1.480637331	0.7041810498
	1.389033857	1.370596961	1.409899462	1.397241429	1.405287142
	1.405287142	0.8979614728	1.378989724	1.370596961	1.427633816
	1.378989724	0.815692489	0.6939163377	0.7197859671	