5884	
	1.999801003	2.000263361	2.000263361	2.001809761	2.000946892
	1.99830778	1.995962074	2.001809761	2.000253254	1.99830778
	1.99830778	1.993249524	2.002016454	2.002016454	2.001884122
	2.000871613	2.000253254	1.998070515	1.993249524	1.993249524
	2.002186485	2.002548439	2.002186485	2.004804427	2.000173535
	2.000183562	2.000183562	1.995459277	1.990408885	2.002979074
	2.005261325	2.002186485	2.004804427	2.00849125	2.005021145
	2.000501842	1.997915145	1.993947576	1.993947576	1.999129517
	1.999083674	2.00196888	1.996102103	2.00849125	2.008184077
	1.999610863	2.005021145	2.008184077	2.005021145	2.000501842
	2.000501842	2.001708866	1.993947576	1.988621483	1.98639062
	2.001696762	1.996157955	1.996102103	1.996102103	2.014597081
	2.006174989	2.022839012	1.999789797	1.98551603	2.006267896
	2.019645883	2.006267896	2.001708866	2.025070027	2.006372469
	1.993151648	1.990188967	1.983230232	1.996157955	1.999789797
	1.991729877	2.004487597	2.025862878	2.025862878	2.035666549
	1.977724073	1.980595441	2.019645883	2.019645883	2.019980248
	2.006372469	2.025070027	2.004313734	1.996385866	1.987957052
	1.983230232	2.004487597	1.997939123	1.974845849	2.029873688
	2.004849589	2.035666549	2.025862878	2.035626806	2.035666549
	2.03954373	1.980595441	1.980595441	2.035296598	2.016687476
	2.014109158	2.051579841	2.035296598	1.996385866	2.016421884
	1.996385866	1.983242447	1.983242447	2.004849589	1.994401901
	1.974845849	2.029873688	2.035626806	2.043247253	2.028874598
	2.055850645	2.055850645	1.970260256	1.955838181	2.070746312
	2.070746312	2.035296598	2.039186338	2.058082111	2.062038271
	2.034685	2.00726615	2.00726615	2.062038271	1.992845068
	1.977924141	1.97914487	1.965133862	2.008571904	1.995778
	2.028874598	2.072700365	2.066039723	2.036194677	2.098930815
	2.072700365	1.942181826	1.942181826	2.103209154	2.103209154
	2.098930815	2.049046756	2.062038271	2.034685	2.023239533
	2.00726615	2.098223441	1.977924141	1.977924141	1.951197406
	1.942706668	1.970605513	1.999847895	2.008571904	2.036194677
	2.094314972	2.036194677	2.066039723	2.12740127	2.102749545
	2.152893164	1.939176449	1.920442549	2.103209154	2.147666064
	2.117321524	2.18093409	2.054926596	2.064313651	2.045636592
	2.045636592	2.008286176	2.098223441	2.098223441	1.986121953
	1.959784308	1.935178266	1.947637959	2.001836509	1.975238816
	2.028470935	2.028470935	2.102749545	2.066576319	2.066576319
	2.152893164	2.121407558	2.152893164	1.939176449	1.920442549
	2.147666064	2.18093409	2.232836652	2.197842997	2.147666064
	2.149859717	2.091362836	2.060338587	2.030601813	2.006376246
	2.109510573	2.116290593	1.977548995	1.977548995	1.935178266
	1.947637959	1.947637959	2.021357309	1.975238816	2.021357309
	2.075886689	2.121407558	2.1045921	2.044879308	2.150522206
	2.121407558	2.147600673	2.226429343	1.91272388	1.882691156
	2.232836652	2.169286478	2.197842997	2.232836652	2.197842997
	2.196219523	2.109510573	2.061371063	2.008922218	2.006376246
	2.109510573	2.150143187	1.967282897	1.967282897	1.892911381
	1.91781306	1.950040019	1.983895048	2.014840665	2.077928661
	2.1045921	2.1045921	2.044879308	2.009612018	2.201416122
	2.201416122	2.149060399	2.226429343	2.27115858	1.882691156
	1.882691156	2.282638743	2.178023907	2.219090567	2.282638743
	2.227376006	2.183977578	2.061371063	2.061371063	2.031678765
	2.028721761	2.097367946	2.178023907	1.995415454	1.913238129
	1.869157157	1.903677479	1.943292533	1.979350937	2.009612018
	2.009612018	2.077928661	2.132867518	2.079876478	2.074105547
	2.201416122	2.198435776	2.162274566	2.273614693	2.291900187
	2.291900187	1.850546716	1.903677479	1.850546716	2.328933907
	2.328933907	2.193107258	2.229331063	2.305931847	2.288144857
	2.250705911	2.250705911	2.098477034	2.031678765	2.031678765
	1.987665813	2.136795877	2.176222925	1.94323396	1.869157157
	1.869157157	1.903677479	1.964110422	1.964110422	2.023018389
	2.032257849	2.12732781	2.12732781	2.074105547	2.224824333
	2.195494741	2.195494741	2.273614693	2.338046678	2.316445242
	1.885118802	1.850546716	1.861939488	1.842714456	2.370061942
	2.370061942	2.400653065	2.361149739	2.328933907	2.306611249
	2.175340347	2.299136603	2.299136603	2.250705911	2.254516998
	2.10184369	2.066078849	2.066078849	1.94323396	2.135808584
	2.187092922	1.94323396	1.837659087	1.806279486	1.950686745
	1.978583413	1.982056849	2.023018389	2.165794194	2.059720695
	2.12732781	2.226677139	2.197655987	2.197655987	2.283450039
	2.368118679	2.283450039	2.360394857	2.402820026	1.904905458
	1.878995235	1.844282297	1.844282297	1.809133944	2.370061942
	2.412485231	2.402820026	2.398973125	2.432961544	2.366546054
	2.35002358	2.187092922	2.329576514	2.329576514	2.26950525
	2.321702186	2.10184369	2.066078849	2.017470432	2.02738499
	2.106711483	2.187092922	1.909619258	1.957635477	1.846231054
	1.8437984	1.981859336	2.004006762	1.981859336	2.070384546
	2.150035042	2.095568524	2.150035042	2.034981426	2.263310015
	2.197655987	2.360394857	2.266275557	2.314979316	2.189122945
	2.417128359	2.403995378	2.389015026	2.369094429	2.402820026
	1.942992894	1.906718752	1.871366391	1.835727783	1.835388444
	1.793643657	2.391762503	2.417128359	2.417128359	2.398973125
	2.412485231	2.398973125	2.432961544	2.366546054	2.410955268
	2.356190729	2.22442634	2.290334999	2.329576514	2.290334999
	2.102824776	2.102824776	2.013501196	2.151769858	2.200564706
	2.013501196	1.909619258	1.957635477	1.846231054	1.8180651
	1.981859336	2.004006762	2.09049123	2.150035042	2.139694876
	2.08767549	2.032362585	2.211991097	2.241773816	2.355390696
	2.266275557	2.247718086	2.218107721	2.346850822	2.346850822
	2.355077926	2.382575136	2.382575136	2.347774916	1.906718752
	1.871366391	1.871366391	1.807998243	1.823270219	1.792916346
	2.137134234	2.384049914	2.384049914	2.468330377	2.468330377
	2.484753931	2.426132031	2.459570705	2.426132031	2.356018498
	2.401995674	2.458959612	2.407235908	2.240615912	2.323244219
	2.356018498	2.356018498	2.102824776	2.013501196	2.240615912
	2.151769858	2.163945875	2.050493111	1.997077264	1.872723266
	1.943428571	1.793421706	1.702643848	1.954476122	1.993805101
	2.139694876	2.08767549	2.08767549	2.032362585	2.032362585
	1.772136828	2.072978113	2.211991097	2.318074322	2.247718086
	2.317844841	2.247718086	2.179795707	2.353895143	2.317286324
	2.317286324	2.382575136	2.318074322	1.909950334	1.86903355
	1.823270219	1.79368052	1.79368052	1.769976181	2.678675931
	1.82790543	2.243937801	2.350348924	2.384049914	2.468330377
	2.514173352	2.514173352	2.458959612	2.493388701	2.407235908
	2.401995674	2.458959612	2.407235908	2.240615912	2.323244219
	2.372308177	2.106057077	2.108440546	2.211003718	2.266619044
	2.211003718	2.050502166	1.997077264	1.853589355	1.853589355
	1.769038961	1.702643848	1.907256131	1.987506624	2.188620444
	2.140459597	2.080543503	2.05562552	2.017574025	2.554202187
	1.640423182	2.072978113	2.215119533	2.331396203	2.317844841
	2.239805577	2.267603672	2.188620444	2.188620444	2.317286324
	2.215119533	2.335211421	2.231014667	2.342841877	1.907256131
	1.854967406	1.835336013	1.79368052	1.788987838	1.769976181
	2.923819881	2.243937801	2.350348924	2.405906588	2.405906588
	2.480392364	2.496828698	2.489743889	2.489743889	2.492885549
	2.415270232	2.446462948	2.35986929	2.372308177	2.35986929
	2.108440546	2.097707627	2.30542181	2.20677124	2.050502166
	1.973086029	1.769038961	1.903387458	1.769038961	1.74097457
	1.906864699	1.926749901	2.074342769	2.152778281	2.074342769
	2.022811229	1.982791336	2.554202187	1.577489094	2.027237293
	2.067280379	2.256092712	2.266928849	2.186033748	2.128669559
	2.18298282	2.257018601	2.231014667	2.231014667	2.18298282
	1.854967406	1.878254835	1.854967406	1.80241801	1.762286742
	1.773130911	1.762286742	3.142922778	2.140106243	2.497761735
	2.497761735	2.506251428	2.51890315	2.541011061	2.489902103
	2.446462948	2.41965538	2.446462948	2.348560645	2.386942458
	2.357511168	2.268334957	2.097707627	2.097707627	2.20677124
	2.040616545	2.043876286	1.903387458	1.834716812	1.888092407
	1.74097457	1.720527082	1.878254835	1.906864699	1.949241089
	2.074342769	2.128669559	2.084077274	2.022811229	1.994570764
	1.973122168	2.334735308	1.538181085	2.067280379	2.067280379
	2.21834986	2.113314066	2.18298282	2.21834986	2.190595068
	2.159442629	1.878254835	1.862965815	1.80241801	1.80241801
	1.764007522	1.743587692	1.726292425	3.508951713	2.307811964
	2.497761735	2.506251428	2.506251428	2.489902103	2.542004336
	2.489902103	2.467745752	2.462788148	2.386942458	2.565684282
	2.268334957	2.366759648	2.366759648	2.268334957	2.419627805
	2.1515636	2.213945595	2.021175253	2.090630509	1.962201878
	1.802044388	1.802044388	2.055236477	1.801128691	1.694484363
	1.847883726	1.949241089	2.055236477	2.113314066	2.035317983
	2.010410709	1.955976895	1.973122168	2.503334708	1.527547219
	1.914475763	2.022786207	2.105499209	2.049358633	2.105499209
	2.036369937	2.196274133	2.159442629	1.847883726	1.843687263
	1.807185837	1.826437094	1.776958417	1.743587692	1.743587692
	1.71836331	3.437157608	2.341392505	2.645981319	2.636196573
	2.612993218	2.581898391	2.612993218	2.459170075	2.467745752
	2.533235329	2.540562939	2.213945595	2.315088789	2.366759648
	2.398114333	2.090630509	2.216849612	2.021179168	2.090630509
	1.962201878	2.143868088	1.802044388	1.871851903	1.680105974
	1.560704514	2.049358633	1.887174259	1.862535115	2.035317983
	2.055445141	1.966298142	1.941441973	1.904243442	2.503334708
	1.501769534	1.914475763	2.036369937	2.105499209	2.049358633
	2.08637774	2.086454436	1.826437094	1.828252398	1.784916111
	1.778940257	1.826437094	1.776958417	1.71836331	1.731281922
	1.754753891	2.459170075	3.737425253	2.527763393	2.667231131
	2.703769047	2.612993218	2.590710776	2.45901146	2.540562939
	2.334987252	2.447456892	2.315088789	2.331023647	2.315088789
	2.216849612	2.087182042	2.015013135	1.940948815	2.087182042
	1.77522452	1.77522452	1.665002308	1.665002308	2.012235313
	2.022861057	1.870932292	1.966298142	1.966298142	1.941441973
	1.854706764	2.396874443	1.556772867	1.963929454	2.037689387
	2.086454436	2.020990209	1.84406828	1.84406828	1.778940257
	1.773936408	1.778940257	1.806972812	1.738532925	1.754753891
	1.749381297	1.754753891	2.466384385	2.508156616	4.01852427
	2.829325277	2.757220189	2.757220189	2.590710776	2.590710776
	2.581445246	2.378497437	2.438249062	2.522900027	2.278908813
	2.278908813	2.214947666	2.087182042	2.008451687	1.861037082
	2.214947666	1.768137106	1.861037082	1.65802419	1.547243913
	1.940108498	1.987538787	1.922509005	1.82043904	1.940108498
	1.89613783	2.396874443	1.893610503	1.939005522	1.939005522
	1.987538787	1.789443082	1.84406828	1.757563053	1.773936408
	1.751692215	1.751692215	1.751805488	1.760240834	1.740828248
	1.70880033	1.731472612	1.757635114	2.581445246	4.01852427
	2.740554247	2.757220189	2.831108992	2.694876837	2.694876837
	2.438249062	2.522900027	2.522900027	2.468637193	2.352560363
	2.278908813	2.214947666	2.068689982	2.008451687	1.858390485
	2.069270837	1.764056958	1.858390485	1.764056958	1.544412406
	1.940108498	1.922509005	1.922509005	1.809182377	1.814151298
	1.862383057	2.739544158	1.880274013	1.911108339	1.939005522
	1.892000773	1.809182377	1.787420789	1.787420789	1.809182377
	1.728741263	1.751692215	1.760240834	1.755346275	1.733825509
	1.727073809	1.74036109	1.731472612	1.731472612	1.762994828
	2.633803704	2.710610407	4.031663639	2.769149444	2.831108992
	2.781781325	2.781781325	2.37568894	2.409100484	2.468637193
	2.633803704	2.262196164	2.33575152	2.212828507	2.085455919
	2.085455919	2.012279908	2.085616192	1.764056958	1.852295729
	2.010970328	1.659832616	1.656948234	1.911108339	1.877247497
	1.88073293	1.766039617	1.862383057	1.877247497	2.645282507
	1.90433644	1.852181756	1.90433644	1.852181756	1.755346275
	1.781190509	1.787420789	1.724391506	1.728741263	1.724659381
	1.732697813	1.733825509	1.710188461	1.732973129	1.727073809
	1.738950178	1.74565711	1.738950178	1.762994828	1.762994828
	2.653579199	2.71351533	2.827741506	4.452396221	3.222347742
	2.880875487	2.827741506	2.409100484	2.409100484	2.5583673
	2.551842437	2.390458501	2.323324448	2.299565588	2.224617138
	2.010970328	2.083407001	2.010970328	2.083407001	1.860287661
	1.767854595	1.93929325	1.679134834	1.679134834	1.899616695
	1.831441238	1.744789544	1.766039617	1.831441238	2.673544078
	1.90433644	1.852181756	1.880895918	1.725271045	1.713207659
	1.724391506	1.750351872	1.732697813	1.732697813	1.699015356
	1.706212646	1.714023317	1.706771125	1.744920953	1.753845571
	1.710018647	1.754506998	1.754506998	2.71351533	2.793496125
	2.987882974	4.52118977	3.294456503	2.987882974	2.450761064
	2.564073572	2.548009601	2.754034869	2.369377246	2.295468528
	2.224617138	2.015362533	2.083407001	2.158699374	2.162691358
	2.162691358	1.774147284	1.86906657	1.870559697	1.679134834
	1.774147284	1.702820486	1.702820486	1.82034734	1.761198474
	1.744789544	1.780614223	2.673544078	1.875876562	1.880895918
	1.82034734	1.714023317	1.667222575	1.771922194	1.740349616
	1.712126156	1.676596899	1.699015356	1.742584639	1.720072524
	1.676596899	1.706212646	1.706212646	1.754335025	1.721068329
	1.726091514	1.726091514	1.724405899	1.753900616	1.759395032
	1.759904144	1.721451681	2.792463755	2.793496125	3.198554602
	4.80331414	3.200124339	2.450761064	2.548009601	2.548009601
	2.792463755	2.564073572	2.295468528	2.28921481	2.291179796
	2.02022313	2.081943056	2.151871013	2.232591988	1.774147284
	2.034391378	1.889269976	1.889269976	1.82888572	1.82888572
	1.730008669	1.82034734	1.826652793	3.094017474	1.880421973
	1.901873907	1.667222575	1.745363241	1.667222575	1.719535544
	1.712126156	1.676596899	1.714743514	1.702396205	1.687773948
	1.687773948	1.758085195	1.759904144	1.721068329	1.726091514
	1.714743514	1.729953269	1.757028505	1.753616635	1.759904144
	2.792463755	3.067224727	3.200124339	4.80331414	2.457620289
	2.775561316	2.563272778	2.890726284	2.775561316	2.28921481
	2.28921481	2.232591988	2.034391378	2.151871013	2.151871013
	2.129787397	2.241445114	1.976757768	2.034391378	1.889269976
	1.826652793	1.629519582	1.831916564	1.854690189	1.854690189
	1.901873907	1.745363241	3.159430336	1.966104094	1.722375323
	1.752683404	1.752683404	1.708496136	1.688890582	1.724903391
	1.702396205	1.702396205	1.73247225	1.762836629	1.751837547
	1.779125302	1.726520648	1.717928144	1.754111557	1.726520648
	1.739221053	1.757211488	3.067224727	3.067224727	4.813523087
	2.457620289	2.773046286	2.457620289	2.657536462	2.930650345
	2.376290558	2.37691629	1.976757768	2.03436077	2.178485749
	2.248452879	2.133991976	2.192653121	1.99625907	1.80116576
	1.766274196	2.039624274	1.854690189	1.76134784	1.76993277
	1.996311563	1.9208705	1.828596851	3.183817712	1.675375296
	1.688890582	1.752683404	1.743062573	1.70843225	1.688890582
	1.724903391	1.717928144	1.73247225	1.784815431	1.794345017
	1.783287828	1.78458003	1.717928144	1.754111557	1.774669657
	1.794870211	1.725883785	2.930650345	3.297670762	4.813523087
	2.376290558	2.55188856	2.773046286	2.553414566	3.091461361
	2.376290558	2.313809996	2.385614501	2.091916743	2.248452879
	2.178485749	2.213206572	2.213206572	2.091916743	2.110110557
	1.840367156	1.840367156	1.922596699	2.042929081	2.057316299
	1.784516013	1.792819559	1.792819559	1.78998843	1.9208705
	1.9208705	1.803116325	3.252573577	1.730424762	1.711442092
	1.796178577	1.743062573	1.710850128	1.738981991	1.708915257
	1.708915257	1.771331874	1.741453377	1.765919882	1.784815431
	1.784815431	1.794345017	1.813136911	1.794886426	1.782542617
	1.794886426	1.807376613	1.812247802	3.332981241	3.332981241
	5.093608354	2.562889002	2.922189113	2.670360334	2.922189113
	3.079108891	2.385614501	2.340473823	2.562889002	2.213155716
	2.28155884	2.213155716	2.340473823	2.172206262	2.172206262
	1.885069743	1.885069743	1.960490198	2.080116977	2.118246505
	2.083095741	1.822948983	1.775993528	1.792819559	1.791083101
	1.825746592	1.91146674	1.824765743	1.91146674	3.605353172
	1.710375428	1.711442092	1.745193392	1.85828563	1.823717998
	1.737500057	1.779341433	1.779341433	1.774552229	1.783849657
	1.800135223	1.813136911	1.807376613	1.815321173	1.812390391
	1.766822601	1.806401373	1.84255618	3.332981241	6.224486386
	2.562889002	2.784682262	2.922189113	2.784682262	3.079108891
	2.482513402	2.482513402	2.213155716	2.240792429	2.360545199
	2.28155884	2.455662047	2.197888659	1.875011484	1.885069743
	1.889892797	2.116912636	2.167779397	2.167779397	1.829862918
	1.853622042	1.818765661	1.831610875	1.862788516	1.853546815
	1.91146674	2.009649673	3.254170524	1.745193392	1.745193392
	1.894706913	1.823717998	1.808623815	1.84255618	1.813318496
	1.783849657	1.783849657	1.768355028	1.864971657	1.88461845
	1.887307606	1.887307606	1.853018404	1.858688483	1.84255618
	1.853018404	1.8378883	1.866223221	3.103355331	4.892117946
	2.565044113	2.779457386	2.784682262	2.776979979	3.095952151
	2.482513402	2.263671127	2.328858396	2.278347252	2.360545199
	2.455662047	2.263671127	2.263671127	2.565262424	1.935191198
	2.03471294	2.03471294	2.092323128	2.198519857	2.198519857
	1.842333777	1.853622042	1.879578748	1.869804958	1.853546815
	1.883065132	1.883065132	1.901721753	2.009649673	3.254170524
	1.79235103	1.781325607	1.975679976	1.848751325	1.813318496
	1.781325607	1.848751325	1.864971657	1.898440028	1.921703397
	1.952614894	1.908911698	1.908911698	1.866223221	1.874194756
	1.935985439	1.893664365	3.232431804	4.890971545	2.775559187
	2.763838452	2.763838452	2.885533059	2.467991466	2.565262424
	2.330183488	2.360798355	2.378997393	2.467991466	2.252033186
	2.330183488	2.565262424	2.690007359	2.035032118	2.035032118
	2.03471294	2.173549233	2.173549233	2.198519857	2.264885195
	2.348260755	1.89024346	1.90844465	1.938356715	1.850483362
	1.88663351	1.916512656	1.896866208	1.938356715	1.968386892
	1.97665151	1.968386892	1.901721753	1.883065132	1.935569997
	1.901721753	1.975679976	3.156880341	1.852456123	1.820825391
	1.906952092	1.824952664	1.848751325	1.891942338	1.818791531
	1.924000366	1.97685989	1.952614894	1.921703397	2.002634145
	1.908911698	1.917137316	1.935985439	1.976856301	3.163575158
	4.731121538	2.743632259	2.852641811	2.977818607	2.467991466
	2.560764808	2.433479917	2.433479917	2.479999033	2.490071034
	2.305126171	2.560764808	2.614894602	2.572919969	2.164513184
	2.035032118	1.993390472	2.164513184	2.173549233	2.326708696
	2.248455503	2.305126171	2.348260755	2.361005131	1.912692529
	1.928145462	1.938625483	1.896866208	1.895821997	1.940965945
	1.912692529	1.999538244	1.98894636	1.991777168	2.003330927
	1.952727051	1.97665151	1.965489151	1.97665151	2.001138842
	1.999538244	1.964125772	1.935569997	1.935569997	1.987278337
	1.910736857	3.246865035	1.835571322	1.881107468	1.881107468
	1.854839933	1.891942338	1.891942338	1.884988663	1.964125772
	1.97685989	2.031729285	2.002634145	1.990907785	1.982307766
	1.990907785	1.976856301	3.120119063	4.731121538	2.852641811
	2.743632259	2.977818607	2.543871883	2.433479917	2.477302377
	2.543871883	2.656717856	2.656717856	2.584586471	2.196566552
	2.197886119	2.161473832	2.131761012	2.34401035	2.232937058
	2.309639183	2.309639183	2.361005131	2.446101974	2.361005131
	1.912692529	1.928145462	1.942355161	1.910386351	1.967882634
	1.989154969	1.954768086	1.999538244	1.996079726	2.000165635
	1.992934334	1.965489151	1.985272152	1.965490383	2.004996302
	2.004996302	2.000397562	2.001647643	2.003361007	1.997592787
	2.000083377	2.018686867	2.0023084	2.000468739	2.000468739
	1.886606214	2.986879111	1.854839933	1.881107468	1.854839933
	1.899856019	1.985115794	1.928435323	2.036086498	2.018686867
	2.079170885	2.060526197	1.990907785	2.032008724	2.055774694
	3.064840794	4.682161989	2.851580037	2.721566978	2.860765686
	2.543871883	2.446101974	2.477302377	2.667582255	2.584586471
	2.584586471	2.196566552	2.196566552	2.230376029	2.201841012
	2.177819076	2.34401035	2.34401035	2.324758886	2.324758886
	2.481980247	2.403051547	2.450131104	1.972326344	1.972326344
	1.962065034	1.967882634	2.000349215	1.989154969	1.964831576
	2.002719689	1.996482505	1.996482505	1.994001319	1.978454248
	1.978454248	2.00086143	2.000397562	1.999808622	2.003361007
	2.001874748	2.00011478	2.001874748	1.999907934	2.000083377
	2.001447911	2.018686867	2.01677069	2.000468739	2.030148074
	1.818342936	2.986879111	1.913695104	1.865394662	1.913695104
	2.032008724	2.042422038	2.042422038	1.976742346	2.060526197
	2.079170885	2.048281278	2.079170885	2.101251197	2.101251197
	2.043195367	2.860765686	4.453799659	2.755811198	2.721566978
	2.776314359	2.611698871	2.525819422	2.611698871	2.570025633
	2.405559206	2.639375972	2.318732853	2.294201924	2.238223011
	2.205698746	2.226234544	2.217302703	2.397436815	2.331887258
	2.324758886	2.525819422	2.455851377	2.459466688	1.972326344
	2.001273756	2.001273756	2.000349215	2.000349215	2.055577157
	1.991174714	2.005526	2.005526	1.994001319	1.987419669
	1.993233099	2.00086143	2.001447911	1.998385601	1.998360163
	2.001277743	2.001874748	1.998884615	2.004383681	2.001447911
	2.058603174	2.055577157	2.09749373	1.679339514	2.855972735
	1.913695104	1.942131163	1.976742346	2.093778585	2.042422038
	2.050711649	2.10345412	2.090027643	2.131863217	2.131863217
	2.101251197	2.127558133	2.706332482	3.942155082	2.730450222
	2.633453314	2.776314359	2.570025633	2.53625796	2.555844092
	2.519466262	2.425657461	2.425657461	2.601115268	2.318732853
	2.318732853	2.294201924	2.3025473	2.226234544	2.217302703
	2.217302703	2.633453314	2.397436815	2.384117743	2.53625796
	2.485565112	2.497231993	1.991174714	2.025065445	2.004234616
	2.10030405	2.067338427	2.005242568	2.067338427	2.013605886
	2.005526	2.00352382	2.00352382	2.024104484	2.00945187
	2.007544473	2.005094077	1.998360163	1.998360163	2.003259579
	2.000031707	2.000031707	2.004383681	2.003359027	2.00945187
	2.09749373	2.09749373	1.679339514	2.601744614	2.00652532
	1.925695522	2.00652532	2.144659678	2.093778585	2.062092084
	2.137087529	2.146778132	2.157283675	2.156431518	2.19272655
	2.180804696	2.706332482	3.6744862	2.633453314	2.610599778
	2.555844092	2.555844092	2.409209506	2.497231993	2.463652835
	2.463652835	2.565422257	2.385214819	2.385214819	2.345877912
	2.329532483	2.33055053	2.310573464	2.311390688	2.569190164
	2.431105363	2.431105363	2.527239617	2.491378515	2.497231993
	2.01578041	2.138144011	2.025065445	2.024504938	2.102028475
	2.067338427	2.046361372	2.046361372	2.01578041	2.037967259
	2.039102915	2.024104484	2.019800594	2.023490322	1.993582972
	1.995789489	2.002670108	1.995789489	2.003359027	2.011272828
	2.019800594	2.011272828	2.146778132	1.925695522	2.908697877
	2.00652532	1.891501293	2.049674601	2.180804696	2.144659678
	2.102129602	2.178029585	2.175733593	2.157283675	2.227708406
	2.227708406	2.215998284	2.700548798	3.585625859	2.658528367
	2.610599778	2.542637863	2.525349923	2.518022751	2.463652835
	2.447224934	2.447224934	2.542637863	2.384544501	2.385214819
	2.345877912	2.345877912	2.329532483	2.310573464	2.353255306
	2.310573464	2.503407625	2.431105363	2.527239617	2.516102802
	2.500905161	2.516102802	2.169574591	2.169574591	2.028468138
	2.032698025	2.138144011	2.077897209	2.077897209	2.104446737
	2.072639242	2.076779345	2.179991998	2.039102915	2.072379826
	2.039102915	2.019800594	1.991576016	1.994837705	1.998047758
	2.002442788	2.020914536	2.011028994	2.01952263	2.01952263
	2.213358831	1.891501293	2.676441532	2.049674601	1.870074708
	2.049674601	2.133563181	2.218674332	2.218674332	2.135101376
	2.213358831	2.238041431	2.259537864	2.271534361	2.254716497
	2.441913347	3.332412163	2.503407625	2.510553301	2.525349923
	2.525349923	2.489237162	2.454560815	2.468302941	2.481456563
	2.43976926	2.388108161	2.388108161	2.407749905	2.392970492
	2.388611622	2.394503838	2.353255306	2.481456563	2.463170106
	2.43976926	2.500274919	2.516102802	2.489237162	2.476324292
	2.496117877	2.227101179	2.179991998	2.040778265	2.040778265
	2.163544316	2.077897209	2.104446737	2.15807829	2.054589277
	2.054589277	2.083747713	2.072040545	2.048320162	1.994837705
	1.993563586	2.001519027	1.998701458	2.026568727	2.020914536
	2.015078157	2.015078157	2.227101179	2.254993211	1.52822963
	2.676441532	2.016506363	1.899700615	2.150505757	2.297771561
	2.239946003	2.276028141	2.254993211	2.259537864	2.259537864
	2.289186813	2.270027099	3.055543917	2.3891091	2.3891091
	2.512346664	2.458146501	2.483786537	2.468302941	2.481456563
	2.428823789	2.412474305	2.412474305	2.432334617	2.424986097
	2.423296324	2.388611622	2.422623627	2.435741462	2.464132938
	2.44896815	2.457354743	2.50545052	2.512346664	2.50545052
	2.479709605	2.466107961	2.473272992	2.227101179	2.19931237
	2.071773836	2.15807829	2.142216936	2.183915241	2.183915241
	2.097950936	2.07109327	2.132874508	2.097950936	2.060224036
	1.993563586	1.993563586	2.053101507	2.008598264	2.020244866
	2.015078157	2.287334194	2.291463881	2.291463881	1.48528817
	2.497355853	2.016506363	1.972961438	2.123001883	2.289186813
	2.276028141	2.257765268	2.31812175	2.330323838	2.289186813
	1.978217712	3.055543917	2.3891091	2.214038709	2.448004541
	2.46536924	2.469918843	2.411844609	2.449379064	2.449379064
	2.448827972	2.456475114	2.453155645	2.423296324	2.423296324
	2.451558029	2.310722234	2.457061856	2.467803614	2.457061856
	2.50545052	2.448004541	2.471959588	2.4539026	2.4539026
	2.473272992	2.27273093	2.257253959	2.090095371	2.090095371
	2.204695463	2.170770802	2.190685584	2.097950936	2.142835512
	2.129522311	2.075466393	1.99434658	1.992728526	1.992728526
	2.053101507	2.053101507	2.008598264	2.020244866	2.287334194
	2.350631143	2.350631143	2.287334194	1.972961438	2.33298403
	2.095084404	2.03117062	2.301444301	2.327077263	2.33790333
	2.301444301	2.31812175	2.351213883	2.351213883	2.214038709
	2.688583531	2.229428665	2.229428665	2.403040365	2.45725704
	2.455778437	2.371611076	2.467803614	2.469336414	2.491122198
	2.476059127	2.498442402	2.475609809	2.490606992	2.487160934
	2.310722234	2.447436767	2.461225682	2.467803614	2.445037384
	2.429153199	2.385448973	2.4539026	2.432231555	2.415944207
	2.455778437	2.42714899	2.257253959	2.233476327	2.090095371
	2.133500321	2.15811554	2.229614976	2.190685584	2.190685584
	2.15811554	2.075466393	2.089836979	1.992547094	1.992728526
	1.999659948	2.005955518	2.048514888	2.035378533	2.012588818
	2.310999034	2.332312126	2.364292535	2.368938577	2.03117062
	2.488491296	2.209353022	2.03117062	2.301444301	2.327077263
	2.357616018	2.357616018	2.351213883	2.362448006	1.882643525
	2.593594831	2.229428665	2.006368473	2.371611076	2.45725704
	2.371611076	2.461225682	2.469336414	2.476059127	2.527210549
	2.522091723	2.475609809	2.544827525	2.475609809	2.469860006
	2.473022217	2.243400744	2.445037384	2.461225682	2.445037384
	2.415421177	2.393385992	2.341914091	2.398626427	2.393385992
	2.37527655	2.392099745	2.42714899	2.303486355	2.247840897
	2.247840897	2.099381647	2.133500321	2.171247368	2.195263511
	2.195263511	2.113571804	2.089836979	2.064622255	2.064622255
	1.991243913	1.991243913	1.995493369	1.995493369	2.054246791
	2.032558408	2.041017484	2.303486355	2.354726885	2.344025791
	2.408098204	2.368938577	1.635726645	2.488802317	2.138570431
	2.152845809	2.30011237	2.379644086	2.400647616	2.397819473
	2.380646664	2.430744366	2.439569585	2.006368473	2.593594831
	2.045566811	2.045566811	2.226408547	2.226466441	2.428911788
	2.466685136	2.483849913	2.490844747	2.541650619	2.568593042
	2.568593042	2.566510389	2.489395493	2.491547044	2.473022217
	2.473022217	2.054451262	2.415421177	2.451020787	2.428911788
	2.415421177	2.393385992	2.337755066	2.325924975	2.353227503
	2.37527655	2.392099745	2.338184717	2.312875469	2.270646155
	2.232521138	2.270646155	2.152774641	2.171247368	2.171247368
	2.116704445	2.116704445	2.070145041	2.332455063	1.988095971
	1.988095971	1.995493369	2.006100762	2.02508656	2.02508656
	2.070145041	2.408098204	2.354726885	2.365089097	2.404408086
	2.404408086	1.769754027	2.684999054	2.30011237	2.30011237
	2.433820838	2.430744366	2.451199351	2.430744366	2.460247605
	1.91672867	1.91672867	2.610476735	2.054451262	2.132766236
	2.226466441	2.424473333	2.440230281	2.49242607	2.498159534
	2.624358792	2.568593042	2.614625623	2.566510389	2.566510389
	2.494511552	2.451020787	1.998963926	2.132766236	2.395822716
	2.451020787	2.395822716	2.343650145	2.31687365	2.225038862
	2.127067739	2.225038862	2.31687365	2.334235152	2.291909555
	2.338184717	2.338184717	2.297261039	2.270646155	2.238851658
	2.238851658	2.176135154	2.204476369	2.116704445	2.162557177
	2.070145041	2.365089097	2.330155801	1.979060234	1.978540302
	1.991770431	2.02508656	2.033812382	2.033812382	2.09087764
	2.429495515	2.365089097	2.404408086	2.415572718	2.202070001
	2.920734954	2.262372512	2.262372512	2.433820838	2.460247605
	2.479219733	2.436153269	2.452324973	2.479219733	1.91672867
	1.913993258	2.406994115	1.998963926	2.132766236	2.369440422
	2.532585255	2.532585255	2.648546825	2.648546825	2.653871444
	2.575154966	2.558316462	2.505263424	2.446811962	2.473482601
	1.998963926	2.055355087	2.343025519	2.343650145	2.446811962
	2.389658107	2.369440422	2.343025519	2.339593626	2.255107342
	2.127067739	2.225038862	2.124967379	2.284823667	2.316889363
	2.171824996	2.267285857	2.267285857	2.297261039	2.250456344
	2.224918899	2.200775907	2.200775907	2.121327083	2.177750299
	2.129074727	2.351446055	2.330155801	1.971789376	1.991770431
	1.991770431	2.008367777	2.03427335	2.036524582	2.09087764
	2.433087665	2.427700781	2.427700781	2.407644169	1.940359366
	2.98141001	2.336278268	2.425560549	2.41427732	2.507301087
	2.468705347	2.444449813	2.468705347	1.40378169	1.739679395
	2.197828821	1.805979311	1.955574279	2.532585255	2.542753364
	2.708368835	2.648546825	2.645184362	2.614868051	2.614868051
	2.607087229	2.562356018	2.537053321	2.455320917	2.446811962
	2.396626445	1.93416435	1.950801448	2.320263287	2.308598984
	2.331408521	2.331942447	2.3114393	2.216797574	2.0582743
	2.184393313	2.184393313	2.171824996	2.230962499	2.171824996
	2.267285857	2.211215311	2.279808059	2.250456344	2.224918899
	2.224918899	2.188961999	2.129074727	2.129074727	2.34519881
	2.34519881	1.972160744	1.972160744	2.008367777	2.008367777
	2.03427335	2.060237858	2.099865495	2.427700781	2.420084518
	2.420084518	1.940359366	3.42828206	2.405241124	2.399839462
	2.52438348	2.484367256	2.468705347	2.517227326	2.504683193
	1.367774471	1.786756897	2.100362781	1.852003018	1.950801448
	2.537053321	2.77166633	2.77166633	2.707511396	2.765922401
	2.703573796	2.478296424	2.607087229	2.542113002	2.542113002
	2.396626445	2.396626445	2.329027498	1.794649951	1.777334172
	2.260962883	2.3114393	2.331942447	2.331942447	2.166340967
	2.166340967	2.0582743	2.0582743	2.12124809	2.113035033
	2.113035033	2.150914913	2.150914913	2.136429924	2.164289126
	2.306698534	2.217026548	2.217026548	2.134988814	2.360325042
	2.3725554	2.33861454	1.952345362	1.961924641	1.978739655
	1.996055735	2.060237858	2.060237858	2.141053285	2.457060444
	2.47484998	2.411790869	2.428344962	2.093637517	3.42828206
	2.405241124	2.526377117	2.495429822	2.525932546	2.504683193
	2.556709714	1.331028752	1.618322721	2.100362781	1.671102183
	1.801237604	2.431680913	2.152342085	2.873750541	2.77166633
	2.776151507	2.765922401	1.864185042	2.703573796	2.697029186
	2.482642717	2.586505164	2.530275919	2.387652019	2.358874829
	2.329027498	1.794649951	1.794649951	2.152342085	2.244155734
	2.263588206	2.166340967	2.047426242	2.069419047	1.899142273
	2.041450638	2.046589403	2.036892901	2.150914913	2.069419047
	2.209791416	2.254650859	2.217026548	2.141053285	2.354002392
	2.335586143	2.251351834	1.948477001	1.948477001	1.956618202
	1.996055735	2.032703861	2.106051879	2.110178582	2.347227693
	2.470463612	2.486278523	2.458688439	2.331206434	3.705628568
	2.526377117	2.526377117	2.594191818	2.545014441	2.556607307
	2.529903656	2.575377734	1.332016967	1.671102183	2.093058125
	1.671102183	1.801237604	1.864185042	2.152342085	2.175521578
	2.827649173	2.873366789	2.873366789	2.757862319	2.697029186
	1.899142273	2.589980683	2.589980683	2.387652019	2.530275919
	2.530275919	2.320375854	2.276656479	2.276656479	1.709264409
	1.619198615	2.08862343	2.175521578	2.034272383	1.993343303
	2.034272383	1.982487887	1.982487887	1.925980279	1.964990938
	1.949173746	1.976458997	2.191668475	2.220003909	2.191668475
	2.297810622	2.347227693	2.251351834	2.347227693	1.932032852
	1.956618202	1.956618202	2.02513654	2.02513654	2.067114905
	2.10685387	2.529903656	2.391007842	2.391007842	2.331206434
	4.533586561	2.727001859	2.594191818	2.594191818	2.556607307
	2.529903656	2.455863249	2.498228669	2.609223574	1.263213745
	1.510906914	2.284771895	1.611481521	1.709264409	1.792890112
	1.749939074	2.057879606	2.209100564	2.320375854	3.016909287
	2.972725047	2.959716047	2.959716047	2.71886469	2.695492704
	1.925980279	2.589980683	2.356504097	2.456107252	2.320375854
	2.184472257	2.103942737	1.616214762	1.565431443	2.050433211
	2.016654388	2.034272383	1.976086478	1.908452301	1.976458997
	1.935400188	1.925980279	1.922685949	1.976458997	1.740587449
	2.354095546	2.144204849	2.191668475	2.297810622	2.242032715
	2.354095546	1.914396695	1.941862804	1.941862804	1.971729571
	1.971729571	2.10685387	2.10685387	2.394861553	2.391007842
	2.461107269	2.727001859	3.98430261	2.655438022	2.663369825
	2.643887528	2.498228669	2.454923911	2.454923911	2.612555725
	1.2949528	1.510906914	2.087432216	1.565431443	1.647119535
	1.647113067	1.740587449	2.050433211	2.137103782	2.259287709
	2.259287709	1.54485889	3.978486062	3.048060193	3.1919392
	2.856569398	3.048060193	2.622442324	2.622442324	2.514722756
	1.815459997	2.456107252	2.184472257	2.184472257	2.00872923
	2.00872923	1.565431443	2.050433211	1.970668741	1.949546626
	1.961733794	1.91541158	1.908452301	1.837815284	1.887460874
	1.870598466	1.794420551	1.886069618	1.740587449	2.33676725
	2.194426077	2.194426077	2.22913011	2.235338875	2.307343525
	1.869574395	1.870304493	1.908770854	1.971729571	1.95401184
	2.051638014	2.151636836	2.151636836	2.367836208	2.367836208
	2.416496404	2.825392772	3.98430261	2.811836259	2.663369825
	2.836645881	2.612555725	2.516898485	2.416496404	2.454923911
	2.644993354	1.2949528	1.509419347	2.087432216	1.516816101
	1.600742649	1.647113067	1.647113067	1.600742649	2.259287709
	2.289954424	1.794420551	1.54485889	2.514722756	3.978486062
	3.978486062	3.048060193	3.182218314	2.629774147	2.845299542
	2.622442324	2.319561649	1.700967643	2.289954424	2.079479937
	2.071313559	1.981802537	1.936088875	1.936088875	1.516816101
	1.887771538	1.861415265	1.846325182	1.826979746	1.91541158
	1.837815284	1.837815284	1.866166471	1.817932921	1.794420551
	1.625271812	2.307343525	2.212921015	2.212921015	2.307343525
	1.808152111	1.808152111	1.908770854	1.95401184	1.997640177
	1.997640177	2.154350263	2.101561502	2.367836208	2.416496404
	2.889755054	4.359747948	2.811836259	2.792917771	2.394501464
	2.792917771	2.553996787	2.553996787	2.514573373	2.445792372
	2.603777268	1.391923667	1.509419347	2.221810598	1.46978982
	1.600742649	1.534877729	1.488774926	1.525809929	1.475526188
	2.289954424	1.709076249	1.500750013	2.382113975	4.696348167
	3.464675815	3.17741638	2.845299542	2.766312883	2.486788821
	2.561710429	2.486788821	2.382113975	2.319561649	1.646025801
	2.17320922	2.030744376	1.995887604	1.995887604	1.954473893
	1.936088875	1.821308295	1.405889142	1.399359612	1.887771538
	1.79048792	1.767709094	1.826979746	1.805267821	1.76653916
	1.742128953	1.686030284	1.783432072	1.646025801	1.672554355
	1.686030284	1.625271812	1.488774926	2.311144702	2.273271331
	2.204291081	1.808152111	1.892476676	1.942668301	2.204291081
	1.942668301	1.982655773	2.044707402	2.044707402	2.269102474
	2.256569762	2.889755054	4.359747948	2.953001838	2.953694134
	2.39072365	2.414238675	2.636139509	2.553996787	2.449387913
	2.636139509	1.341124575	1.461710789	2.221810598	1.405889142
	1.462884837	1.445733895	1.488774926	1.475526188	2.780501095
	2.780501095	2.387992228	2.486788821	2.435162405	2.324122749
	2.196653207	2.1547478	1.564581331	2.008333479	2.034229072
	1.995887604	1.85003726	1.799821736	1.800439297	1.399359612
	1.399359612	1.397066516	1.79048792	1.767709094	1.767709094
	1.727532889	1.732864157	1.742128953	1.624619554	1.686030284
	1.648883983	1.520814225	1.672554355	1.520814225	1.354952151
	2.269102474	2.204291081	1.772842044	2.15377598	1.796292976
	1.925346074	2.15377598	1.982655773	1.976411229	2.044707402
	2.337166815	2.256569762	2.256569762	3.349505334	4.870047882
	2.953001838	2.824381448	2.474061168	2.337166815	2.733069392
	2.474061168	2.650162693	1.30934221	1.389234968	2.412299249
	1.389234968	1.414725721	1.397066516	1.392651383	2.387992228
	2.13443705	2.277442844	2.435162405	2.100414738	2.13443705
	1.564581331	1.917591057	1.959024834	1.900067085	1.800439297
	1.785074282	1.800439297	1.334903401	1.344370558	1.334903401
	1.397066516	1.743324741	1.721887192	1.649247997	1.659655894
	1.629514989	1.629514989	1.600343177	1.600306737	1.541699971
	1.534327986	1.520814225	1.509935337	1.414725721	1.307189882
	1.388083056	2.20199055	2.154087639	1.794292675	2.084914368
	1.768146912	1.858208756	2.08928527	1.976411229	1.976411229
	2.269869527	2.277736551	2.261136964	2.205169558	3.166713567
	4.870047882	3.02320355	2.742074705	2.737013431	3.02320355
	2.474061168	2.410674673	2.410674673	2.650162693	2.564574301
	2.644807347	1.348606919	1.36291984	2.462136823	1.36291984
	1.392651383	1.351598496	1.392651383	2.046365834	2.180446463
	2.100414738	2.036893419	2.036893419	1.468247601	1.917591057
	1.917591057	1.6658804	1.811123964	1.762853053	1.731252729
	1.781239708	1.308004855	1.334903401	1.339637664	1.265860867
	1.278699545	1.28320212	1.629907223	1.649247997	1.649247997
	1.600343177	1.56683292	1.56683292	1.600343177	1.541699971
	1.481886175	1.521003783	1.468247601	1.456238941	1.355426095
	1.28320212	1.254996358	1.355426095	2.154087639	2.084914368
	1.768146912	2.084914368	1.768146912	1.836625595	1.889707682
	1.889707682	2.277736551	2.277736551	2.205169558	2.155010297
	3.20784084	4.827150605	3.016968216	2.737013431	2.91619213
	2.340691131	2.571527516	2.410674673	2.340691131	2.401833115
	2.571527516	2.519261104	2.650751174	1.368133064	1.36291984
	2.398105335	1.339637664	1.281078907	1.281078907	1.468247601
	1.862511345	1.6658804	1.619440723	1.813180307	1.766047904
	1.716183228	1.302644482	1.312938972	1.235108392	1.238621018
	1.278699545	1.28320212	1.572504309	1.629907223	1.644616818
	1.487612729	1.458510265	1.448831409	1.49222161	1.483663129
	1.471700628	1.454189329	1.410590734	1.456238941	1.456238941
	1.355426095	1.254996358	1.235108392	1.295583441	2.139768316
	2.024834492	1.742231349	1.9533824	1.745718364	1.821935271
	1.889707682	2.136014665	2.07486768	2.155010297	3.264584885
	4.827150605	3.264584885	2.91619213	2.786625668	2.21997071
	2.283281531	2.453436835	2.370762949	2.453436835	2.667057735
	1.368133064	1.460814263	2.477280375	1.350652279	1.327718968
	1.265700972	1.281078907	1.263633308	1.288781385	1.235108392
	1.244567016	1.26300276	1.524045909	1.536789255	1.487612729
	1.454189329	1.398603915	1.390202878	1.471700628	1.420469519
	1.454189329	1.37956687	1.37956687	1.34007001	1.295583441
	1.20648882	1.206960399	1.228561648	1.211754347	1.202848983
	1.293243345	2.02141716	2.02141716	1.637851217	1.876251246
	1.799354638	1.801126195	2.150207798	2.136780692	2.07486768
	2.010001237	5.220504266	3.264584885	3.547973857	3.122211535
	2.929143191	2.786625668	2.660413391	2.21997071	2.288211558
	2.453901674	2.370762949	2.453901674	1.350652279	1.461492983
	2.145924111	1.351864843	1.252994462	1.217621824	1.219242036
	1.211754347	1.201723648	1.479564711	1.43391103	1.398603915
	1.390202878	1.390202878	1.160843023	1.367527329	1.309907458
	1.401856264	1.326747751	1.326747751	1.24050003	1.174069305
	1.228561648	1.259757749	1.185341186	1.170268457	1.185341186
	1.240746552	1.179852364	1.217621824	2.010001237	1.853487283
	1.606489396	1.785008537	1.785008537	2.151893494	2.085576985
	2.085576985	2.013215507	2.001666453	5.220504266	3.062611104
	3.750154811	3.062611104	3.064784671	2.775458103	2.660413391
	2.660413391	2.218429607	2.374799289	2.459217955	2.289430666
	2.374799289	2.453901674	1.351864843	1.424811384	2.081330938
	1.325653927	1.18484491	1.18484491	1.394582295	1.391286781
	1.146972179	1.170268457	1.309907458	1.309907458	1.308651965
	1.236827743	1.272591212	1.201332657	1.150635743	1.165103889
	1.259757749	1.185341186	1.206083356	1.170268457	1.202368807
	1.149471251	1.15267277	1.853487283	1.853487283	1.67629702
	1.768145969	2.151893494	2.151893494	1.97310187	1.97310187
	1.97310187	4.940101335	3.26793409	3.124909423	3.062611104
	2.909015108	2.922998719	2.799597446	2.664287207	2.556890887
	2.218429607	2.556890887	2.384052974	2.384052974	1.353271936
	1.472135434	2.462127878	1.353271936	2.462127878	1.165103889
	1.307652148	1.149898435	1.146972179	1.137473853	1.307652148
	1.272591212	1.308651965	1.238073134	1.235655118	1.202504993
	1.137596873	1.213432271	1.206083356	1.206083356	1.160001601
	1.130262888	1.14909068	1.152249236	1.145796907	1.145796907
	1.853645835	1.767094917	1.669951909	1.663188105	2.161564726
	2.088422954	1.936542652	1.936542652	4.870739336	3.26793409
	2.933772056	2.909015108	2.907541363	2.674404557	2.664287207
	2.472002213	2.227894567	2.314408722	2.384052974	2.161564726
	1.353271936	1.389111007	1.389111007	1.282236091	1.282236091
	1.354400044	2.385276727	1.116565025	1.149898435	1.126549457
	1.269837918	1.235655118	1.174531306	1.235655118	1.149922296
	1.116565025	1.114938047	1.160001601	1.263512636	1.2203791
	1.2203791	1.118925705	1.125751388	1.134319862	1.14909068
	1.12849445	1.132128846	1.145796907	1.848455519	1.660723089
	1.546753045	1.546753045	2.161564726	2.011327053	2.091646656
	1.936542652	2.00561496	1.86100206	5.041931066	3.231075942
	3.082716802	2.906078743	2.933772056	2.674404557	2.674404557
	2.681321007	2.472816605	2.320852877	2.243626693	2.320852877
	2.243626693	1.409438327	1.265145278	1.329892865	1.409438327
	1.331046383	2.385276727	1.110282929	1.122089593	1.201633089
	1.175685052	1.175614243	1.135738427	1.114938047	1.114938047
	1.118925705	1.107668545	1.159573033	1.228429273	1.228429273
	1.11518272	1.134319862	1.140819612	1.152723895	1.135738427
	1.130247138	1.12849445	1.108151523	1.662392636	1.657206713
	1.546753045	2.034889356	1.867489717	2.011327053	2.035486358
	1.867489717	1.782974395	4.641501538	3.119776105	3.172726535
	2.749189644	2.749189644	2.749189644	2.66492994	2.571635047
	2.483028627	2.320852877	2.413713577	2.243626693	2.195860384
	2.196589179	2.317138099	2.381280761	1.329892865	1.288620669
	1.376092629	1.322154572	1.381966344	1.331046383	1.106265664
	1.175614243	1.135738427	1.113744674	1.100914608	1.100530449
	1.20420743	1.228429273	1.218261006	1.106265664	1.124692208
	1.140819612	1.140819612	1.200899468	1.118941042	1.11403436
	1.109123552	1.108151523	1.658452613	1.658452613	1.959982645
	1.867489717	1.944336254	1.782974395	1.782974395	2.063630155
	4.641501538	3.119776105	4.309838572	4.11620359	3.119776105
	2.741865962	2.741865962	2.750657196	2.758435989	2.572984599
	2.592488407	2.42783793	2.42783793	2.340003118	2.195860384
	2.213585387	2.151350896	4.11620359	2.358059642	1.481563656
	1.442280544	2.074334806	1.322154572	1.381966344	1.335679437
	1.342230894	1.381966344	1.442280544	1.106265664	1.113744674
	1.100530449	1.258765214	1.20420743	1.218261006	1.109129763
	1.200899468	1.116801173	1.105804423	1.116801173	1.124692208
	1.146298084	1.168950283	1.200899468	1.111352588	1.109129763
	1.104783022	1.548238573	1.789352851	1.959982645	1.893471846
	1.705682089	2.000090316	2.088617449	3.053438474	2.928790945
	2.942210228	2.885999236	2.928790945	2.741865962	2.662000827
	2.681498119	2.662101204	2.528852937	2.44799708	2.44799708
	2.340003118	2.213585387	2.234093376	2.088617449	2.666029411
	3.643632419	2.074334806	2.053501585	2.128731808	2.163677647
	2.219824064	2.406971539	2.301959134	1.481563656	1.501339817
	1.442280544	1.494107442	1.312091505	1.40482506	1.377599698
	1.411015186	1.106209026	1.271665957	1.237782016	1.285806799
	1.109270705	1.237782016	1.116801173	1.114502146	1.157852596
	1.163977395	1.192410727	1.225369062	1.212140343	1.109270705
	1.106209026	1.59751686	1.893471846	1.893471846	1.705682089
	1.925618451	2.000090316	2.088617449	2.860239925	2.684354943
	2.885999236	2.627120055	2.684354943	2.616677617	2.59939408
	2.528852937	2.528852937	2.432896512	2.346354211	2.346354211
	2.234093376	2.169706069	2.114235517	3.390727908	3.35234257
	2.766663572	2.407390694	2.766663572	2.577619616	2.407390694
	2.664301621	2.428171321	1.474478165	1.555996466	1.663183708
	1.351711161	1.50956748	1.400312268	1.404236804	1.494107442
	1.543211559	1.461717434	1.576506653	1.355872915	1.355872915
	1.396971058	1.421642785	1.495939282	1.106209026	1.326013179
	1.237782016	1.109270705	1.242636213	1.136488722	1.131041979
	1.163977395	1.157852596	1.219694448	1.228942882	1.298336058
	1.113405397	1.114173303	1.729433942	1.925618451	1.73373263
	2.020576038	2.020576038	2.117457543	2.654045829	2.684354943
	2.625654209	2.627120055	2.691653516	2.608643529	2.616677617
	2.478785559	2.478785559	2.406068717	2.346354211	2.244485473
	2.244485473	2.176503536	2.117457543	2.540610525	2.120401127
	1.975241516	1.59991436	2.206733545	1.708872038	2.464490057
	2.540610525	1.915806169	1.576506653	1.665193157	1.663183708
	1.843507843	1.795700909	1.795700909	1.543211559	1.543211559
	1.565738307	1.675119908	1.3665223	1.355872915	1.385893321
	1.421642785	1.421642785	1.495939282	1.114173303	1.326013179
	1.118077879	1.298336058	2.487224389	1.147678336	1.181409025
	1.151620869	1.221460676	1.3420694	1.262492722	1.123111329
	1.147087237	1.134942908	1.669006007	1.965685468	1.669006007
	1.965685468	2.063088984	2.610605762	2.610605762	2.625654209
	2.606568789	2.608643529	2.608643529	2.547276634	2.383819055
	2.37957286	2.327518873	2.140747616	2.294517084	2.238928635
	2.140747616	2.416401066	2.300106236	2.21522911	1.915806169
	2.114120638	2.536828398	2.46491879	2.024336693	1.665193157
	1.81961097	1.855025037	1.843507843	2.024336693	1.565738307
	1.593789792	1.565738307	1.573517303	1.755117884	1.406198484
	1.383710612	1.417426582	1.488439536	1.573517303	2.496509217
	1.147087237	2.487224389	1.359068107	2.487224389	1.147678336
	1.204958548	1.221504518	1.25608385	1.389967483	1.302571206
	1.134942908	1.147087237	1.134942908	1.669006007	1.92305817
	1.803012681	1.92305817	2.165927564	2.610605762	2.632711706
	2.606568789	2.528869144	2.572415432	2.475629945	2.572415432
	2.37957286	2.294517084	2.395786626	2.24906361	2.294517084
	2.165927564	2.46491879	2.300106236	2.162729876	2.21522911
	2.170448698	2.46491879	2.024336693	1.862482752	1.862482752
	2.002894013	2.008973448	1.739579878	1.686088151	1.573517303
	1.755117884	1.828888253	1.488693587	1.488693587	1.407823276
	1.593924554	2.490795041	1.205114975	2.475629945	1.407823276
	1.407823276	2.446820074	1.389967483	1.205114975	1.204958548
	1.25608385	1.25608385	1.366146691	1.154392069	1.174725464
	1.173380638	1.715561967	1.92305817	1.842626044	1.961067351
	2.146425287	2.55693052	2.612513295	2.570494993	2.550657866
	2.490795041	2.541791094	2.535406565	2.475629945	2.541791094
	2.397635895	2.36274992	2.24906361	2.295335406	2.21826207
	2.376322561	2.299583351	2.185616664	2.185616664	2.170448698
	2.4244068	2.093471728	1.862482752	1.956593654	2.093471728
	1.809860389	1.593924554	1.828888253	1.828888253	1.533659589
	1.545542564	1.548206015	1.697252532	2.490795041	2.473022196
	1.205114975	1.477139017	1.477139017	2.397635895	1.293855787
	1.474584426	1.275355572	1.284187019	1.334665347	1.202953619
	1.203415689	1.232963702	1.763003806	1.993642921	1.993642921
	2.146375009	2.146425287	2.522732404	2.570494993	2.520410212
	2.495009215	2.541791094	2.479237609	2.518061265	2.397635895
	2.36274992	2.36274992	2.294031596	2.255782308	2.365112569
	2.365112569	2.237409251	2.305494713	2.411617915	2.184536231
	2.093471728	1.956593654	2.055262715	1.796580591	1.809860389
	1.697252532	1.891165951	1.977611513	1.667152355	1.621640047
	1.548206015	1.548206015	1.697252532	2.471572499	2.395893462
	1.233151574	1.474584426	2.45252238	1.334665347	1.394649285
	1.474584426	1.275355572	1.371437334	1.427226971	1.517291637
	1.234166858	1.233151574	1.267687528	1.819143333	1.993642921
	1.987042911	2.130462496	2.130462496	2.495009215	2.522732404
	2.52875913	2.471572499	2.518061265	2.45252238	2.497602046
	2.378760065	2.378822479	2.347068848	2.294031596	2.255782308
	2.343370035	2.252441236	2.237409251	2.237409251	2.343370035
	2.14368911	2.055121085	2.14368911	2.252441236	1.826605002
	1.734350587	1.972055429	1.972055429	2.055121085	1.688649511
	1.616483459	1.688649511	2.471572499	2.385238884	1.233151574
	1.427226971	1.517291637	1.320088207	1.430865787	1.427226971
	1.627672761	1.267244559	1.267687528	1.269978945	1.875079628
	2.079101943	2.032496036	2.130462496	2.23440092	2.483998049
	2.507756613	2.504734219	2.483998049	2.464839336	2.464115016
	2.420563518	2.492227463	2.35564903	2.35564903	2.359356082
	2.322347194	2.343370035	2.283371858	2.379006038	2.12384045
	2.186866197	2.339392482	1.734350587	1.877800556	1.782937707
	1.972055429	2.090943917	2.090943917	1.627672761	1.688649511
	1.724767283	1.865674573	2.451488782	2.434978997	1.320088207
	2.397681959	1.548105611	1.548105611	1.37071547	1.430865787
	1.498326779	1.627672761	1.269978945	1.357587559	1.35287905
	2.032496036	2.161313521	2.032496036	2.197662995	2.23440092
	2.506398538	2.495133242	2.492227463	2.486045968	2.465503927
	2.407009449	2.465503927	2.299897018	2.35564903	2.322347194
	2.379006038	2.379006038	2.248686687	2.163331667	2.339392482
	2.285609348	1.924689463	1.932252772	1.924689463	2.163331667
	2.017115859	2.090943917	1.724767283	1.724767283	1.838597494
	2.412929688	2.466469993	1.357587559	2.397681959	1.548105611
	1.555306247	1.417815732	1.520832211	1.567720137	1.659621558
	1.30634008	1.357587559	1.35287905	2.05341296	2.197662995
	2.132437767	2.197662995	2.293587063	2.344926903	2.476612844
	2.482222153	2.480817283	2.495133242	2.463829253	2.465503927
	2.463810892	2.350154904	2.376475812	2.468083954	2.332233679
	2.412929688	2.163331667	2.332233679	2.296389591	2.272445383
	1.932252772	1.932252772	2.056586257	2.138901338	2.056586257
	2.049727173	1.800181879	1.800181879	1.875122389	2.399778499
	1.417815732	2.445113287	1.659621558	1.59504051	1.458585815
	1.568806417	1.568806417	1.681133275	1.349178267	1.396761671
	1.396761671	2.132437767	2.203883482	2.132437767	2.203883482
	2.313218629	2.384543136	2.384543136	2.468083954	2.480817283
	2.463829253	2.448008705	2.46655949	2.411339847	2.411339847
	2.451531535	2.468083954	2.370198267	2.399778499	2.236708918
	2.34528336	2.272445383	1.963889658	2.032910263	2.049727173
	2.106442459	2.049727173	2.201466221	1.800181879	1.875122389
	1.875122389	2.393434737	1.458585815	1.662152448	1.73031914
	1.503498649	1.568806417	1.662152448	1.793330344	1.39012763
	1.440356869	1.440356869	2.165258819	2.203883482	2.165258819
	2.313218629	2.313218629	2.384543136	2.384484004	2.465322009
	2.4683281	2.429800339	2.429800339	2.451531535	2.435467902
	2.444374733	2.465322009	2.34528336	2.210091398	2.272921573
	2.201466221	2.065671752	2.074514157	2.201466221	2.151585886
	1.791019659	1.928958557	2.044083346	2.393434737	1.503498649
	1.712035584	1.57781265	1.621814485	1.712035584	1.777315887
	1.777315887	1.477745822	1.537684752	1.488041071	2.165258819
	2.240918982	2.22633356	2.35101813	2.384484004	2.395376181
	2.384484004	2.465322009	2.432216349	2.429800339	2.444374733
	2.435467902	2.449111926	2.457970466	2.353407283	2.288404204
	2.23020631	2.227916955	2.044083346	2.169810239	1.928958557
	2.044083346	2.377459342	1.608613372	1.61317011	1.678072414
	1.723896967	1.801387198	1.832326176	1.967040475	1.477745822
	1.548454184	1.535040088	2.217317555	2.330582533	2.313350692
	2.330582533	2.398763904	2.425238767	2.398763904	2.450053556
	2.439874819	2.403642273	2.403642273	2.453048035	2.453048035
	2.458584119	2.450053556	2.288404204	2.248329409	2.176019045
	2.100009323	2.09192672	2.034472961	2.377459342	1.61317011
	1.663195963	1.722266216	1.798024062	1.873602024	1.93086174
	2.034472961	1.574842318	1.646463128	1.632087257	2.313350692
	2.358571188	2.313350692	2.358571188	2.398763904	2.435161912
	2.456420617	2.450053556	2.423522292	2.398678299	2.453048035
	2.467258827	2.448204083	2.460973859	2.324781171	2.228511379
	2.220535524	2.148080894	2.034472961	2.344133808	1.663195963
	1.663195963	1.781896431	1.848087553	1.908257139	2.048107986
	2.048107986	1.617557388	1.634480006	1.634480006	2.354400305
	2.351431263	2.388718068	2.389533436	2.452721208	2.456420617
	2.452721208	2.424831927	2.398678299	2.398678299	2.462123965
	2.47438225	2.473228076	2.468994655	2.344133808	2.254003859
	2.178015512	2.178015512	2.344133808	1.705612808	1.781896431
	1.781896431	1.86056893	1.986372001	2.048107986	2.139649347
	1.665934956	1.634480006	1.665934956	2.354400305	2.388718068
	2.388718068	2.458849277	2.452721208	2.47438225	2.50025087
	2.508701269	2.418259097	2.440719956	2.418259097	2.468994655
	2.489931935	2.473228076	2.399100866	2.254003859	2.254003859
	2.178015512	2.366269329	1.769124141	1.839106155	1.839106155
	1.986372001	1.986372001	2.074525777	2.221544109	1.714218853
	1.751350531	1.714218853	2.424003777	2.424240206	2.424240206
	2.481034964	2.481034964	2.50025087	2.484499871	2.507158938
	2.508701269	2.444033902	2.477272819	2.446059528	2.383990484
	2.318166514	2.221544109	2.318166514	1.751350531	2.001678245
	1.881264769	2.283934025	2.001678245	2.06877369	2.149287866
	2.221544109	1.714218853	1.797753756	1.825974039	2.429456155
	2.460283229	2.460283229	2.532385271	2.526276541	2.535479853
	2.509919808	2.520770365	2.509919808	2.446059528	2.424413848
	2.379222631	2.318166514	1.920617014	2.001678245	1.920617014
	2.283934025	2.281892343	2.06877369	2.172781919	1.811745918
	1.825974039	1.825974039	2.492715029	2.516708641	2.486713921
	2.568886023	2.516708641	2.556552323	2.601705752	2.552017548
	2.552017548	2.487664015	2.487664015	2.421773942	2.421773942
	1.964498224	2.093933842	1.964498224	2.291641756	2.291641756
	2.189165093	2.093933842	1.865475277	1.893703719	1.865475277
	2.492715029	2.516708641	2.525339256	2.600508902	2.59471321
	2.59471321	2.633396471	2.552017548	2.471378244	2.536287419
	2.401291784	1.964498224	2.093933842	1.975142438	2.257822642
	2.401291784	2.230722702	1.865475277	1.961812644	1.933663943
	2.525339256	2.600508902	2.569931557	2.642820698	2.59471321
	2.633396471	2.536287419	2.468801716	2.536287419	2.468801716
	1.961812644	2.133428225	2.105196129	2.230722702	2.239369161
	2.133428225	2.468801716	1.917780623	2.068254257	1.980133855
	2.558109486	2.64427454	2.597069257	2.597069257	2.642820698
	2.694157173	2.70300151	2.552169072	2.487824233	2.360586019
	2.068254257	2.255314007	2.255314007	2.633235	2.536577224
	1.980133855	2.068254257	2.03724317	2.627712545	2.70300151
	2.744841565	2.682071546	2.693665861	2.760586579	2.586243704
	2.360586019	2.242701833	2.255314007	2.682071546	2.633235
	2.477253476	2.38928654	2.105973354	2.105973354	2.627712545
	2.700366717	2.77872039	2.687702344	2.807750887	2.629546613
	2.588938681	2.242701833	2.588938681	2.38928654	2.105973354
	2.102245629	2.773188207	2.77872039	2.964605465	2.796208142
	2.924315812	2.670397395	2.588938681	2.451283505	2.282923411
	2.182467423	2.182467423	2.74495423	2.838172094	2.964605465
	2.924315812	2.674964518	2.674964518	2.314456805	2.397640447
	2.397640447	2.838172094	3.029807769	3.161311829	2.830685527
	2.549852463	2.397640447	2.970319056	3.423949152	3.025294064
	2.549852463	2.549852463	3.423949152	3.423949152	3.025294064
	3.161108306	4.005438007	3.161108306	4.675230646	1.213039253
	1.153460414	1.432304055	1.432304055	0.6631118389	1.447855027
	0.7816662185	0.6456723691	0.6631118389	1.563728582	1.061366215
	1.563728582	1.448904572	1.279907749	1.455063267	1.449543976
	1.149875686	1.461713877	1.142412324	1.462112808	1.468518253
	1.447855027	1.447855027	0.6456723691	0.6858774617	1.531528304
	1.476032842	1.312132561	1.312132561	1.296639125	1.377004229
	1.439031385	1.266420027	1.55478673	1.563728582	1.448904572
	1.448904572	1.455063267	1.455063267	1.453393881	1.462112808
	1.461713877	1.464216382	1.474613284	1.462112808	1.483827652
	1.470305792	1.471248185	1.531528304	1.531528304	0.7449479465
	1.476032842	1.495100199	0.7236469757	1.465544373	1.462358729
	1.312132561	1.48444589	1.283010962	1.611229398	1.318309218
	1.318309218	1.439031385	1.396932709	1.283010962	1.417679575
	1.46529615	1.456538716	1.462321048	1.459394293	1.448765263
	1.459394293	1.474131585	1.463609319	1.464391076	1.46529615
	1.474613284	1.474613284	1.495100199	1.485778112	1.512107249
	1.512107249	1.475058037	1.499076371	1.503243341	1.479674406
	1.481860191	0.8062489132	0.8133589711	1.475058037	1.462358729
	1.48444589	1.479674406	1.494189381	1.304923111	1.466212783
	1.577970747	1.455210395	1.465154739	1.417679575	1.463165245
	1.402623369	1.417679575	1.465804425	1.465154739	1.465804425
	1.459394293	1.456218478	1.463609319	1.466461104	1.471621358
	1.478583382	1.478583382	1.485778112	1.490910961	1.500932986
	1.512107249	1.490910961	1.497323459	0.7964216663	1.504861402
	1.479674406	1.504861402	1.499182199	1.480341473	1.487027478
	1.480341473	1.488375775	1.505775455	1.109162995	1.494189381
	1.494189381	1.453485438	1.433491852	1.455210395	1.455210395
	1.438453371	1.424070629	1.424070629	1.416224715	1.438453371
	1.444257869	1.466461104	1.461700518	1.461700518	1.46703283
	1.465429935	1.471621358	1.469944796	1.469944796	1.483368151
	1.47585676	1.48682713	1.490910961	1.497323459	1.497323459
	1.49515313	1.492696763	0.8218365089	1.2793312	1.536130541
	1.522263603	1.527322267	1.491773994	1.489403874	1.48458163
	1.477375437	1.480341473	1.527322267	1.505775455	0.8950394166
	1.436257505	1.423405424	1.446345882	1.439657081	1.455011108
	1.438453371	1.430810618	1.424070629	1.446345882	1.436559189
	1.46703283	1.46703283	1.45662205	1.464860065	1.466248555
	1.473074081	1.479191383	1.46819299	1.472729237	1.48682713
	1.486156357	1.494451724	1.493763465	1.494421489	1.494421489
	1.2793312	1.506287806	1.2793312	1.517212264	1.500000991
	0.8875109559	1.536130541	1.536130541	1.520837581	1.491806359
	1.487802464	1.491639543	1.516410752	1.50636051	1.436257505
	1.199685239	0.8950394166	1.384562718	1.41216057	1.423405424
	1.423405424	1.448125367	1.45662205	1.448125367	1.446463491
	1.436559189	1.428187322	1.436559189	1.468314454	1.468314454
	1.456700939	1.462562142	1.479191383	1.479191383	1.472322115
	1.472322115	1.488552224	1.486156357	1.494284456	1.493662958
	1.49559776	1.494421489	1.482517468	1.482517468	1.527281176
	1.627724004	1.504903017	1.484490868	0.6737113643	1.520837581
	1.499275982	1.520837581	1.518711159	1.497536583	1.497536583
	1.49559776	1.503566271	1.523340712	1.50636051	1.427291273
	1.401741332	1.199685239	1.384562718	0.6919612913	1.380825726
	1.475901531	1.406828233	1.406828233	1.428572885	1.413763163
	1.456700939	1.448125367	1.449133354	1.445809788	1.438001751
	1.438001751	1.468314454	1.465131883	1.456700939	1.477520979
	1.481712092	1.470395969	1.470395969	1.492061591	1.485986231
	1.494682501	1.493662958	1.494600384	1.499275982	1.482517468
	1.527281176	1.527281176	1.509290367	1.514117558	1.517807576
	1.498617561	0.694103453	1.523340712	1.518711159	1.518711159
	1.496683306	1.496683306	1.497536583	1.503566271	1.509402238
	1.518578205	1.400341164	1.403063769	1.404211169	1.346736336
	1.346736336	1.383941933	1.473565429	1.403063769	1.414347442
	1.428572885	1.428572885	1.458961606	1.449391529	1.445489737
	1.445489737	1.436854411	1.457790972	1.466753997	1.481712092
	1.481712092	1.470395969	1.463947275	1.474752898	1.492061591
	1.48971888	1.495581674	1.494504113	1.498909727	1.52862203
	1.510240413	1.493680957	1.493694736	1.522516621	1.494736885
	1.492392878	0.694103453	1.513127257	1.514411123	1.519645871
	1.503758155	1.503758155	1.507386359	1.509402238	1.509402238
	1.379511879	1.400341164	1.403063769	1.392671111	1.346736336
	1.385290275	1.385290275	1.479612894	1.409867355	1.424094024
	1.424094024	1.436854411	1.457790972	1.451651323	1.445489737
	1.446042408	1.438255148	1.463947275	1.4837687	1.4837687
	1.470567711	1.460807276	1.470354829	1.487596744	1.48971888
	1.497091117	1.498909727	1.514623413	1.497349214	1.493680957
	1.493680957	1.522516621	1.513904319	1.499082999	1.516212384
	1.516212384	0.6976384291	1.514411123	1.513127257	1.514411123
	1.513904319	1.501818776	1.503758155	1.507386359	1.511110909
	1.35787922	1.379511879	1.33284794	1.409867355	1.401455096
	1.391323529	1.362293686	1.391323529	1.385290275	1.479612894
	1.438255148	1.409867355	1.424094024	1.429065448	1.453491291
	1.44985591	1.443238428	1.443238428	1.458172337	1.480198593
	1.484482914	1.471557588	1.467227619	1.458172337	1.471557588
	1.488964456	1.493887455	1.497091117	1.49960903	1.507356731
	1.497349214	1.497787806	1.509762476	1.513904319	1.496198864
	0.6565500137	1.48230116	1.516212384	1.514162384	1.515995162
	1.515266175	1.504438647	1.50663769	1.507000975	1.50144748
	1.500616389	1.508461866	1.321868374	1.362293686	1.321868374
	1.303250368	1.411264514	1.396741105	1.396741105	1.354252319
	1.368671226	1.380348954	1.368157865	1.480725504	1.429065448
	1.411264514	1.429065448	1.44985591	1.44985591	1.443238428
	1.440827548	1.432434716	1.458172337	1.480725504	1.484482914
	1.471557588	1.467432921	1.457285957	1.471858259	1.493892326
	1.493892326	1.49960903	1.49960903	1.501290226	1.49766609
	1.495906275	1.501537041	1.509762476	1.495906275	1.486712576
	1.481164911	1.540900091	1.48230116	1.502421476	1.506833184
	1.508461866	1.505868414	1.506833184	1.503351268	1.500616389
	1.500616389	1.503351268	1.321868374	1.295114752	1.295114752
	1.269840432	1.411264514	1.396741105	1.340100528	1.368157865
	1.379741748	1.368157865	1.480725504	1.482052802	1.424703323
	1.419868843	1.402085168	1.419868843	1.450973677	1.440827548
	1.431054976	1.452240564	1.482052802	1.484553289	1.460444132
	1.471858259	1.467122815	1.471858259	1.492445072	1.494057465
	1.494057465	1.498920716	1.499754065	1.499754065	1.498508219
	1.49388126	1.490186364	1.489729153	1.481164911	1.481164911
	1.482543513	1.502421476	1.498128011	1.506833184	1.504739305
	1.507544994	1.503351268	1.499959767	1.502243231	1.344166796
	1.340100528	1.333494357	1.303350348	1.16294727	1.269840432
	1.337476582	1.402085168	1.38615806	1.36656538	1.36656538
	1.380853187	1.47696669	1.424703323	1.404822789	1.414196332
	1.407225174	1.444490035	1.436057284	1.429931759	1.449477866
	1.482368031	1.488246078	1.455801427	1.466344916	1.472258867
	1.472258867	1.493889549	1.489942644	1.494057465	1.498920716
	1.498920716	1.497418397	1.468972198	1.496286513	1.492171099
	1.491845076	1.468972198	1.49054287	1.491845076	0.7823597309
	1.498128011	1.499894537	1.503037224	1.497804944	1.496553819
	1.496671139	1.49823487	1.360167508	1.347147525	1.339777417
	1.337476582	0.6153557841	1.337476582	0.5349289441	1.386331741
	1.360167508	1.371786141	1.477122163	1.396598681	1.423989327
	1.407225174	1.407225174	1.443551573	1.442255516	1.41987566
	1.429211212	1.455801427	1.481613943	1.489942644	1.455801427
	1.466344916	1.471994466	1.471994466	1.496671139	1.492318641
	1.492318641	1.499615256	1.499890786	1.361198254	1.493505106
	1.492171099	1.492171099	1.491845076	1.476902347	1.494374066
	0.7823597309	1.447637893	1.493677234	1.493741123	1.497625838
	1.497804944	1.497804944	1.49823487	1.496671139	1.49823487
	1.366832176	1.347147525	1.347147525	1.339777417	1.338285693
	1.3845006	0.7698607864	1.340217785	1.275496106	1.386331741
	1.366832176	1.382040064	1.476998948	1.397909449	1.411482783
	1.407146418	1.417329957	1.451209606	1.428129239	1.442706897
	1.434400818	1.434400818	1.442706897	1.483481133	0.8449823917
	0.8449823917	1.489007261	1.470604868	1.454478528	1.463168805
	1.471994466	1.48193409	1.493509975	1.485166124	1.493677234
	1.460435417	1.492904373	1.487595967	1.490256024	1.485370025
	1.476902347	1.447637893	1.45897245	1.493677234	1.493741123
	1.495946708	1.499157186	1.496823132	1.485166124	1.493966294
	1.486891498	1.366832176	1.355773425	1.347142505	1.275496106
	1.332511677	1.27454858	1.330058985	1.330058985	1.225869908
	1.275496106	1.382040064	1.38965528	1.481192556	1.401492067
	1.407277403	1.407277403	1.414691983	1.456719186	1.428129239
	1.436250072	1.442706897	1.477170582	1.460007803	0.9456173442
	1.416841057	0.6008694866	1.470600468	1.470394364	1.456719186
	1.465840842	1.477170582	1.484022782	1.485166124	1.49179686
	1.460435417	1.490256024	1.490256024	1.477163245	1.482973194
	1.460007803	1.466611421	1.491643791	1.48872722	1.493025509
	1.489733455	1.489733455	1.48692845	1.483146411	1.48286625
	1.355773425	1.33587916	1.27454858	1.252182988	1.321450757
	1.330058985	1.339167645	1.252182988	1.379948938	1.372129347
	1.479025175	1.395711114	1.410812006	1.410812006	1.427911696
	1.456719186	1.442330392	1.435583236	1.427911696	1.471742197
	1.456830609	0.9789904453	0.9789904453	1.416841057	1.241817546
	1.474124745	1.46533584	1.45475919	1.471742197	1.482404924
	1.481355723	1.48884464	1.47401808	1.487995297	1.477163245
	1.477163245	1.466121738	1.47401808	1.481437534	1.489786033
	1.489786033	1.481355723	1.489064529	1.483146411	1.483315559
	1.48071269	1.479918504	1.351294623	1.361413263	1.339167645
	1.2756972	1.2756972	1.309717113	1.311342965	1.339167645
	1.241817546	1.273668065	1.395711114	1.389950528	1.379948938
	1.465983697	1.395711114	1.419160788	1.427911696	1.450144642
	1.450144642	1.442850885	1.435583236	1.471742197	1.456643029
	1.180025728	1.475515402	1.457050512	1.06714099	0.6108278842
	1.468654523	1.461518034	1.469806847	1.469806847	1.474413076
	1.483571567	1.47401808	1.481490394	1.478468872	1.465068392
	1.475511043	1.481532277	1.483315559	1.475606711	1.483315559
	1.481348032	1.480641441	1.481348032	1.478389938	1.360119874
	1.360119874	1.34602204	1.335495127	1.2756972	1.294970459
	1.311342965	1.311342965	1.287910462	1.294970459	1.400040356
	1.380237681	1.380237681	1.465983697	1.445571359	1.408572997
	1.419160788	1.42709839	1.450144642	1.442850885	1.424672373
	1.460425399	1.457220038	1.475515402	1.450532127	1.468495364
	1.468966027	1.379640496	0.6140379269	1.461518034	1.458662706
	1.467799565	1.469576576	1.478468872	1.475511043	1.478707397
	1.475676468	1.469800404	1.470033957	1.477760779	1.47442257
	1.47791172	1.481348032	1.478389938	1.360119874	1.353496942
	1.335495127	1.329548651	1.30765634	1.32061097	1.315706675
	1.299986035	1.299986035	1.384321817	1.385129301	1.380237681
	1.452062745	1.445571359	1.445571359	1.408572997	1.41589025
	1.424665766	1.430485325	1.424665766	1.452062745	1.468495364
	1.463646696	1.463646696	1.465556861	1.166238782	1.166238782
	0.6317905353	0.527189776	1.250862841	1.455500572	1.467799565
	1.46459079	1.469576576	1.475676468	1.4690851	1.475653749
	1.475676468	1.4690851	1.475641061	1.47141697	1.47791172
	1.47141697	1.353496942	1.353496942	1.331807545	1.331807545
	1.311198216	1.311198216	1.289403913	1.289403913	1.250862841
	1.39459158	1.384321817	1.365652181	1.452062745	1.447103507
	1.439751113	1.412590402	1.39459158	1.424665766	1.430473592
	1.452699537	1.464375428	1.476807943	1.464224678	1.463646696
	1.45978955	1.495532938	1.217651358	1.217651358	1.229896511
	1.452699537	1.457507199	1.463413827	1.468585122	1.475653749
	1.468315956	1.471185434	1.475653749	1.464375428	1.468315956
	1.475641061	1.47141697	1.471397947	1.341576732	1.351154583
	1.331807545	1.341576732	1.312985034	1.311198216	1.271511983
	1.289403913	1.271511983	1.401923779	1.392779308	1.376493984
	1.358204473	1.442210374	1.441640833	1.436405507	1.442210374
	1.422820082	1.401923779	1.422820082	1.452699537	1.438057873
	1.460858111	1.464375428	1.453859242	1.46023201	1.438057873
	1.229896511	1.353985821	1.456539387	1.460920662	1.456539387
	1.470723591	1.47219209	1.471185434	1.462827126	1.462827126
	1.468305317	1.466364547	1.358204473	1.358204473	1.341576732
	1.316770231	1.341073294	1.308282966	1.308282966	1.299068674
	1.284633217	1.276339318	1.401923779	1.390336856	1.374320288
	1.442210374	1.435836838	1.423623668	1.445440462	1.422820082
	1.404699529	1.41183443	1.449947613	1.44647681	1.467667651
	1.460858111	1.460854706	1.456264364	1.363266827	0.6148227537
	1.257717216	1.423623668	1.456539387	1.458750392	1.460920662
	1.463428016	1.465644526	1.464431939	1.461663288	1.460695588
	1.461752544	1.357821443	1.348300919	1.341073294	1.330491309
	1.309850783	1.318816624	1.308282966	1.299068674	1.307755197
	1.390336856	1.374320288	1.374320288	1.439663858	1.420955057
	1.439663858	1.417356816	1.405622903	1.449947613	1.442983931
	1.442983931	1.442983931	1.464095357	1.461217548	1.311502441
	0.6246044916	1.253201303	1.303481785	1.253201303	1.429620794
	1.443105935	1.420955057	1.457748665	1.455042477	1.45496988
	1.462160899	1.465644526	1.459325539	1.459325539	1.45798917
	1.456469377	1.457748665	1.364637505	1.346727005	1.337082392
	1.330491309	1.318816624	1.318816624	1.307755197	1.383238411
	1.383238411	1.364637505	1.429620794	1.434546255	1.410995618
	1.389726614	1.442188706	1.458554903	1.460862043	1.482484272
	1.460862043	1.458554903	1.339428729	0.6246044916	1.240286291
	1.240286291	1.274166431	1.414375582	1.434546255	1.383101689
	1.418680108	1.457748665	1.451987769	1.456038061	1.456038061
	1.454748633	1.451002352	1.447950292	1.448084673	1.452338285
	1.35854868	1.333917889	1.333917889	1.319048272	1.309775641
	1.383238411	1.35854868	1.40223934	1.418247977	1.434546255
	1.389726614	1.440318319	1.458554903	1.441526442	1.460862043
	1.609426376	1.648604747	1.240433709	1.287945907	1.240286291
	1.24899666	1.440318319	1.384322717	1.418247977	1.443765828
	1.448084673	1.456038061	1.454748633	1.449687111	1.446039838
	1.447950292	1.446175098	1.452338285	1.35854868	1.333917889
	1.287945907	1.321498757	1.318720116	1.373324482	1.353998939
	1.409334893	1.418247977	1.431895105	1.390269257	1.443765828
	1.443226096	1.441526442	1.307936154	1.240433709	1.27842594
	1.299019172	1.23322755	1.23322755	1.432750905	1.379221429
	1.40872612	1.441725349	1.441725349	1.446706368	1.446705949
	1.446622427	1.446120762	1.446039838	1.443745556	1.353998939
	1.342617352	1.299019172	1.321498757	1.36700125	1.355228654
	1.399293441	1.418271459	1.432750905	1.399293441	1.438300242
	1.307936154	1.443226096	1.442743289	1.327515684	0.5367811907
	1.292738711	1.292738711	1.111330807	1.291179997	1.378790931
	1.421527048	1.414301414	1.441725349	1.443745556	1.442743289
	1.441472439	1.441472439	1.441179505	1.443745556	1.355228654
	1.342617352	1.315509786	1.371303181	1.378790931	1.399293441
	1.416149707	1.398843518	1.428845549	1.428560355	1.442743289
	1.431631829	1.419677479	1.243167884	0.6543816988	1.318748438
	1.331631076	1.368086625	1.368086625	1.378790931	1.421527048
	1.416149707	1.230496813	1.43048952	1.434952197	1.435937235
	1.44222815	1.435937235	1.343693996	1.331631076	1.331631076
	1.370303492	1.382399115	1.407244528	1.419149897	1.396534992
	1.428845549	1.428560355	1.434952197	1.431631829	1.399108194
	1.160256508	1.160256508	1.342249441	1.368086625	1.342249441
	1.381609282	1.419149897	1.403646947	1.171373795	1.424581222
	1.435379554	1.435937235	1.429902244	1.358576595	1.349975042
	1.371679657	1.381609282	1.403646947	1.403280592	1.381609282
	1.424581222	1.413842241	1.423036864	1.422484989	1.430312361
	1.267613917	1.305513844	1.342249441	1.298629108	1.331785362
	1.195370135	1.424581222	1.421377237	1.418795566	1.349975042
	1.340657019	1.371679657	1.385919318	1.403280592	1.403280592
	1.385919318	1.411252634	1.404910856	1.421194689	1.419468315
	0.555530831	1.328499773	1.331785362	1.326672912	1.421746401
	1.421194689	1.418795566	1.418795566	1.408887381	1.362713346
	1.352227355	1.362713346	1.385919318	1.399279349	1.387563302
	1.399279349	1.419468315	0.5846610193	1.329933266	1.329933266
	1.147903179	1.411358482	1.408887381	1.374816301	1.374941762
	1.384216153	1.399741473	1.400768477	1.384216153	1.388791663
	1.459500956	1.344584111	1.329933266	1.37462756	1.415540281
	0.9541743777	1.390570856	1.390570856	1.378151314	1.384216153
	1.399944203	1.388791663	1.388791663	1.459500956	0.6987839761
	1.370291499	1.353526948	1.390570856	1.378151314	1.385787212
	1.385787212	0.9060865281	1.360338954	1.353526948	1.406550833
	1.360338954	0.8198193621	0.6961437954	0.7250413214	