5884	
	1.999801029	2.000263393	2.000263393	2.001809676	2.000946924
	1.998307632	1.995962155	2.001809676	2.000252864	1.998307632
	1.998307632	1.993249165	2.002017187	2.002017187	2.001884147
	2.000871178	2.000252864	1.99806969	1.993249165	1.993249165
	2.00218775	2.002549292	2.00218775	2.004804107	2.000172944
	2.000182509	2.000182509	1.995458165	1.990406682	2.002979743
	2.005263315	2.00218775	2.004804107	2.008491057	2.005019779
	2.000500226	1.997913702	1.993944688	1.993944688	1.999131528
	1.99908648	2.001971217	1.996105777	2.008491057	2.008183349
	1.999615213	2.005019779	2.008183349	2.005019779	2.000500226
	2.000500226	2.00170644	1.993944688	1.988618223	1.98638512
	2.00169853	1.996160644	1.996105777	1.996105777	2.014596249
	2.006176236	2.022836808	1.999793718	1.985522036	2.006265931
	2.019642803	2.006265931	2.00170644	2.025066929	2.006368704
	1.993147806	1.990183349	1.983223766	1.996160644	1.999793718
	1.9917351	2.004489226	2.025861424	2.025861424	2.03566308
	1.977731399	1.980603869	2.019642803	2.019642803	2.019976635
	2.006368704	2.025066929	2.004308432	1.996379783	1.98795039
	1.983223766	2.004489226	1.997942178	1.974852059	2.02987243
	2.004851337	2.03566308	2.025861424	2.035624627	2.03566308
	2.039540229	1.980603869	1.980603869	2.035291524	2.016683188
	2.014103393	2.051574354	2.035291524	1.996379783	2.016415549
	1.996379783	1.983234896	1.983234896	2.004851337	1.994404807
	1.974852059	2.02987243	2.035624627	2.043244716	2.028873701
	2.055845971	2.055845971	1.970268285	1.955847406	2.070740176
	2.070740176	2.035291524	2.039180377	2.058075741	2.062032113
	2.03467818	2.007258873	2.007258873	2.062032113	1.992837479
	1.97791566	1.979136659	1.965141849	2.008572665	1.995780983
	2.028873701	2.072695256	2.066035635	2.036193501	2.098924251
	2.072695256	1.942191768	1.942191768	2.103201886	2.103201886
	2.098924251	2.049040663	2.062032113	2.03467818	2.023232344
	2.007258873	2.098216315	1.97791566	1.97791566	1.951187821
	1.942714928	1.970610923	1.999849865	2.008572665	2.036193501
	2.094309118	2.036193501	2.066035635	2.127393635	2.102743079
	2.152885306	1.939185418	1.920453265	2.103201886	2.14765912
	2.11731444	2.180926525	2.054919351	2.064306117	2.045628842
	2.045628842	2.008278371	2.098216315	2.098216315	1.986112655
	1.959774538	1.935168077	1.947645639	2.001839482	1.975243153
	2.028471268	2.028471268	2.102743079	2.066572177	2.066572177
	2.152885306	2.121400345	2.152885306	1.939185418	1.920453265
	2.14765912	2.180926525	2.232829841	2.197836222	2.14765912
	2.149852442	2.091355344	2.060330173	2.030593351	2.006366787
	2.109503148	2.116283388	1.977539114	1.977539114	1.935168077
	1.947645639	1.947645639	2.021357785	1.975243153	2.021357785
	2.075882616	2.121400345	2.104586747	2.044879677	2.150514414
	2.121400345	2.147591931	2.22642114	1.912732752	1.8826989
	2.232829841	2.169280056	2.197836222	2.232829841	2.197836222
	2.196214456	2.109503148	2.061362183	2.00891292	2.006366787
	2.109503148	2.150136522	1.967272161	1.967272161	1.892900019
	1.917821401	1.950047437	1.983899395	2.014842759	2.077925079
	2.104586747	2.104586747	2.044879677	2.009615538	2.201407245
	2.201407245	2.149052078	2.22642114	2.271154035	1.8826989
	1.8826989	2.282637077	2.178018757	2.219085883	2.282637077
	2.227373093	2.183972297	2.061362183	2.061362183	2.031668569
	2.028711823	2.097359505	2.178018757	1.995404673	1.913226217
	1.869145156	1.903686233	1.94330013	1.979356999	2.009615538
	2.009615538	2.077925079	2.132861503	2.079872845	2.074103616
	2.201407245	2.198426147	2.16226553	2.273607101	2.291896512
	2.291896512	1.850553375	1.903686233	1.850553375	2.328936378
	2.328936378	2.193103316	2.229327826	2.305933998	2.288147816
	2.250705535	2.250705535	2.098468531	2.031668569	2.031668569
	1.987653867	2.136788647	2.17621717	1.943221423	1.869145156
	1.869145156	1.903686233	1.96411817	1.96411817	2.023026367
	2.032262525	2.127321622	2.127321622	2.074103616	2.224813642
	2.195483182	2.195483182	2.273607101	2.338051927	2.3164435
	1.885127158	1.850553375	1.861946873	1.842716036	2.370074002
	2.370074002	2.400679753	2.361163454	2.328936378	2.306615511
	2.175335228	2.299140629	2.299140629	2.250705535	2.254517048
	2.101834499	2.066068353	2.066068353	1.943221423	2.135800463
	2.187087259	1.943221423	1.837646512	1.806266316	1.950696906
	1.978594476	1.982068615	2.023026367	2.165786719	2.059724576
	2.127321622	2.226664643	2.197644593	2.197644593	2.283437581
	2.368128691	2.283437581	2.360403541	2.402856376	1.904916575
	1.879004374	1.844288356	1.844288356	1.809135728	2.370074002
	2.412523319	2.402856376	2.398998905	2.433005195	2.36656065
	2.350033973	2.187087259	2.329586774	2.329586774	2.269506913
	2.321711579	2.101834499	2.066068353	2.017457376	2.027373256
	2.106701518	2.187087259	1.909604616	1.957619414	1.846216652
	1.843784066	1.981872485	2.004019426	1.981872485	2.070392636
	2.150030294	2.095566784	2.150030294	2.034994435	2.263295275
	2.197644593	2.360403541	2.266260756	2.314972661	2.189110909
	2.417176502	2.404032035	2.389037817	2.369105848	2.402856376
	1.943009862	1.906734952	1.871378555	1.835730205	1.83539447
	1.79364255	2.391789594	2.417176502	2.417176502	2.398998905
	2.412523319	2.398998905	2.433005195	2.36656065	2.410985963
	2.356207387	2.224423645	2.290341289	2.329586774	2.290341289
	2.102813397	2.102813397	2.013486684	2.151760163	2.200556838
	2.013486684	1.909604616	1.957619414	1.846216652	1.818050051
	1.981872485	2.004019426	2.090499061	2.150030294	2.139692756
	2.087682683	2.032382738	2.212066809	2.241756088	2.355396167
	2.266260756	2.247700734	2.21808951	2.346863515	2.346863515
	2.355089357	2.382595803	2.382595803	2.34777529	1.906734952
	1.871378555	1.871378555	1.808001275	1.823275604	1.792908046
	2.137263607	2.38405827	2.38405827	2.468376043	2.468376043
	2.484813078	2.42616912	2.459633427	2.42616912	2.356031314
	2.402023677	2.459007609	2.40726573	2.240612791	2.323252084
	2.356031314	2.356031314	2.102813397	2.013486684	2.240612791
	2.151760163	2.163933959	2.050475345	1.99705798	1.872706211
	1.943411142	1.793405967	1.702630121	1.954501886	1.993821181
	2.139692756	2.087682683	2.087682683	2.032382738	2.032382738
	1.772498175	2.073124646	2.212066809	2.318059464	2.247700734
	2.31783161	2.247700734	2.179782533	2.353902734	2.317268566
	2.317268566	2.382595803	2.318059464	1.909973194	1.869045401
	1.823275604	1.793677914	1.793677914	1.769966644	2.678826172
	1.828320168	2.244032712	2.350352153	2.38405827	2.468376043
	2.514241609	2.514241609	2.459007609	2.493457218	2.40726573
	2.402023677	2.459007609	2.40726573	2.240612791	2.323252084
	2.372324182	2.106044186	2.108425081	2.210992003	2.266609893
	2.210992003	2.0504821	1.99705798	1.853571082	1.853571082
	1.769022507	1.702630121	1.907278334	1.987532735	2.188602952
	2.140457048	2.080561131	2.055645388	2.01760123	2.554218466
	1.640713287	2.073124646	2.215133152	2.331386243	2.31783161
	2.239781756	2.267577988	2.188602952	2.188602952	2.317268566
	2.215133152	2.335195327	2.230955473	2.342834633	1.907278334
	1.854983407	1.835346561	1.793677914	1.788987803	1.769966644
	2.92443841	2.244032712	2.350352153	2.405919009	2.405919009
	2.480439862	2.496876646	2.489797937	2.489797937	2.492940056
	2.415300773	2.446498528	2.359874082	2.372324182	2.359874082
	2.108425081	2.097686269	2.305416911	2.2067532	2.0504821
	1.973062698	1.769022507	1.903365095	1.769022507	1.740957895
	1.906895339	1.926778015	2.074360236	2.152767376	2.074360236
	2.022842007	1.98282884	2.554218466	1.577640094	2.027332441
	2.067260003	2.256049336	2.26690304	2.185999625	2.128668422
	2.182920453	2.256989298	2.230955473	2.230955473	2.182920453
	1.854983407	1.878283525	1.854983407	1.802421678	1.762278443
	1.773126491	1.762278443	3.143774085	2.140517564	2.497704775
	2.497704775	2.506269781	2.518940868	2.541040541	2.489942954
	2.446498528	2.419677774	2.446498528	2.348562274	2.3869499
	2.357512506	2.268316984	2.097686269	2.097686269	2.2067532
	2.040589549	2.043849355	1.903365095	1.834697392	1.888068685
	1.740957895	1.720509894	1.878283525	1.906895339	1.949278026
	2.074360236	2.128668422	2.084083375	2.022842007	1.994612331
	1.973168448	2.334586936	1.538081284	2.067260003	2.067260003
	2.21829761	2.113290102	2.182920453	2.21829761	2.190532625
	2.159365193	1.878283525	1.862984011	1.802421678	1.802421678
	1.764003148	1.743583547	1.72628694	3.509854958	2.308251028
	2.497704775	2.506269781	2.506269781	2.489942954	2.542034143
	2.489942954	2.467778454	2.462824175	2.3869499	2.56572845
	2.268316984	2.366747286	2.366747286	2.268316984	2.419627322
	2.151530682	2.213910112	2.021146331	2.090595409	1.962173373
	1.802023456	1.802023456	2.055262425	1.801107389	1.694467046
	1.84790557	1.949278026	2.055262425	2.113290102	2.035347167
	2.010457363	1.956037978	1.973168448	2.503018735	1.52730929
	1.914370926	2.022739145	2.105464965	2.049368721	2.105464965
	2.036345884	2.196201909	2.159365193	1.84790557	1.843704638
	1.807192386	1.8264531	1.776953912	1.743583547	1.743583547
	1.718358966	3.437807473	2.341745822	2.645964508	2.636190717
	2.613007787	2.581932529	2.613007787	2.459167719	2.467778454
	2.533275495	2.540600561	2.213910112	2.315053803	2.366747286
	2.398078143	2.090595409	2.216807642	2.02114748	2.090595409
	1.962173373	2.143826927	1.802023456	1.871826927	1.68008815
	1.560691156	2.049368721	1.887207748	1.862570974	2.035347167
	2.055454034	1.966360033	1.941503446	1.904301845	2.503018735
	1.501364732	1.914370926	2.036345884	2.105464965	2.049368721
	2.086335207	2.086416648	1.8264531	1.828258335	1.784909503
	1.778933646	1.8264531	1.776953912	1.718358966	1.731277835
	1.754752508	2.459167719	3.73812356	2.528155305	2.667315141
	2.703782082	2.613007787	2.590741503	2.459013393	2.540600561
	2.334938377	2.447420406	2.315053803	2.330968653	2.315053803
	2.216807642	2.087143076	2.014980216	1.940919235	2.087143076
	1.775202004	1.775202004	1.664983196	1.664983196	2.012261606
	2.022853325	1.870981145	1.966360033	1.966360033	1.941503446
	1.854755691	2.396171192	1.556421674	1.96389784	2.037647577
	2.086416648	2.020985404	1.844078559	1.844078559	1.778933646
	1.7739231	1.778933646	1.806962255	1.73852728	1.754752508
	1.749374824	1.754752508	2.46637198	2.508156572	4.01918631
	2.829468454	2.7572764	2.7572764	2.590741503	2.590741503
	2.581464043	2.378440438	2.438194781	2.522879137	2.278849889
	2.278849889	2.214892304	2.087143076	2.008417981	1.861010719
	2.214892304	1.768113369	1.861010719	1.658002985	1.54722449
	1.940172061	1.987551879	1.922580502	1.820460948	1.940172061
	1.896205509	2.396171192	1.893484244	1.939016778	1.939016778
	1.987551879	1.789435467	1.844078559	1.757530103	1.7739231
	1.751678423	1.751678423	1.751779416	1.760224951	1.740824021
	1.708797492	1.731470618	1.757633423	2.581464043	4.01918631
	2.740659716	2.7572764	2.831206089	2.694933183	2.694933183
	2.438194781	2.522879137	2.522879137	2.468582369	2.352492194
	2.278849889	2.214892304	2.068651883	2.008417981	1.85836378
	2.069232462	1.764031315	1.85836378	1.764031315	1.544387838
	1.940172061	1.922580502	1.922580502	1.809179611	1.81416892
	1.862429196	2.73857412	1.880246251	1.911166457	1.939016778
	1.892066256	1.809179611	1.787385943	1.787385943	1.809179611
	1.728707316	1.751678423	1.760224951	1.755305544	1.733815515
	1.727067073	1.740356139	1.731470618	1.731470618	1.76299176
	2.633801816	2.710661856	4.032337697	2.769549919	2.831206089
	2.781873103	2.781873103	2.375611733	2.409025842	2.468582369
	2.633801816	2.262134042	2.335674636	2.212770886	2.085417351
	2.085417351	2.012246354	2.085576147	1.764031315	1.852265896
	2.010937191	1.65980355	1.656919297	1.911166457	1.877301381
	1.880818323	1.766029427	1.862429196	1.877301381	2.64454835
	1.904284869	1.852220167	1.904284869	1.852220167	1.755305544
	1.781167689	1.787385943	1.72431986	1.728707316	1.724635471
	1.732673745	1.733815515	1.71013177	1.732971352	1.727067073
	1.738951307	1.745655579	1.738951307	1.76299176	1.76299176
	2.65358157	2.713555428	2.827855068	4.452786567	3.222753488
	2.88101064	2.827855068	2.409025842	2.409025842	2.558314692
	2.551786812	2.390374102	2.323251569	2.299495957	2.22456153
	2.010937191	2.083368364	2.010937191	2.083368364	1.86025577
	1.767823414	1.939259777	1.679100783	1.679100783	1.899723961
	1.831424128	1.744710504	1.766029427	1.831424128	2.672811953
	1.904284869	1.852220167	1.880827866	1.725229388	1.713121651
	1.72431986	1.750280053	1.732673745	1.732673745	1.69901262
	1.706204565	1.713982778	1.706773801	1.744924799	1.753845833
	1.710020641	1.754509414	1.754509414	2.713555428	2.793581735
	2.988091374	4.521702153	3.294810919	2.988091374	2.450686761
	2.564028983	2.547947552	2.754088248	2.369302913	2.295400519
	2.22456153	2.015327962	2.083368364	2.158653748	2.162646477
	2.162646477	1.774111935	1.869031359	1.870524281	1.679100783
	1.774111935	1.702775499	1.702775499	1.820233117	1.761154543
	1.744710504	1.78063242	2.672811953	1.875723375	1.880827866
	1.820233117	1.713982778	1.667165344	1.771863256	1.740287975
	1.712084259	1.676604338	1.69901262	1.742590466	1.72006606
	1.676604338	1.706204565	1.706204565	1.754335508	1.72107654
	1.726106862	1.726106862	1.724413228	1.753916084	1.75940524
	1.759910669	1.721455579	2.792538476	2.793581735	3.198828626
	4.803805581	3.200561849	2.450686761	2.547947552	2.547947552
	2.792538476	2.564028983	2.295400519	2.289150184	2.291115234
	2.020184737	2.081905345	2.151825281	2.232538608	1.774111935
	2.034349925	1.889227579	1.889227579	1.82883909	1.82883909
	1.729958327	1.820233117	1.826519482	3.093754959	1.880170775
	1.901671393	1.667165344	1.745239793	1.667165344	1.719471953
	1.712084259	1.676604338	1.714783796	1.702446852	1.687812937
	1.687812937	1.758095125	1.759910669	1.72107654	1.726106862
	1.714783796	1.729976368	1.757044089	1.753628429	1.759910669
	2.792538476	3.067509666	3.200561849	4.803805581	2.457544205
	2.775595625	2.563195849	2.890897031	2.775595625	2.289150184
	2.289150184	2.232538608	2.034349925	2.151825281	2.151825281
	2.129743888	2.241388669	1.976712773	2.034349925	1.889227579
	1.826519482	1.629462756	1.831868892	1.854640402	1.854640402
	1.901671393	1.745239793	3.159422071	1.965912148	1.722355445
	1.752673253	1.752673253	1.708450409	1.688952401	1.724970792
	1.702446852	1.702446852	1.732483986	1.762846886	1.751847878
	1.779131015	1.726575173	1.717994077	1.754137241	1.726575173
	1.739264878	1.757230585	3.067509666	3.067509666	4.813781808
	2.457544205	2.773109482	2.457544205	2.657524763	2.930830165
	2.376222511	2.376845761	1.976712773	2.034319305	2.178434853
	2.24839435	2.133939603	2.192595636	1.996211098	1.801108433
	1.76622006	2.039575909	1.854640402	1.761367001	1.76995232
	1.996128821	1.92075206	1.828467471	3.183906886	1.675415473
	1.688952401	1.752673253	1.743117839	1.708433488	1.688952401
	1.724970792	1.717994077	1.732483986	1.784816323	1.794348968
	1.783288519	1.784594279	1.717994077	1.754137241	1.774707431
	1.794875196	1.725956198	2.930830165	3.297980757	4.813781808
	2.376222511	2.551850557	2.773109482	2.553362725	3.091707226
	2.376222511	2.313748684	2.385554693	2.09186435	2.24839435
	2.178434853	2.213150214	2.213150214	2.09186435	2.11005783
	1.840309065	1.840309065	1.922544601	2.042878902	2.057269132
	1.784523563	1.792830722	1.792830722	1.789992753	1.92075206
	1.92075206	1.803032629	3.252503938	1.73057118	1.711578818
	1.796209355	1.743117839	1.711046593	1.739124209	1.709017052
	1.709017052	1.771409631	1.741623502	1.76608667	1.784816323
	1.784816323	1.794348968	1.813129361	1.794904233	1.782591544
	1.794904233	1.807377056	1.812295826	3.333279608	3.333279608
	5.093620684	2.562848364	2.922340705	2.670361272	2.922340705
	3.079333449	2.385554693	2.340409847	2.562848364	2.213099633
	2.281494391	2.213099633	2.340409847	2.172156126	2.172156126
	1.885013182	1.885013182	1.960440831	2.080072529	2.118197496
	2.083050584	1.82294386	1.77599369	1.792830722	1.791079407
	1.825736273	1.911441001	1.824754179	1.911441001	3.605377676
	1.710591495	1.711578818	1.745395569	1.858329964	1.823829693
	1.737630853	1.779431262	1.779431262	1.774718453	1.784042804
	1.800130437	1.813129361	1.807377056	1.815311577	1.812394164
	1.766872059	1.806397764	1.842584864	3.333279608	6.224596451
	2.562848364	2.784740331	2.922340705	2.784740331	3.079333449
	2.482456846	2.482456846	2.213099633	2.240732218	2.360486853
	2.281494391	2.455611398	2.197842755	1.87494719	1.885013182
	1.889836061	2.11687434	2.167740351	2.167740351	1.829847036
	1.8536053	1.818755574	1.831595179	1.862767021	1.853522905
	1.911441001	2.009718492	3.254148914	1.745395569	1.745395569
	1.894852262	1.823829693	1.808732056	1.842584864	1.813391799
	1.784042804	1.784042804	1.768508616	1.864942151	1.884579561
	1.887262089	1.887262089	1.853011606	1.858661734	1.842584864
	1.853011606	1.837913367	1.866209366	3.10357902	4.891932389
	2.565016408	2.779535811	2.784740331	2.777047871	3.096181963
	2.482456846	2.263623551	2.328799521	2.278289611	2.360486853
	2.455611398	2.263623551	2.263623551	2.565247022	1.935134189
	2.034672904	2.034672904	2.092288465	2.198491821	2.198491821
	1.842320201	1.8536053	1.879555782	1.86978028	1.853522905
	1.883035374	1.883035374	1.901686627	2.009718492	3.254148914
	1.792574591	1.781506037	1.975834699	1.848863946	1.813391799
	1.781506037	1.848863946	1.864942151	1.898404827	1.921651425
	1.952553376	1.90884987	1.90884987	1.866209366	1.874227221
	1.935905099	1.89362113	3.232581728	4.890645995	2.775669333
	2.7639133	2.7639133	2.885647244	2.467958201	2.565247022
	2.330146974	2.360751978	2.378962294	2.467958201	2.252006288
	2.330146974	2.565247022	2.690066651	2.034992626	2.034992626
	2.034672904	2.173524986	2.173524986	2.198491821	2.264866545
	2.348237444	1.890217244	1.908417982	1.938329119	1.850462341
	1.886609916	1.916487316	1.896843353	1.938329119	1.96836552
	1.976635743	1.96836552	1.901686627	1.883035374	1.935538679
	1.901686627	1.975834699	3.156772179	1.852713857	1.821083869
	1.907141523	1.825152696	1.848863946	1.891985431	1.818922331
	1.923956603	1.976787049	1.952553376	1.921651425	2.002549754
	1.90884987	1.917129602	1.935905099	1.976789521	3.163629651
	4.730897771	2.743723193	2.852776852	2.977925892	2.467958201
	2.560769093	2.433473262	2.433473262	2.479983735	2.49006255
	2.305106514	2.560769093	2.614936162	2.572938617	2.164493292
	2.034992626	1.993342441	2.164493292	2.173524986	2.326703297
	2.248444236	2.305106514	2.348237444	2.360999489	1.912669916
	1.928123723	1.938602349	1.896843353	1.895798797	1.940932708
	1.912669916	1.999533657	1.988931659	1.991767894	2.003325668
	1.952706204	1.976635743	1.965470677	1.976635743	2.001135685
	1.999533657	1.964070997	1.935538679	1.935538679	1.987229239
	1.910766143	3.2465526	1.835813337	1.881357495	1.881357495
	1.854965205	1.891985431	1.891985431	1.885146984	1.964070997
	1.976787049	2.031638476	2.002549754	1.990817022	1.982262347
	1.990817022	1.976789521	3.120100652	4.730897771	2.852776852
	2.743723193	2.977925892	2.543891375	2.433473262	2.477324373
	2.543891375	2.65679325	2.65679325	2.584632695	2.196553791
	2.197873417	2.161455865	2.131738454	2.344016294	2.232928979
	2.309642595	2.309642595	2.360999489	2.446113203	2.360999489
	1.912669916	1.928123723	1.942335332	1.910362983	1.967859231
	1.989128859	1.954751045	1.999533657	1.996072229	2.000160263
	1.992926235	1.965470677	1.985262551	1.965475584	2.004995778
	2.004995778	2.000397838	2.001647155	2.003360171	1.997589924
	2.000081858	2.018630344	2.002268832	2.000428528	2.000428528
	1.88689974	2.986872722	1.854965205	1.881357495	1.854965205
	1.899910901	1.985083376	1.92854828	2.035992629	2.018630344
	2.079071663	2.06040493	1.990817022	2.031933938	2.055641983
	3.06474052	4.681934094	2.851698186	2.721686926	2.860718619
	2.543891375	2.446113203	2.477324373	2.667666249	2.584632695
	2.584632695	2.196553791	2.196553791	2.230370121	2.201830583
	2.177805198	2.344016294	2.344016294	2.3247696	2.3247696
	2.482033841	2.403064763	2.450169668	1.972310961	1.972310961
	1.962050815	1.967859231	2.000329313	1.989128859	1.96481772
	2.002716886	1.996476137	1.996476137	1.993995847	1.978445918
	1.978445918	2.000860367	2.000397838	1.999808588	2.003360171
	2.001874881	2.000115005	2.001874881	1.999906866	2.000081858
	2.001447491	2.018630344	2.016738868	2.000428528	2.030100162
	1.81861726	2.986872722	1.913833908	1.865630818	1.913833908
	2.031933938	2.042383402	2.042383402	1.976841605	2.06040493
	2.079071663	2.048209728	2.079071663	2.101135648	2.101135648
	2.043077555	2.860718619	4.453611075	2.755918432	2.721686926
	2.776279175	2.6117959	2.525890955	2.6117959	2.570127532
	2.405584616	2.639491084	2.318745263	2.294209084	2.238218817
	2.205689335	2.226229949	2.217298754	2.397469237	2.331899705
	2.3247696	2.525890955	2.455892105	2.459522622	1.972310961
	2.00126778	2.00126778	2.000329313	2.000329313	2.055553981
	1.991165726	2.005525002	2.005525002	1.993995847	1.987413258
	1.993229317	2.000860367	2.001447491	1.998385213	1.998360284
	2.001276679	2.001874881	1.998884928	2.004385127	2.001447491
	2.058547862	2.055553981	2.097458349	1.679693493	2.856647683
	1.913833908	1.942295304	1.976841605	2.093691134	2.042383402
	2.05066475	2.10340059	2.089921365	2.131773672	2.131773672
	2.101135648	2.127416275	2.706171428	3.941884949	2.730547222
	2.633536073	2.776279175	2.570127532	2.536348316	2.555946398
	2.51956022	2.42570188	2.42570188	2.601214218	2.318745263
	2.318745263	2.294209084	2.302554935	2.226229949	2.217298754
	2.217298754	2.633536073	2.397469237	2.384150265	2.536348316
	2.485644616	2.497325739	1.991165726	2.025064294	2.004231438
	2.100295764	2.067333246	2.005229331	2.067333246	2.013598667
	2.005525002	2.00352368	2.00352368	2.024109518	2.009455446
	2.007546262	2.00509546	1.998360284	1.998360284	2.003261215
	2.000032675	2.000032675	2.004385127	2.003361579	2.009455446
	2.097458349	2.097458349	1.679693493	2.602318793	2.006620052
	1.925863367	2.006620052	2.144555452	2.093691134	2.06205799
	2.137034634	2.146754932	2.15716665	2.1563518	2.192669402
	2.180673961	2.706171428	3.674177581	2.633536073	2.610572705
	2.555946398	2.555946398	2.409253956	2.497325739	2.463724888
	2.463724888	2.565537208	2.385243753	2.385243753	2.345894493
	2.329544169	2.330561573	2.310582987	2.311404095	2.569293574
	2.431153855	2.431153855	2.527360011	2.491476855	2.497325739
	2.015785162	2.138152234	2.025064294	2.024506242	2.102023255
	2.067333246	2.046361655	2.046361655	2.015785162	2.037974727
	2.039113919	2.024109518	2.019807987	2.023498489	1.993583383
	1.995790908	2.002672951	1.995790908	2.003361579	2.011277548
	2.019807987	2.011277548	2.146754932	1.925863367	2.909102255
	2.006620052	1.891594426	2.049669572	2.180673961	2.144555452
	2.10204141	2.178005981	2.175697036	2.15716665	2.227656007
	2.227656007	2.215909535	2.700335213	3.585315616	2.65851695
	2.610572705	2.542754254	2.52546777	2.518134476	2.463724888
	2.447288364	2.447288364	2.542754254	2.384574961	2.385243753
	2.345894493	2.345894493	2.329544169	2.310582987	2.353274916
	2.310582987	2.503471461	2.431153855	2.527360011	2.516230779
	2.501013517	2.516230779	2.169583303	2.169583303	2.028477726
	2.032708047	2.138152234	2.077911756	2.077911756	2.104459347
	2.072647392	2.07678947	2.180019775	2.039113919	2.072395189
	2.039113919	2.019807987	1.991577537	1.994840108	1.998050809
	2.002447271	2.020923574	2.011034595	2.019530531	2.019530531
	2.213343461	1.891594426	2.676821197	2.049669572	1.870115659
	2.049669572	2.13353848	2.218583094	2.218583094	2.134995082
	2.213343461	2.237961819	2.259502767	2.271513356	2.254611558
	2.441696804	3.331994934	2.503471461	2.510516114	2.52546777
	2.52546777	2.489339818	2.454626248	2.468379424	2.481542481
	2.439817529	2.388133437	2.388133437	2.407775334	2.392994582
	2.388629643	2.394521547	2.353274916	2.481542481	2.463234396
	2.439817529	2.500398641	2.516230779	2.489339818	2.476433975
	2.496240525	2.2271278	2.180019775	2.040791834	2.040791834
	2.16357472	2.077911756	2.104459347	2.158112704	2.054606132
	2.054606132	2.083768114	2.072059161	2.048336239	1.994840108
	1.993567014	2.001524189	1.99870558	2.026579965	2.020923574
	2.015086534	2.015086534	2.2271278	2.254991495	1.528612351
	2.676821197	2.016437238	1.899706585	2.150448425	2.297678847
	2.239825439	2.275904946	2.254991495	2.259502767	2.259502767
	2.289142802	2.269771857	3.055162083	2.38907686	2.38907686
	2.512469651	2.458245931	2.483886761	2.468379424	2.481542481
	2.428864928	2.412501011	2.412501011	2.432359596	2.42500815
	2.423318373	2.388629643	2.422643038	2.435733068	2.464205929
	2.449015782	2.457406073	2.505582396	2.512469651	2.505582396
	2.479830511	2.466203879	2.473380745	2.2271278	2.199352343
	2.071795973	2.158112704	2.142251283	2.183956428	2.183956428
	2.097979018	2.071115759	2.132907421	2.097979018	2.060243673
	1.993567014	1.993567014	2.053119268	2.008605789	2.020254967
	2.015086534	2.287383412	2.291491911	2.291491911	1.485554782
	2.497680636	2.016437238	1.972903742	2.122925605	2.289142802
	2.275904946	2.257730765	2.318141803	2.330293292	2.289142802
	1.977844068	3.055162083	2.38907686	2.213826187	2.448089031
	2.465451907	2.470005369	2.411918189	2.449414725	2.449414725
	2.448858081	2.456498616	2.453180722	2.423318373	2.423318373
	2.451578283	2.310676222	2.457119349	2.467841828	2.457119349
	2.505582396	2.448089031	2.472077183	2.454007337	2.454007337
	2.473380745	2.272792853	2.257309973	2.090122259	2.090122259
	2.204744279	2.170811766	2.190733742	2.097979018	2.142872619
	2.129558511	2.075489683	1.994351001	1.992733501	1.992733501
	2.053119268	2.053119268	2.008605789	2.020254967	2.287383412
	2.350692362	2.350692362	2.287383412	1.972903742	2.333149956
	2.094982636	2.031117917	2.301357924	2.327066119	2.337817774
	2.301357924	2.318141803	2.351236141	2.351236141	2.213826187
	2.688177925	2.229305657	2.229305657	2.403097761	2.457319929
	2.45585298	2.37162005	2.467841828	2.469367954	2.4911512
	2.476086331	2.498464164	2.475631508	2.490627691	2.48718214
	2.310676222	2.447489839	2.461265216	2.467841828	2.445081109
	2.429246493	2.385532099	2.454007337	2.432332489	2.416019552
	2.45585298	2.427219504	2.257309973	2.233531375	2.090122259
	2.133536565	2.15815682	2.229671094	2.190733742	2.190733742
	2.15815682	2.075489683	2.089862672	1.992551957	1.992733501
	1.999666023	2.005962821	2.048531921	2.035392468	2.012597371
	2.311070756	2.332375424	2.364351801	2.369014649	2.031117917
	2.488255495	2.209245247	2.031117917	2.301357924	2.327066119
	2.357571882	2.357571882	2.351236141	2.362471165	1.882223675
	2.593297299	2.229305657	2.006166383	2.37162005	2.457319929
	2.37162005	2.461265216	2.469367954	2.476086331	2.527238588
	2.522116504	2.475631508	2.544847694	2.475631508	2.469880726
	2.473049832	2.243325098	2.445081109	2.461265216	2.445081109
	2.41546606	2.393452765	2.341963704	2.398700629	2.393452765
	2.375326853	2.392152957	2.427219504	2.303552918	2.247899135
	2.247899135	2.099409777	2.133536565	2.171290502	2.195311913
	2.195311913	2.113602033	2.089862672	2.064641851	2.064641851
	1.991248999	1.991248999	1.995499101	1.995499101	2.054264495
	2.032571499	2.041032176	2.303552918	2.354800081	2.344098017
	2.408172143	2.369014649	1.635621441	2.488233306	2.138573954
	2.152802786	2.300162028	2.379685863	2.400679664	2.397861625
	2.38069675	2.43080431	2.439614426	2.006166383	2.593297299
	2.045431907	2.045431907	2.226381637	2.226421753	2.428951832
	2.466714359	2.483876433	2.490868771	2.541674634	2.56861456
	2.56861456	2.566528734	2.489417774	2.491567725	2.473049832
	2.473049832	2.054359949	2.41546606	2.451045672	2.428951832
	2.41546606	2.393452765	2.337789757	2.325958142	2.353288513
	2.375326853	2.392152957	2.338208644	2.312939855	2.270704367
	2.232573481	2.270704367	2.15281229	2.171290502	2.171290502
	2.116733389	2.116733389	2.070164166	2.332519358	1.988100566
	1.988100566	1.995499101	2.006108307	2.025097546	2.025097546
	2.070164166	2.408172143	2.354800081	2.365157418	2.404488177
	2.404488177	1.769637222	2.684810763	2.300162028	2.300162028
	2.433882718	2.43080431	2.451274728	2.43080431	2.460316942
	1.916554933	1.916554933	2.610404268	2.054359949	2.132717952
	2.226421753	2.424504936	2.440260284	2.492450139	2.498181458
	2.624379478	2.56861456	2.614644273	2.566528734	2.566528734
	2.494534967	2.451045672	1.998880541	2.132717952	2.395849795
	2.451045672	2.395849795	2.343669144	2.316906524	2.225026593
	2.127023776	2.225026593	2.316906524	2.334265614	2.291920542
	2.338208644	2.338208644	2.297319291	2.270704367	2.238903532
	2.238903532	2.176174939	2.204522247	2.116733389	2.162591537
	2.070164166	2.365157418	2.330211155	1.979063648	1.978542165
	1.991774689	2.025097546	2.033823821	2.033823821	2.090897429
	2.429567689	2.365157418	2.404488177	2.415630811	2.202165713
	2.920056188	2.262453284	2.262453284	2.433882718	2.460316942
	2.479298505	2.436224999	2.452397661	2.479298505	1.916554933
	1.913888039	2.40691646	1.998880541	2.132717952	2.36945458
	2.532602266	2.532602266	2.648566609	2.648566609	2.653888592
	2.575173237	2.558334766	2.505281519	2.446827608	2.473497911
	1.998880541	2.055293703	2.3430385	2.343669144	2.446827608
	2.389674666	2.36945458	2.3430385	2.339611668	2.255100998
	2.127023776	2.225026593	2.12491517	2.28482429	2.316906489
	2.171792734	2.267279847	2.267279847	2.297319291	2.250500069
	2.224958035	2.200816659	2.200816659	2.121355022	2.177785788
	2.129098719	2.351501954	2.330211155	1.971790545	1.991774689
	1.991774689	2.008374277	2.034283905	2.036535402	2.090897429
	2.433159064	2.427756048	2.427756048	2.407685219	1.940485587
	2.981085896	2.336459016	2.425699139	2.414382228	2.507385448
	2.468762673	2.444509773	2.468762673	1.403606035	1.739622316
	2.197840739	1.805914762	1.955501752	2.532602266	2.542770086
	2.708386173	2.648566609	2.645204207	2.614883484	2.614883484
	2.607101838	2.562371136	2.537067819	2.455331818	2.446827608
	2.396633526	1.934079208	1.950708965	2.320273394	2.308603814
	2.33141208	2.331945629	2.311441824	2.216784586	2.058194711
	2.184352048	2.184352048	2.171792734	2.230950691	2.171792734
	2.267279847	2.211198809	2.279853752	2.250500069	2.224958035
	2.224958035	2.188999033	2.129098719	2.129098719	2.345240736
	2.345240736	1.972160719	1.972160719	2.008374277	2.008374277
	2.034283905	2.060249964	2.099883822	2.427756048	2.420122562
	2.420122562	1.940485587	3.428457701	2.405417644	2.399977286
	2.524500044	2.484437622	2.468762673	2.517297686	2.504731814
	1.367688835	1.78669502	2.100426318	1.851932865	1.950708965
	2.537067819	2.771681501	2.771681501	2.707525551	2.765934829
	2.703586078	2.478307841	2.607101838	2.542122592	2.542122592
	2.396633526	2.396633526	2.329029206	1.794549419	1.777258801
	2.260958595	2.311441824	2.331945629	2.331945629	2.166319158
	2.166319158	2.058194711	2.058194711	2.121195931	2.112987244
	2.112987244	2.150872417	2.150872417	2.136405973	2.164316139
	2.306737684	2.217054428	2.217054428	2.135010469	2.360350599
	2.372585441	2.338645058	1.952340536	1.961922068	1.978740467
	1.996058882	2.060249964	2.060249964	2.141072611	2.457101365
	2.47488128	2.411813214	2.428370184	2.093804804	3.428457701
	2.405417644	2.526487976	2.495521094	2.526021657	2.504731814
	2.556754707	1.330970731	1.618249543	2.100426318	1.671036616
	1.801147194	2.431687751	2.152326629	2.873763084	2.771681501
	2.776166413	2.765934829	1.8641031	2.703586078	2.697039811
	2.482649366	2.586514411	2.530283877	2.387655875	2.358877706
	2.329029206	1.794549419	1.794549419	2.152326629	2.244150386
	2.26358529	2.166319158	2.047404318	2.069378367	1.89905876
	2.041364537	2.046533081	2.036842928	2.150872417	2.069378367
	2.209819419	2.254678906	2.217054428	2.141072611	2.354019903
	2.335597466	2.251367427	1.948471535	1.948471535	1.956614874
	1.996058882	2.03271159	2.106066095	2.11019239	2.347229902
	2.470486337	2.486287023	2.458689216	2.331455216	3.705782633
	2.526487976	2.526487976	2.594281163	2.54505129	2.556635551
	2.529907698	2.575440001	1.332029745	1.671036616	2.093241861
	1.671036616	1.801147194	1.8641031	2.152326629	2.175513911
	2.827661416	2.873379183	2.873379183	2.757874374	2.697039811
	1.89905876	2.589988911	2.589988911	2.387655875	2.530283877
	2.530283877	2.320376943	2.276654998	2.276654998	1.709251942
	1.619185331	2.088608752	2.175513911	2.034253955	1.993315814
	2.034253955	1.982450325	1.982450325	1.925907784	1.964931742
	1.94912237	1.976413599	2.191685715	2.220026526	2.191685715
	2.297819545	2.347229902	2.251367427	2.347229902	1.932024375
	1.956614874	1.956614874	2.025142622	2.025142622	2.067123179
	2.106864944	2.529907698	2.390994403	2.390994403	2.331455216
	4.533908606	2.72708758	2.594281163	2.594281163	2.556635551
	2.529907698	2.455847026	2.498244974	2.609304012	1.263167126
	1.510881236	2.285070188	1.611422642	1.709251942	1.792834589
	1.749910999	2.057867114	2.209096096	2.320376943	3.016918996
	2.972734037	2.959726167	2.959726167	2.718874747	2.695501145
	1.925907784	2.589988911	2.356506395	2.456112453	2.320376943
	2.184469179	2.103934102	1.616222309	1.565405058	2.05041921
	2.016645243	2.034253955	1.976061014	1.908436258	1.976413599
	1.935370906	1.925907784	1.922631383	1.976413599	1.740564788
	2.354094701	2.144216943	2.191685715	2.297819545	2.242044989
	2.354094701	1.914385659	1.941857615	1.941857615	1.97172881
	1.97172881	2.106864944	2.106864944	2.394847549	2.390994403
	2.461101885	2.72708758	3.98491282	2.655535498	2.663501464
	2.644005845	2.498244974	2.454939647	2.454939647	2.612664359
	1.29496941	1.510881236	2.087552298	1.565405058	1.647134935
	1.647108119	1.740564788	2.05041921	2.137099209	2.259287755
	2.259287755	1.544896664	3.978485861	3.048067275	3.19194642
	2.856578204	3.048067275	2.622448707	2.622448707	2.514728397
	1.815420611	2.456112453	2.184469179	2.184469179	2.008723312
	2.008723312	1.565405058	2.05041921	1.970658319	1.949538981
	1.961717408	1.915389961	1.908436258	1.837805696	1.887423537
	1.870578614	1.794396699	1.886032255	1.740564788	2.33676917
	2.194437869	2.194437869	2.229138305	2.235352997	2.307351072
	1.869553894	1.87028967	1.908763401	1.97172881	1.954010869
	2.051646719	2.151650009	2.151650009	2.367842358	2.367842358
	2.416537446	2.825483178	3.98491282	2.811978665	2.663501464
	2.836834942	2.612664359	2.516937078	2.416537446	2.454939647
	2.645132524	1.29496941	1.509411226	2.087552298	1.516830997
	1.600784541	1.647108119	1.647108119	1.600784541	2.259287755
	2.289956241	1.794396699	1.544896664	2.514728397	3.978485861
	3.978485861	3.048067275	3.18222463	2.629780466	2.845305686
	2.622448707	2.319564561	1.700970232	2.289956241	2.079477838
	2.071310984	1.981798385	1.936084121	1.936084121	1.516830997
	1.887761849	1.861408717	1.846320525	1.82697216	1.915389961
	1.837805696	1.837805696	1.866143841	1.817909295	1.794396699
	1.625297547	2.307351072	2.21293666	2.21293666	2.307351072
	1.808126908	1.808126908	1.908763401	1.954010869	1.997645362
	1.997645362	2.154367263	2.101577357	2.367842358	2.416537446
	2.889980071	4.3602022	2.811978665	2.793121887	2.39455251
	2.793121887	2.554116343	2.554116343	2.514643976	2.445878415
	2.603916041	1.391923043	1.509411226	2.221825105	1.46981128
	1.600784541	1.534923611	1.488803527	1.525848798	1.475584048
	2.289956241	1.709075141	1.500728031	2.382118151	4.696344182
	3.464677169	3.177420502	2.845305686	2.766318102	2.486794064
	2.561716126	2.486794064	2.382118151	2.319564561	1.646040955
	2.17320975	2.030743257	1.995885202	1.995885202	1.954470846
	1.936084121	1.821305569	1.405959594	1.399425132	1.887761849
	1.790485138	1.76770777	1.82697216	1.805255989	1.766533488
	1.742126216	1.686034091	1.783422263	1.646040955	1.672561765
	1.686034091	1.625297547	1.488803527	2.3111809	2.27330845
	2.204315573	1.808126908	1.892469865	1.942668832	2.204315573
	1.942668832	1.982664034	2.044722255	2.044722255	2.269152243
	2.25663545	2.889980071	4.3602022	2.953295435	2.954015715
	2.390840826	2.414348215	2.636334396	2.554116343	2.449484229
	2.636334396	1.341112901	1.461741491	2.221825105	1.405959594
	1.462949244	1.445805981	1.488803527	1.475584048	2.780505005
	2.780505005	2.387996464	2.486794064	2.435167249	2.324126879
	2.19665628	2.15474884	1.564612182	2.008333893	2.034227865
	1.995885202	1.850035514	1.799820467	1.800437839	1.399425132
	1.399425132	1.3971328	1.790485138	1.76770777	1.76770777
	1.727533065	1.732861769	1.742126216	1.624627239	1.686034091
	1.648892544	1.520854551	1.672561765	1.520854551	1.355017033
	2.269152243	2.204315573	1.772815906	2.153802155	1.796278904
	1.925347268	2.153802155	1.982664034	1.976423605	2.044722255
	2.337275488	2.25663545	2.25663545	3.349770259	4.870345017
	2.953295435	2.824609899	2.474211498	2.337275488	2.73328715
	2.474211498	2.650348512	1.309312224	1.389255887	2.412346529
	1.389255887	1.414785062	1.3971328	1.392707479	2.387996464
	2.134439006	2.277446816	2.435167249	2.100417438	2.134439006
	1.564612182	1.917592109	1.959024048	1.900065116	1.800437839
	1.785074263	1.800437839	1.334914015	1.34442571	1.334914015
	1.3971328	1.743324819	1.721887949	1.649252283	1.659660144
	1.629523774	1.629523774	1.600351773	1.600323522	1.541720703
	1.53434632	1.520854551	1.509964452	1.414785062	1.307233823
	1.388132563	2.202042335	2.154129239	1.79427841	2.084948034
	1.768134966	1.858204575	2.08931064	1.976423605	1.976423605
	2.269967731	2.277837343	2.261204097	2.205234267	3.167152283
	4.870345017	3.023508928	2.742285746	2.73712177	3.023508928
	2.474211498	2.410806361	2.410806361	2.650348512	2.564754716
	2.644971476	1.348569301	1.362917065	2.462210511	1.362917065
	1.392707479	1.351662195	1.392707479	2.046367311	2.180449724
	2.100417438	2.036895003	2.036895003	1.468283256	1.917592109
	1.917592109	1.665883758	1.811124848	1.762854383	1.731253834
	1.781239477	1.308045686	1.334914015	1.339678602	1.265888733
	1.278736897	1.283230812	1.629912186	1.649252283	1.649252283
	1.600351773	1.566845767	1.566845767	1.600351773	1.541720703
	1.481909421	1.521021082	1.468283256	1.456266856	1.35546463
	1.283230812	1.255009121	1.35546463	2.154129239	2.084948034
	1.768134966	2.084948034	1.768134966	1.83662367	1.889718281
	1.889718281	2.277837343	2.277837343	2.205234267	2.155073049
	3.207968243	4.827511533	3.017219436	2.73712177	2.916292145
	2.340814984	2.571681311	2.410806361	2.340814984	2.401969427
	2.571681311	2.519395398	2.650830233	1.368095437	1.362917065
	2.398141109	1.339678602	1.281117517	1.281117517	1.468283256
	1.862511834	1.665883758	1.619445852	1.813180688	1.766048761
	1.716185078	1.30267865	1.313002219	1.235099718	1.238606599
	1.278736897	1.283230812	1.572511328	1.629912186	1.644621484
	1.487625288	1.458528793	1.448848006	1.492236332	1.483691959
	1.471725553	1.45420847	1.410629002	1.456266856	1.456266856
	1.35546463	1.255009121	1.235099718	1.29561252	2.139818136
	2.024864399	1.742222011	1.95340634	1.745709058	1.821936663
	1.889718281	2.136080329	2.07491705	2.155073049	3.264629373
	4.827511533	3.264629373	2.916292145	2.786597026	2.220057007
	2.283383772	2.453555091	2.370882913	2.453555091	2.667070874
	1.368095437	1.460770355	2.477290572	1.350653767	1.327712493
	1.265728656	1.281117517	1.263658952	1.288777853	1.235099718
	1.244574142	1.263028253	1.524055544	1.536799021	1.487625288
	1.45420847	1.398620408	1.390217409	1.471725553	1.420494144
	1.45420847	1.379595161	1.379595161	1.340101735	1.29561252
	1.206461918	1.206950438	1.228567854	1.211723948	1.20280599
	1.293272876	2.021451461	2.021451461	1.637833717	1.876264885
	1.799358889	1.801129983	2.150274118	2.136845999	2.07491705
	2.010037777	5.220727006	3.264629373	3.54804531	3.122127085
	2.928987212	2.786597026	2.660418545	2.220057007	2.288317497
	2.45401701	2.370882913	2.45401701	1.350653767	1.461445648
	2.145900623	1.351860433	1.252989555	1.217631859	1.219250396
	1.211723948	1.201714097	1.479576635	1.433924954	1.398620408
	1.390217409	1.390217409	1.160793003	1.367549382	1.30992649
	1.401875493	1.326771436	1.326771436	1.240516817	1.174041384
	1.228567854	1.259763266	1.185296659	1.170215554	1.185296659
	1.240762097	1.179855615	1.217631859	2.010037777	1.853505582
	1.60647589	1.785015984	1.785015984	2.151954104	2.085629972
	2.085629972	2.013255324	2.001703981	5.220727006	3.062362378
	3.750167147	3.062362378	3.064623007	2.775380708	2.660418545
	2.660418545	2.21850367	2.374903293	2.459302397	2.289495117
	2.374903293	2.45401701	1.351860433	1.424794253	2.081356296
	1.32565677	1.184845264	1.184845264	1.394599496	1.391302154
	1.146920841	1.170215554	1.30992649	1.30992649	1.308669516
	1.236842309	1.27260821	1.201341582	1.150604986	1.16509201
	1.259763266	1.185296659	1.206057972	1.170215554	1.202377685
	1.14946978	1.152669864	1.853505582	1.853505582	1.67629823
	1.768156014	2.151954104	2.151954104	1.973136919	1.973136919
	1.973136919	4.940508265	3.267876215	3.124679697	3.062362378
	2.908874984	2.922827906	2.799527279	2.664209071	2.556868919
	2.21850367	2.556868919	2.384101477	2.384101477	1.35327131
	1.472146093	2.462166689	1.35327131	2.462166689	1.16509201
	1.307667985	1.14986617	1.146920841	1.137418353	1.307667985
	1.27260821	1.308669516	1.238087038	1.235668085	1.202514
	1.137575542	1.213415137	1.206057972	1.206057972	1.159957938
	1.130217061	1.149089369	1.152247444	1.145790977	1.145790977
	1.853670337	1.767109087	1.66995812	1.663193531	2.161619865
	2.088470987	1.936575947	1.936575947	4.871126264	3.267876215
	2.933667511	2.908874984	2.907421922	2.674308687	2.664209071
	2.472012884	2.22795989	2.314467253	2.384101477	2.161619865
	1.35327131	1.389147014	1.389147014	1.282238447	1.282238447
	1.354465563	2.385310654	1.116539617	1.14986617	1.126505349
	1.269852502	1.235668085	1.174536084	1.235668085	1.149922836
	1.116539617	1.11491039	1.159957938	1.263496624	1.220360263
	1.220360263	1.11888723	1.125718428	1.134288044	1.149089369
	1.128489744	1.132116629	1.145790977	1.848481741	1.660739286
	1.546764043	1.546764043	2.161619865	2.011367601	2.091693258
	1.936575947	2.005654079	1.861031889	5.042213652	3.231079297
	3.082652287	2.90597571	2.933667511	2.674308687	2.674308687
	2.681234145	2.472817071	2.320891532	2.243673612	2.320891532
	2.243673612	1.409479101	1.265141236	1.329896217	1.409479101
	1.331129981	2.385310654	1.1102605	1.122056543	1.20164175
	1.175689935	1.175619266	1.135736274	1.11491039	1.11491039
	1.11888723	1.107653739	1.159539278	1.228414445	1.228414445
	1.115153157	1.134288044	1.140803708	1.152708659	1.135736274
	1.130242747	1.128489744	1.108138889	1.662414131	1.65722299
	1.546764043	2.03493145	1.867521631	2.011367601	2.035528333
	1.867521631	1.783003661	4.641506114	3.119954233	3.172837744
	2.74914563	2.74914563	2.74914563	2.664893118	2.571568558
	2.48301039	2.320891532	2.413725355	2.243673612	2.195907638
	2.19663714	2.317387412	2.381469608	1.329896217	1.288636036
	1.37611253	1.322154474	1.381966824	1.331129981	1.106248735
	1.175619266	1.135736274	1.113719734	1.100881018	1.100517241
	1.204210478	1.228414445	1.218263495	1.106248735	1.124673643
	1.140803708	1.140803708	1.200915863	1.118934547	1.114026526
	1.1091143	1.108138889	1.658474085	1.658474085	1.960021526
	1.867521631	1.944372114	1.783003661	1.783003661	2.063672924
	4.641506114	3.119954233	4.309870529	4.116151408	3.119954233
	2.741924082	2.741924082	2.75065361	2.758349635	2.572924751
	2.592422049	2.427831871	2.427831871	2.340028518	2.195907638
	2.21362765	2.151392939	4.116151408	2.35830645	1.481547739
	1.442285202	2.074553242	1.322154474	1.381966824	1.335688864
	1.342221999	1.381966824	1.442285202	1.106248735	1.113719734
	1.100517241	1.258767123	1.204210478	1.218263495	1.109119392
	1.200915863	1.116786127	1.105788737	1.116786127	1.124673643
	1.146289491	1.168956292	1.200915863	1.111343652	1.109119392
	1.104770714	1.548264245	1.78938438	1.960021526	1.89350786
	1.705716362	2.000130111	2.088657016	3.053611389	2.928920235
	2.942342081	2.886067848	2.928920235	2.741924082	2.661988028
	2.681438527	2.662043551	2.528803701	2.447975348	2.447975348
	2.340028518	2.21362765	2.234126719	2.088657016	2.666082106
	3.643546214	2.074553242	2.053672977	2.128818268	2.163633087
	2.2196436	2.40674523	2.301732662	1.481547739	1.501255819
	1.442285202	1.49405028	1.312085913	1.404778486	1.37759346
	1.410960345	1.106196413	1.271679396	1.237807374	1.285831128
	1.10926107	1.237807374	1.116786127	1.114489248	1.157846957
	1.163973368	1.192418432	1.225383939	1.212164812	1.10926107
	1.106196413	1.597555073	1.89350786	1.89350786	1.705716362
	1.925655216	2.000130111	2.088657016	2.860332411	2.68434982
	2.886067848	2.627145167	2.68434982	2.616636649	2.599327856
	2.528803701	2.528803701	2.432879007	2.346357993	2.346357993
	2.234126719	2.169740502	2.114268264	3.390434219	3.351976939
	2.766396587	2.407066505	2.766396587	2.577283269	2.407066505
	2.664376897	2.428254932	1.474444742	1.555927404	1.663133607
	1.351655071	1.509350552	1.400188073	1.404048049	1.49405028
	1.543121493	1.461650627	1.57642899	1.355887239	1.355887239
	1.396955256	1.421633954	1.495888015	1.106196413	1.326036307
	1.237807374	1.10926107	1.242656789	1.136477867	1.131030888
	1.163973368	1.157846957	1.219701937	1.228956914	1.298356185
	1.11339502	1.114160834	1.729469523	1.925655216	1.733768699
	2.020612752	2.020612752	2.117482874	2.654057762	2.68434982
	2.625676752	2.627145167	2.691641185	2.608584906	2.616636649
	2.478727646	2.478727646	2.406057416	2.346357993	2.244506882
	2.244506882	2.17652651	2.117482874	2.540715774	2.120329778
	1.975206708	1.599624208	2.206710461	1.708608775	2.464579261
	2.540715774	1.915678306	1.57642899	1.665088172	1.663133607
	1.843402998	1.795579842	1.795579842	1.543121493	1.543121493
	1.565672222	1.675052206	1.36653205	1.355887239	1.385904752
	1.421633954	1.421633954	1.495888015	1.114160834	1.326036307
	1.118066406	1.298356185	2.487145671	1.147667562	1.181409776
	1.151611833	1.221466661	1.342082174	1.262506547	1.123100571
	1.147076552	1.134931789	1.669046541	1.965718103	1.669046541
	1.965718103	2.063115899	2.610616607	2.610616607	2.625676752
	2.606643397	2.608584906	2.608584906	2.547188457	2.383783511
	2.37953881	2.327510537	2.140766157	2.294505101	2.238939805
	2.140766157	2.416521832	2.300183886	2.21527583	1.915678306
	2.114101111	2.536930461	2.465048527	2.024222961	1.665088172
	1.819520012	1.854890943	1.843402998	2.024222961	1.565672222
	1.593740892	1.565672222	1.57349112	1.75501466	1.406203521
	1.383725948	1.41743927	1.488403704	1.57349112	2.496622116
	1.147076552	2.487145671	1.359083138	2.487145671	1.147667562
	1.20494982	1.221506071	1.256081988	1.389965474	1.302580867
	1.134931789	1.147076552	1.134931789	1.669046541	1.923085942
	1.803045786	1.923085942	2.165937975	2.610616607	2.632729377
	2.606643397	2.528985745	2.57238388	2.475552912	2.57238388
	2.37953881	2.294505101	2.395733671	2.249060285	2.294505101
	2.165937975	2.465048527	2.300183886	2.162692697	2.21527583
	2.170422103	2.465048527	2.024222961	1.862395027	1.862395027
	2.002789341	2.008832796	1.739484257	1.686032487	1.57349112
	1.75501466	1.82877048	1.488689951	1.488689951	1.407823053
	1.593894151	2.490922162	1.205104657	2.475552912	1.407823053
	1.407823053	2.446751782	1.389965474	1.205104657	1.20494982
	1.256081988	1.256081988	1.366136898	1.154380355	1.174714045
	1.173369047	1.715599452	1.923085942	1.84265531	1.961090104
	2.14643141	2.557003024	2.612577098	2.570609432	2.550678961
	2.490922162	2.54177186	2.535356861	2.475552912	2.54177186
	2.397585414	2.362707407	2.249060285	2.29531613	2.218260033
	2.376389263	2.299616402	2.185542779	2.185542779	2.170422103
	2.424507755	2.093355381	1.862395027	1.956487457	2.093355381
	1.809769355	1.593894151	1.82877048	1.82877048	1.533634091
	1.545529635	1.548169946	1.69718726	2.490922162	2.473126187
	1.205104657	1.477115705	1.477115705	2.397585414	1.293849401
	1.474557193	1.275343159	1.284178307	1.334652661	1.202939859
	1.203402992	1.232948648	1.763036102	1.993662223	1.993662223
	2.146382867	2.14643141	2.522865713	2.570609432	2.520480621
	2.495157358	2.54177186	2.479178658	2.518057203	2.397585414
	2.362707407	2.362707407	2.294018883	2.255777618	2.365152273
	2.365152273	2.237347589	2.305491366	2.411685559	2.184413729
	2.093355381	1.956487457	2.055140623	1.796490533	1.809769355
	1.69718726	1.891069924	1.977476936	1.667092017	1.621587639
	1.548169946	1.548169946	1.69718726	2.471712524	2.39599074
	1.233137164	1.474557193	2.452484898	1.334652661	1.394631643
	1.474557193	1.275343159	1.371415761	1.427200215	1.51725376
	1.234150923	1.233137164	1.267669714	1.819168825	1.993662223
	1.987058168	2.13047166	2.13047166	2.495157358	2.522865713
	2.528818157	2.471712524	2.518057203	2.452484898	2.497626577
	2.37873216	2.378798283	2.347051131	2.294018883	2.255777618
	2.343399936	2.252381861	2.237347589	2.237347589	2.343399936
	2.143580745	2.055000922	2.143580745	2.252381861	1.826501278
	1.734266833	1.971943443	1.971943443	2.055000922	1.688583054
	1.616428579	1.688583054	2.471712524	2.38532386	1.233137164
	1.427200215	1.51725376	1.320067988	1.430836134	1.427200215
	1.627615313	1.267226121	1.267669714	1.269960188	1.875098248
	2.079115248	2.032509063	2.13047166	2.234406937	2.484128521
	2.507886111	2.504797942	2.484128521	2.464835844	2.464094933
	2.420535268	2.492289085	2.355638988	2.355638988	2.359348761
	2.322347833	2.343399936	2.283349683	2.379052888	2.123736568
	2.186778842	2.339391781	1.734266833	1.877676369	1.782841787
	1.971943443	2.090838059	2.090838059	1.627615313	1.688583054
	1.724692878	1.865585892	2.451611524	2.435070459	1.320067988
	2.397681189	1.548061444	1.548061444	1.37069037	1.430836134
	1.498289471	1.627615313	1.269960188	1.357562709	1.352854253
	2.032509063	2.161323589	2.032509063	2.197675401	2.234406937
	2.506488666	2.495243671	2.492289085	2.486174375	2.465531341
	2.407006035	2.465531341	2.299903459	2.355638988	2.322347833
	2.379052888	2.379052888	2.248633955	2.163251393	2.339391781
	2.285595358	1.924575361	1.932157895	1.924575361	2.163251393
	2.017021777	2.090838059	1.724692878	1.724692878	1.8385215
	2.413014214	2.466593208	1.357562709	2.397681189	1.548061444
	1.555261788	1.417785951	1.520792615	1.567674506	1.659562284
	1.306318696	1.357562709	1.352854253	2.053419925	2.197675401
	2.132450942	2.197675401	2.293605167	2.344947483	2.476670443
	2.482332375	2.480916852	2.495243671	2.463932928	2.465531341
	2.463849466	2.350163568	2.376478651	2.46815393	2.332261363
	2.413014214	2.163251393	2.332261363	2.296391563	2.272430465
	1.932157895	1.932157895	2.056499796	2.138813172	2.056499796
	2.049656799	1.800111708	1.800111708	1.87505316	2.399856333
	1.417785951	2.445143841	1.659562284	1.594990806	1.458552781
	1.568762282	1.568762282	1.681074788	1.349154196	1.396733643
	1.396733643	2.132450942	2.203899803	2.132450942	2.203899803
	2.313241246	2.384570296	2.384570296	2.46815393	2.480916852
	2.463932928	2.448118176	2.466611823	2.411369197	2.411369197
	2.451578248	2.46815393	2.370256548	2.399856333	2.236683316
	2.345322773	2.272430465	1.963809438	2.032841499	2.049656799
	2.106378134	2.049656799	2.201446111	1.800111708	1.87505316
	1.87505316	2.39349842	1.458552781	1.662099716	1.730265986
	1.503462768	1.568762282	1.662099716	1.793266163	1.390100701
	1.440326478	1.440326478	2.165270852	2.203899803	2.165270852
	2.313241246	2.313241246	2.384570296	2.384517944	2.465396788
	2.468415183	2.42987578	2.42987578	2.451578248	2.435512125
	2.444421009	2.465396788	2.345322773	2.210064882	2.27292417
	2.201446111	2.065614802	2.07444816	2.201446111	2.15154067
	1.79096016	1.928901093	2.04403662	2.39349842	1.503462768
	1.711986393	1.577771409	1.621772634	1.711986393	1.77726319
	1.77726319	1.477715871	1.5376495	1.488008805	2.165270852
	2.24093943	2.22635387	2.351047917	2.384517944	2.395411337
	2.384517944	2.465396788	2.432293621	2.42987578	2.444421009
	2.435512125	2.449166868	2.458043211	2.353453352	2.288418132
	2.230200272	2.227910301	2.04403662	2.169783051	1.928901093
	2.04403662	2.377503666	1.6085743	1.613132138	1.678032038
	1.723851671	1.801339885	1.83227672	1.967000223	1.477715871
	1.54841964	1.535008356	2.217335388	2.330612681	2.313382547
	2.330612681	2.39880332	2.425279772	2.39880332	2.450115765
	2.439947463	2.403697768	2.403697768	2.453103175	2.453103175
	2.45864515	2.450115765	2.288418132	2.248333598	2.176005719
	2.099973427	2.091898528	2.034439337	2.377503666	1.613132138
	1.663159377	1.722226478	1.797983235	1.873562904	1.930823584
	2.034439337	1.574812736	1.646428702	1.632056261	2.313382547
	2.358605818	2.313382547	2.358605818	2.39880332	2.435206865
	2.4564679	2.450115765	2.423571763	2.398716901	2.453103175
	2.467310998	2.44826088	2.461031991	2.324804398	2.228510174
	2.220534302	2.148066755	2.034439337	2.344164093	1.663159377
	1.663159377	1.781861567	1.848051966	1.908222817	2.048083216
	2.048083216	1.617529627	1.634450574	1.634450574	2.354441182
	2.351469087	2.38876167	2.389572971	2.452767422	2.4564679
	2.452767422	2.424883549	2.398716901	2.398716901	2.462174325
	2.47443195	2.473280696	2.469047512	2.344164093	2.254010197
	2.178007905	2.178007905	2.344164093	1.70557703	1.781861567
	1.781861567	1.860536054	1.986349236	2.048083216	2.139637245
	1.665909648	1.634450574	1.665909648	2.354441182	2.38876167
	2.38876167	2.458896609	2.452767422	2.47443195	2.500299332
	2.508749563	2.418296077	2.44076746	2.418296077	2.469047512
	2.489981414	2.473280696	2.399130829	2.254010197	2.254010197
	2.178007905	2.366297195	1.769094001	1.839077088	1.839077088
	1.986349236	1.986349236	2.074511151	2.221547755	1.714196901
	1.751323838	1.714196901	2.424052613	2.424289191	2.424289191
	2.481083913	2.481083913	2.500299332	2.484548094	2.507205905
	2.508749563	2.444082354	2.477318955	2.446093859	2.384017258
	2.318181853	2.221547755	2.318181853	1.751323838	2.001662487
	1.881238433	2.28394757	2.001662487	2.068762527	2.149281676
	2.221547755	1.714196901	1.797729863	1.825957674	2.429511114
	2.460336911	2.460336911	2.532438031	2.526323188	2.535529523
	2.509965484	2.52081678	2.509965484	2.446093859	2.424444505
	2.379245371	2.318181853	1.920601113	2.001662487	1.920601113
	2.28394757	2.28190485	2.068762527	2.172780651	1.811732405
	1.825957674	1.825957674	2.492779494	2.516763619	2.486770794
	2.568939101	2.516763619	2.556598082	2.601756698	2.552060018
	2.552060018	2.48770097	2.48770097	2.421801541	2.421801541
	1.964489165	2.093931319	1.964489165	2.291654793	2.291654793
	2.189170512	2.093931319	1.865467281	1.893690453	1.865467281
	2.492779494	2.516763619	2.525406219	2.600564191	2.594761325
	2.594761325	2.63344775	2.552060018	2.471409183	2.536324064
	2.401315928	1.964489165	2.093931319	1.975136763	2.257833695
	2.401315928	2.230732995	1.865467281	1.961808548	1.933659659
	2.525406219	2.600564191	2.569993222	2.642865637	2.594761325
	2.63344775	2.536324064	2.468830944	2.536324064	2.468830944
	1.961808548	2.133431447	2.105201989	2.230732995	2.239380178
	2.133431447	2.468830944	1.917777651	2.068259787	1.980136433
	2.558178448	2.644328019	2.597132514	2.597132514	2.642865637
	2.694202434	2.703055969	2.552204193	2.487854147	2.360608129
	2.068259787	2.255329055	2.255329055	2.633271888	2.536608337
	1.980136433	2.068259787	2.037250618	2.627780663	2.703055969
	2.744899134	2.682114864	2.693715262	2.760638904	2.586283437
	2.360608129	2.242718411	2.255329055	2.682114864	2.633271888
	2.477283024	2.389312328	2.10598518	2.10598518	2.627780663
	2.700428339	2.778780433	2.687747215	2.807801858	2.629582816
	2.588973035	2.242718411	2.588973035	2.389312328	2.10598518
	2.102258619	2.773248356	2.778780433	2.964657489	2.796252939
	2.924362241	2.670436116	2.588973035	2.451311738	2.282945645
	2.182485573	2.182485573	2.74501794	2.838232794	2.964657489
	2.924362241	2.675002393	2.675002393	2.314480751	2.397667775
	2.397667775	2.838232794	3.029862945	3.161357363	2.830724829
	2.54988447	2.397667775	2.97037581	3.423998134	3.025335622
	2.54988447	2.54988447	3.423998134	3.423998134	3.025335622
	3.161148078	4.00548718	3.161148078	4.675277421	1.213115263
	1.153582877	1.432239057	1.432239057	0.6629490306	1.447757937
	0.781484897	0.6457384598	0.6629490306	1.563859806	1.061519417
	1.563859806	1.449041997	1.279982092	1.455282423	1.449746706
	1.149988757	1.461694386	1.142273147	1.462060549	1.468386008
	1.447757937	1.447757937	0.6457384598	0.6859697044	1.531377446
	1.475899793	1.312062911	1.312062911	1.296744559	1.377059725
	1.439253373	1.266508707	1.554840238	1.563859806	1.449041997
	1.449041997	1.455282423	1.455282423	1.453570128	1.462060549
	1.461694386	1.464289807	1.474607237	1.462060549	1.483720794
	1.470237149	1.471209173	1.531377446	1.531377446	0.7450541467
	1.475899793	1.495024187	0.723842402	1.465495997	1.462284542
	1.312062911	1.484354448	1.283112425	1.61146681	1.318553662
	1.318553662	1.439253373	1.396835665	1.283112425	1.41761488
	1.465393451	1.456724633	1.462477999	1.459534983	1.448965569
	1.459534983	1.474107494	1.463634813	1.464451634	1.465393451
	1.474607237	1.474607237	1.495024187	1.485756707	1.51204634
	1.51204634	1.47499695	1.499024614	1.503170895	1.479601485
	1.481802672	0.8061947161	0.8132864877	1.47499695	1.462284542
	1.484354448	1.479601485	1.494015636	1.305017025	1.466315538
	1.578140115	1.455407289	1.46530324	1.41761488	1.463106755
	1.402532295	1.41761488	1.465944779	1.46530324	1.465944779
	1.459534983	1.456402741	1.463634813	1.466582426	1.471694979
	1.478595296	1.478595296	1.485756707	1.490890478	1.500879813
	1.51204634	1.490890478	1.497296722	0.7963993709	1.504831224
	1.479601485	1.504831224	1.499144135	1.480303853	1.486978247
	1.480303853	1.48832106	1.505750124	1.109158181	1.494015636
	1.494015636	1.453512885	1.433653652	1.455407289	1.455407289
	1.438410436	1.42397208	1.42397208	1.416075085	1.438410436
	1.444299409	1.466582426	1.46186376	1.46186376	1.467186465
	1.465601415	1.471694979	1.470038176	1.470038176	1.483386887
	1.475913825	1.486834284	1.490890478	1.497296722	1.497296722
	1.495121428	1.492712699	0.8218347497	1.279367934	1.536104914
	1.52222775	1.527300226	1.491749547	1.489381471	1.484545341
	1.47734252	1.480303853	1.527300226	1.505750124	0.8949688117
	1.43611784	1.423288295	1.446416843	1.439780258	1.455159145
	1.438410436	1.430760902	1.42397208	1.446416843	1.436550647
	1.467186465	1.467186465	1.456771203	1.465024884	1.466415377
	1.473155492	1.479241223	1.468322771	1.472806748	1.486834284
	1.486182027	1.494447244	1.49376843	1.494413122	1.494413122
	1.279367934	1.506259654	1.279367934	1.517203164	1.499977872
	0.887388501	1.536104914	1.536104914	1.520806336	1.491781435
	1.487786177	1.491613757	1.51639293	1.506368205	1.43611784
	1.19949023	0.8949688117	1.384421624	1.412034582	1.423288295
	1.423288295	1.448194698	1.456771203	1.448194698	1.446492633
	1.436550647	1.428105515	1.436550647	1.468447553	1.468447553
	1.456828927	1.46270211	1.479241223	1.479241223	1.472415596
	1.472415596	1.48856844	1.486182027	1.4942774	1.493674341
	1.495597208	1.494413122	1.482506091	1.482506091	1.52728301
	1.627738678	1.50487884	1.484464137	0.6735239987	1.520806336
	1.49926581	1.520806336	1.518715105	1.497539065	1.497539065
	1.495597208	1.503574675	1.523350898	1.506368205	1.42711532
	1.401620246	1.19949023	1.384421624	0.6918809147	1.380714793
	1.475972266	1.406715693	1.406715693	1.428511144	1.413672156
	1.456828927	1.448194698	1.449213986	1.445843173	1.437957246
	1.437957246	1.468447553	1.465283403	1.456828927	1.477577506
	1.481749265	1.470481771	1.470481771	1.492079007	1.486013337
	1.494685883	1.493674341	1.494599043	1.49926581	1.482506091
	1.52728301	1.52728301	1.509283802	1.514122706	1.517759521
	1.498575923	0.6938623541	1.523350898	1.518715105	1.518715105
	1.496689376	1.496689376	1.497539065	1.503574675	1.509413201
	1.518584535	1.400235959	1.4029608	1.404098734	1.346667368
	1.346667368	1.383840433	1.473639302	1.4029608	1.414278502
	1.428511144	1.428511144	1.45905416	1.449443552	1.445512354
	1.445512354	1.43683155	1.457873561	1.466869567	1.481749265
	1.481749265	1.470481771	1.46402515	1.474800479	1.492079007
	1.489738182	1.49559004	1.494517808	1.498925375	1.528627884
	1.510234552	1.493671379	1.493690692	1.522545862	1.49471496
	1.492350243	0.6938623541	1.513131472	1.514425073	1.519653675
	1.503775944	1.503775944	1.507405266	1.509413201	1.509413201
	1.37944925	1.400235959	1.4029608	1.392572533	1.346667368
	1.385217131	1.385217131	1.479646887	1.409799776	1.424041868
	1.424041868	1.43683155	1.457873561	1.451702324	1.445512354
	1.44607214	1.438250489	1.46402515	1.483794797	1.483794797
	1.470615242	1.460860372	1.470401629	1.487618389	1.489738182
	1.497108819	1.498925375	1.514622065	1.497348385	1.493671379
	1.493671379	1.522545862	1.513919423	1.499070872	1.516144361
	1.516144361	0.697516941	1.514425073	1.513131472	1.514425073
	1.513919423	1.501834522	1.503775944	1.507405266	1.511120157
	1.35784192	1.37944925	1.332834351	1.409799776	1.40138159
	1.391242323	1.362238639	1.391242323	1.385217131	1.479646887
	1.438250489	1.409799776	1.424041868	1.429049391	1.453540472
	1.449889047	1.443254191	1.443254191	1.458211708	1.480225358
	1.48450507	1.47159427	1.467262576	1.458211708	1.47159427
	1.488984511	1.493905358	1.497108819	1.499628191	1.507362652
	1.497348385	1.497789357	1.509771124	1.513919423	1.49619289
	0.6564886596	1.482280998	1.516144361	1.514096023	1.516013967
	1.515274203	1.504452391	1.506652402	1.507020741	1.501465846
	1.500635337	1.508479031	1.321815172	1.362238639	1.321815172
	1.303257527	1.411217847	1.396676457	1.396676457	1.354193339
	1.368610864	1.380289302	1.368107691	1.480749009	1.429049391
	1.411217847	1.429049391	1.449889047	1.449889047	1.443254191
	1.440843261	1.432436879	1.458211708	1.480749009	1.48450507
	1.47159427	1.467461438	1.457322363	1.471886978	1.493911336
	1.493911336	1.499628191	1.499628191	1.501294676	1.49766578
	1.495914678	1.501551541	1.509771124	1.495914678	1.486706163
	1.481072421	1.540838714	1.482280998	1.502373776	1.506848478
	1.508479031	1.505881754	1.506848478	1.503369225	1.500635337
	1.500635337	1.503369225	1.321815172	1.295062941	1.295062941
	1.269852076	1.411217847	1.396676457	1.340051556	1.368107691
	1.379690546	1.368107691	1.480749009	1.482074585	1.424694959
	1.419854195	1.402055093	1.419854195	1.451009925	1.440843261
	1.431062929	1.452272798	1.482074585	1.484573006	1.460469719
	1.471886978	1.467147681	1.471886978	1.492464477	1.494076295
	1.494076295	1.498933725	1.499765802	1.499765802	1.498523154
	1.493886698	1.490184614	1.489704304	1.481072421	1.481072421
	1.482484932	1.502373776	1.498139843	1.506848478	1.504752798
	1.507560297	1.503369225	1.49997809	1.502259453	1.344124951
	1.340051556	1.333449496	1.303304	1.163003569	1.269852076
	1.337447713	1.402055093	1.386119756	1.366520342	1.366520342
	1.380800628	1.476990364	1.424694959	1.40480813	1.414190083
	1.407223747	1.444510749	1.436074048	1.429937271	1.449502563
	1.482388602	1.488265157	1.455825666	1.466368598	1.472281832
	1.472281832	1.493908017	1.489961693	1.494076295	1.498933725
	1.498933725	1.497434691	1.468887401	1.496298621	1.492169906
	1.491824242	1.468887401	1.490478894	1.491824242	0.7825334735
	1.498139843	1.499907944	1.503051019	1.497818541	1.496569615
	1.496688252	1.498250009	1.36013484	1.347119554	1.339749462
	1.337447713	0.6154283996	1.337447713	0.5349760369	1.38631971
	1.36013484	1.371754884	1.477143742	1.396590821	1.423988952
	1.407223747	1.407223747	1.443573012	1.442278311	1.419888884
	1.429223253	1.455825666	1.4816337	1.489961693	1.455825666
	1.466368598	1.472016467	1.472016467	1.496688252	1.492337163
	1.492337163	1.499625561	1.499903198	1.361082987	1.493512767
	1.492169906	1.492169906	1.491824242	1.476863364	1.494348127
	0.7825334735	1.44756208	1.493686169	1.493751502	1.497637577
	1.497818541	1.497818541	1.498250009	1.496688252	1.498250009
	1.366814266	1.347119554	1.347119554	1.339749462	1.338254409
	1.384487082	0.7698933715	1.340188844	1.27549685	1.38631971
	1.366814266	1.382037186	1.47701968	1.397914133	1.411492862
	1.407144366	1.417348128	1.451234356	1.428151855	1.442731791
	1.434423344	1.434423344	1.442731791	1.483500339	0.8452043571
	0.8452043571	1.489025969	1.47062637	1.454502664	1.463192431
	1.472016467	1.481952703	1.493527722	1.485183163	1.493686169
	1.460405454	1.492908279	1.487588488	1.490263873	1.485355592
	1.476863364	1.44756208	1.458909332	1.493686169	1.493751502
	1.4959564	1.499169717	1.496836626	1.485183163	1.493980683
	1.486904827	1.366814266	1.355770011	1.347120347	1.27549685
	1.332473525	1.274519868	1.330038255	1.330038255	1.22588001
	1.27549685	1.382037186	1.389664786	1.481212377	1.401506429
	1.407293825	1.407293825	1.414713873	1.456744183	1.428151855
	1.436276213	1.442731791	1.477190355	1.459945558	0.9458510916
	1.416790962	0.6009182578	1.470621556	1.470415883	1.456744183
	1.465863869	1.477190355	1.484041209	1.485183163	1.491806434
	1.460405454	1.490263873	1.490263873	1.477164108	1.482979774
	1.459945558	1.46657904	1.491654553	1.488740679	1.493036336
	1.489745672	1.489745672	1.486945265	1.483159443	1.482881076
	1.355770011	1.335869986	1.274519868	1.252173158	1.321432139
	1.330038255	1.339160532	1.252173158	1.379965173	1.372133476
	1.479045154	1.395734654	1.410837261	1.410837261	1.427938737
	1.456744183	1.442357674	1.435611495	1.427938737	1.471763094
	1.456771053	0.9791627825	0.9791627825	1.416790962	1.241826402
	1.474146011	1.465359098	1.454784057	1.471763094	1.482422801
	1.481372869	1.488858181	1.474014272	1.488005062	1.477164108
	1.477164108	1.466094502	1.474014272	1.481451884	1.48979725
	1.48979725	1.481372869	1.489075899	1.483159443	1.483329342
	1.480725524	1.479932811	1.351291578	1.361417532	1.339160532
	1.275678319	1.275678319	1.309695981	1.311336391	1.339160532
	1.241826402	1.273653568	1.395734654	1.389972048	1.379965173
	1.466006262	1.395734654	1.419189081	1.427938737	1.450171365
	1.450171365	1.442878855	1.435611495	1.471763094	1.456614939
	1.180180049	1.475484875	1.457047763	1.067303824	0.6108351536
	1.468676967	1.461542258	1.469827594	1.469827594	1.474430878
	1.483585336	1.474014272	1.481499165	1.478483871	1.465060338
	1.475517064	1.481546206	1.483329342	1.475621848	1.483329342
	1.481361132	1.480653244	1.481361132	1.478402563	1.360128506
	1.360128506	1.3460252	1.335498686	1.275678319	1.294962295
	1.311336391	1.311336391	1.287905656	1.294962295	1.400068
	1.38025886	1.38025886	1.466006262	1.445599161	1.408602182
	1.419189081	1.427127315	1.450171365	1.442878855	1.424702387
	1.460449388	1.457215611	1.475484875	1.450516187	1.468499947
	1.468919384	1.379701804	0.6140394286	1.461542258	1.458686125
	1.467820863	1.469592313	1.478483871	1.475517064	1.478723021
	1.475693934	1.469816296	1.470049768	1.477774279	1.474437344
	1.477923961	1.481361132	1.478402563	1.360128506	1.353514378
	1.335498686	1.32955741	1.307649146	1.320605326	1.315711658
	1.299985079	1.299985079	1.384352359	1.385156839	1.38025886
	1.452088219	1.445599161	1.445599161	1.408602182	1.415921095
	1.424696423	1.430515654	1.424696423	1.452088219	1.468499947
	1.463639245	1.463639245	1.465542498	1.16633235	1.16633235
	0.6317997471	0.5271963289	1.250871702	1.455523478	1.467820863
	1.464609577	1.469592313	1.475693934	1.469110131	1.475668424
	1.475693934	1.469110131	1.475653405	1.471428152	1.477923961
	1.471428152	1.353514378	1.353514378	1.331819574	1.331819574
	1.311195776	1.311195776	1.289398076	1.289398076	1.250871702
	1.394623212	1.384352359	1.365676205	1.452088219	1.447130959
	1.439779902	1.412622324	1.394623212	1.424696423	1.430503582
	1.452721198	1.464381352	1.476784706	1.464222536	1.463639245
	1.459775458	1.495469272	1.217673548	1.217673548	1.229925213
	1.452721198	1.457527809	1.46342802	1.468599146	1.475668424
	1.468330492	1.471203589	1.475668424	1.464381352	1.468330492
	1.475653405	1.471428152	1.471409471	1.34159966	1.351177798
	1.331819574	1.34159966	1.312981596	1.311195776	1.271524581
	1.289398076	1.271524581	1.401955171	1.392812056	1.376524414
	1.358234617	1.442236436	1.441668207	1.436434306	1.442236436
	1.422850448	1.401955171	1.422850448	1.452721198	1.438018929
	1.46080612	1.464381352	1.45383675	1.460234007	1.438018929
	1.229925213	1.354024291	1.456553979	1.460930945	1.456553979
	1.470733261	1.472206233	1.471203589	1.462827045	1.462827045
	1.468310662	1.466375697	1.358234617	1.358234617	1.34159966
	1.31678028	1.341100071	1.308286273	1.308286273	1.299093235
	1.284636182	1.276338691	1.401955171	1.390368706	1.374351581
	1.442236436	1.435864176	1.423652895	1.445465109	1.422850448
	1.404730956	1.411866429	1.449963456	1.446420371	1.467600922
	1.46080612	1.460853397	1.456260669	1.363314887	0.6148314563
	1.257762472	1.423652895	1.456553979	1.458755636	1.460930945
	1.463426398	1.465644435	1.464425953	1.461651071	1.460675758
	1.461753709	1.357852797	1.348329666	1.341100071	1.330514694
	1.309859261	1.318829707	1.308286273	1.299093235	1.3077845
	1.390368706	1.374351581	1.374351581	1.439688412	1.420983247
	1.439688412	1.417386459	1.405654277	1.449963456	1.442909836
	1.442909836	1.442909836	1.464044572	1.461186624	1.311371839
	0.6246221757	1.253245717	1.303501814	1.253245717	1.429645072
	1.443122892	1.420983247	1.457747965	1.455052659	1.454980312
	1.462155893	1.465644435	1.459310355	1.459310355	1.457968353
	1.456434187	1.457747965	1.364667334	1.346750545	1.337107721
	1.330514694	1.318829707	1.318829707	1.3077845	1.383267936
	1.383267936	1.364667334	1.429645072	1.434558547	1.411024721
	1.389757014	1.442205667	1.458436662	1.460818836	1.482425205
	1.460818836	1.458436662	1.339426683	0.6246221757	1.24034097
	1.24034097	1.274214239	1.41440368	1.434558547	1.383132557
	1.418705561	1.457747965	1.451983496	1.456015762	1.456015762
	1.454719241	1.450956737	1.447893655	1.448068989	1.452309957
	1.358579107	1.33393883	1.33393883	1.319083182	1.309805392
	1.383267936	1.358579107	1.402268197	1.418270053	1.434558547
	1.389757014	1.440321868	1.458436662	1.441474387	1.460818836
	1.609291923	1.648627303	1.240502134	1.287989551	1.24034097
	1.249054305	1.440321868	1.384352436	1.418270053	1.443760362
	1.448068989	1.456015762	1.454719241	1.449632757	1.445987386
	1.447893655	1.446148562	1.452309957	1.358579107	1.33393883
	1.287989551	1.321532695	1.318745696	1.373353638	1.354031887
	1.409359671	1.418270053	1.431891121	1.390299052	1.443760362
	1.443169708	1.441474387	1.307852322	1.240502134	1.278490493
	1.299068152	1.233301181	1.233301181	1.432747176	1.379255588
	1.408747363	1.441697815	1.441697815	1.446657096	1.446662344
	1.446570148	1.44606393	1.445987386	1.443707164	1.354031887
	1.342658946	1.299068152	1.321532695	1.367038169	1.355270194
	1.399318783	1.418288746	1.432747176	1.399318783	1.438283902
	1.307852322	1.443169708	1.442710367	1.327411694	0.5368134568
	1.29279075	1.29279075	1.111375841	1.291234212	1.378826678
	1.421515923	1.41430816	1.441697815	1.443707164	1.442710367
	1.441424234	1.441424234	1.441129514	1.443707164	1.355270194
	1.342658946	1.315550989	1.371349199	1.378826678	1.399318783
	1.416152484	1.39886445	1.428812453	1.428533267	1.442710367
	1.431622211	1.419655027	1.243114813	0.6544349193	1.318816016
	1.331696032	1.368189356	1.368189356	1.378826678	1.421515923
	1.416152484	1.230442746	1.430453179	1.434917256	1.435887779
	1.442173106	1.435887779	1.343753024	1.331696032	1.331696032
	1.370341464	1.382431183	1.407257262	1.419141937	1.396554083
	1.428812453	1.428533267	1.434917256	1.431622211	1.399111359
	1.16038701	1.16038701	1.342347987	1.368189356	1.342347987
	1.381637524	1.419141937	1.403658278	1.17132754	1.424550798
	1.435333662	1.435887779	1.429868578	1.358622357	1.350026702
	1.371722905	1.381637524	1.403658278	1.403291163	1.381637524
	1.424550798	1.413836108	1.423045814	1.422507941	1.430319325
	1.267773766	1.30562805	1.342347987	1.298744612	1.331895489
	1.195377896	1.424550798	1.42137496	1.41882834	1.350026702
	1.340759012	1.371722905	1.385958573	1.403291163	1.403291163
	1.385958573	1.41125012	1.404929801	1.421236349	1.419528277
	0.5555423505	1.328685478	1.331895489	1.326785566	1.421813188
	1.421236349	1.41882834	1.41882834	1.408897761	1.362763058
	1.352301043	1.362763058	1.385958573	1.399312868	1.387613655
	1.399312868	1.419528277	0.5846590286	1.330044124	1.330044124
	1.147858447	1.411393774	1.408897761	1.374961964	1.37503372
	1.384281609	1.399818952	1.400849647	1.384281609	1.388850416
	1.45959812	1.344759088	1.330044124	1.374763636	1.415706445
	0.9540997967	1.3906697	1.3906697	1.378242669	1.384281609
	1.40003537	1.388850416	1.388850416	1.45959812	0.6987599347
	1.370432735	1.353683612	1.3906697	1.378242669	1.385879175
	1.385879175	0.9059330243	1.360448173	1.353683612	1.406703911
	1.360448173	0.8197272312	0.6960705498	0.7249659838	