5884	
	4.511745644e-09	1.11152767e-08	1.11152767e-08	4.570249779e-08	2.516664299e-08
	2.908490035e-07	1.271637711e-07	4.570249779e-08	1.136024469e-06	2.908490035e-07
	2.908490035e-07	2.201377344e-06	4.281487644e-06	4.281487644e-06	1.692998026e-07
	9.338513252e-07	1.136024469e-06	6.035530783e-06	2.201377344e-06	2.201377344e-06
	1.164751883e-05	6.019619962e-06	1.164751883e-05	1.982653348e-07	1.648798089e-06
	7.845142542e-06	7.845142542e-06	1.257813628e-05	5.365193966e-05	5.297260854e-06
	2.726099756e-05	1.164751883e-05	1.982653348e-07	2.55488666e-06	7.903849654e-06
	1.906740937e-05	1.799028091e-05	8.640553876e-05	8.640553876e-05	2.764825896e-05
	4.555166807e-05	3.689948821e-05	7.209562921e-05	2.55488666e-06	9.388086539e-07
	9.886113829e-05	7.903849654e-06	9.388086539e-07	7.903849654e-06	1.906740937e-05
	1.906740937e-05	4.359996044e-05	8.640553876e-05	0.0001225512479	0.0003957932972
	2.959949201e-05	4.758100246e-05	7.209562921e-05	7.209562921e-05	6.100707002e-06
	2.737153802e-05	4.443940544e-06	8.770702473e-05	0.0001581944088	1.786294005e-05
	2.856653191e-05	1.786294005e-05	4.359996044e-05	1.672589639e-05	0.000105994869
	0.0001623441945	0.0003931254276	0.000600319072	4.758100246e-05	8.770702473e-05
	0.0001410575378	4.761927324e-05	1.237206638e-05	1.237206638e-05	1.410023413e-05
	0.0002155714458	0.0002802464799	2.856653191e-05	2.856653191e-05	5.053317151e-05
	0.000105994869	1.672589639e-05	0.0002614556969	0.0004208841528	0.0005953389739
	0.000600319072	4.761927324e-05	8.167036614e-05	0.0001786055839	3.596099622e-05
	7.129199572e-05	1.410023413e-05	1.237206638e-05	1.996236741e-05	1.410023413e-05
	1.161359085e-05	0.0002802464799	0.0002802464799	9.287025929e-05	0.0001022567899
	0.0002666026308	7.473384803e-05	9.287025929e-05	0.0004208841528	0.0003406285614
	0.0004208841528	0.0008298723511	0.0008298723511	7.129199572e-05	0.0001112835476
	0.0001786055839	3.596099622e-05	1.996236741e-05	3.853629072e-05	6.829417852e-05
	2.301666155e-05	2.301666155e-05	0.0002507882459	0.0003156245444	7.289290083e-05
	7.289290083e-05	9.287025929e-05	0.0001730328878	0.0001446243195	0.0001112403235
	0.0003127135845	0.0005459573353	0.0005459573353	0.0001112403235	0.0007304365178
	0.001102050724	0.001029464316	0.0002953478944	0.0001003854141	0.000157341576
	6.829417852e-05	3.944336604e-05	6.790251942e-05	0.0001309841785	6.336095282e-05
	3.944336604e-05	0.0003579208718	0.0003579208718	0.0001597314577	0.0001597314577
	6.336095282e-05	0.0001625131076	0.0001112403235	0.0003127135845	0.0004467346247
	0.0005459573353	0.0002279143592	0.001102050724	0.001102050724	0.001849314526
	0.0002974780071	0.0001988012784	0.0001578935882	0.0001003854141	0.0001309841785
	8.221195607e-05	0.0001309841785	6.790251942e-05	9.058637004e-05	0.0001127387487
	0.0001237586367	0.0003718522432	0.0004740731549	0.0001597314577	0.0002369900218
	0.0001002472902	0.000160744162	0.0003432217381	0.0003294769562	0.0004782878068
	0.0004782878068	0.0006589934359	0.0002279143592	0.0002279143592	0.001135250477
	0.001564884482	0.002194260934	0.0003419277151	0.000224243558	0.000225498288
	0.0001847088481	0.0001847088481	0.0001127387487	0.0001439086392	0.0001439086392
	0.0001237586367	0.0001853893065	0.0001237586367	0.0003718522432	0.0004740731549
	0.0002369900218	0.000160744162	0.0002464825815	0.0002432210211	0.0002369900218
	0.0002425787579	0.000328048893	0.0006011993717	0.0006762692829	0.001005002163
	0.0004189649981	0.0003208750397	0.001309582649	0.001309582649	0.002194260934
	0.0003419277151	0.0003419277151	0.0002323800455	0.000225498288	0.0002323800455
	0.0002121620221	0.0001853893065	0.0002914971097	0.0003748585502	0.0001633050024
	0.0001853893065	0.0002389456091	0.0002567859184	0.0003439064454	0.0004530989914
	0.0002464825815	0.0004380164657	0.0002432210211	0.0002464825815	0.0002432210211
	0.0004182893293	0.0004189649981	0.0007509737377	0.0009863714107	0.001005002163
	0.0004189649981	0.0005838041134	0.001493159802	0.001493159802	0.002728900644
	0.0003691983352	0.0003598906748	0.0002943401127	0.0003090743278	0.0003098918663
	0.0002914971097	0.0002914971097	0.0003748585502	0.0003724354696	0.0003380547154
	0.0003380547154	0.0004060396688	0.0002567859184	0.0003303376456	0.0004530989914
	0.0004530989914	0.0003131539985	0.0005811366467	0.0003208668	0.0003131539985
	0.0004431399488	0.0006132162951	0.0007509737377	0.0007509737377	0.001081235556
	0.001035075616	0.0007328719114	0.0005811366467	0.0012781045	0.00214595234
	0.002850788927	0.0003746592511	0.0003244083289	0.0003795098717	0.0003724354696
	0.0003724354696	0.0003098918663	0.0006031804017	0.0003699111449	0.0004706087064
	0.0003380547154	0.0005093855143	0.0005954845822	0.000515019445	0.0004486535576
	0.0004486535576	0.0003754251988	0.0003746592511	0.0003754251988	0.0004208356128
	0.0004208356128	0.000728273854	0.000455093247	0.0003432873078	0.0004387332131
	0.0005996290039	0.0005996290039	0.0008582393541	0.001081235556	0.001081235556
	0.001419148549	0.0008389518789	0.0009197936793	0.001761524202	0.002850788927
	0.002850788927	0.0003746592511	0.0003733542301	0.0003733542301	0.0006693467708
	0.0005690332756	0.0005685654089	0.0005685654089	0.0004706087064	0.0005689378273
	0.0006849113353	0.0006849113353	0.000515019445	0.0005524313227	0.0007066507811
	0.0003550382456	0.0003754251988	0.0003239782258	0.00035419115	0.0005936273806
	0.0005936273806	0.0006615860109	0.0004387509533	0.0004208356128	0.0004303763358
	0.0008938817789	0.0006670116532	0.0006670116532	0.0005996290039	0.001043623679
	0.0009916688721	0.001124192164	0.001124192164	0.001761524202	0.001039530143
	0.001173744398	0.001761524202	0.00295746424	0.002915040342	0.0004075987447
	0.0005637909726	0.0005543412822	0.0006693467708	0.001039034292	0.0007177857563
	0.0005685654089	0.0008606622786	0.00100109995	0.00100109995	0.001082583133
	0.001161086457	0.001082583133	0.001131727326	0.001729957491	0.0003948391527
	0.0003160718349	0.0002900220403	0.0002900220403	0.0002926355356	0.0005936273806
	0.001485514242	0.001729957491	0.0005882493474	0.0009751968214	0.000621537307
	0.0004403130697	0.001173744398	0.000941865489	0.000941865489	0.001363421181
	0.0008587639131	0.0009916688721	0.001124192164	0.001402820114	0.00132243412
	0.001233955442	0.001173744398	0.001878855788	0.001657436771	0.002242166146
	0.002235180561	0.0006101530144	0.0007107785096	0.0006101530144	0.001108567166
	0.001261864698	0.0007123698751	0.001261864698	0.0009492165749	0.00140653017
	0.00100109995	0.001131727326	0.001640341557	0.0009790206193	0.001237526206
	0.003322442494	0.002693339478	0.002212563599	0.001499554829	0.001729957491
	0.0005866845985	0.0004670128256	0.0003500045469	0.0002717128321	0.0002497375882
	0.0002346334587	0.003115948694	0.003322442494	0.003322442494	0.0005882493474
	0.001485514242	0.0005882493474	0.0009751968214	0.000621537307	0.0005593762762
	0.0008596111734	0.001357226948	0.0011876691	0.000941865489	0.0011876691
	0.00134867909	0.00134867909	0.001535871513	0.001432801809	0.001595852931
	0.001535871513	0.001878855788	0.001657436771	0.002242166146	0.002131140231
	0.0006101530144	0.0007107785096	0.001456305339	0.001261864698	0.001626178858
	0.001321139576	0.001269657877	0.006594641148	0.002036668651	0.001844193643
	0.001640341557	0.002190803287	0.001829089359	0.005721658684	0.005721658684
	0.004535987066	0.003469008975	0.003469008975	0.002038244028	0.0004670128256
	0.0003500045469	0.0003500045469	0.0002302241227	0.0002197453747	0.0001589202395
	0.007381369246	0.005951800174	0.005951800174	0.003777776442	0.003777776442
	0.002264453845	0.0006408527501	0.001073938405	0.0006408527501	0.001537369441
	0.0008690090213	0.0007595974278	0.00117394354	0.00164293981	0.001599542571
	0.001537369441	0.001537369441	0.00134867909	0.001535871513	0.00164293981
	0.001432801809	0.0017656066	0.001630618492	0.001653255432	0.001783352256
	0.00168363866	0.001961695065	0.00232400949	0.0008492398869	0.0007296313055
	0.001626178858	0.001321139576	0.001321139576	0.001269657877	0.001269657877
	0.01699798447	0.006756748131	0.006594641148	0.002325482965	0.002190803287
	0.002726269551	0.002190803287	0.002144457052	0.00648083283	0.005236728848
	0.005236728848	0.003469008975	0.002325482965	0.0005940809621	0.0002982004089
	0.0002197453747	0.0001337255614	0.0001337255614	6.622060523e-05	0.01154370949
	0.02383843714	0.01469508726	0.01120844552	0.005951800174	0.003777776442
	0.001900522138	0.001900522138	0.0007595974278	0.0007929223837	0.00117394354
	0.0008690090213	0.0007595974278	0.00117394354	0.00164293981	0.001599542571
	0.001912044622	0.001490933385	0.001658049541	0.002138994587	0.00234427265
	0.002138994587	0.001749749578	0.001653255432	0.001648815423	0.001648815423
	0.001744857379	0.00232400949	0.000517764341	0.001135062072	0.002544421256
	0.001717744365	0.002136074325	0.001524232714	0.001236289186	0.004751133705
	0.01012603035	0.006756748131	0.00524668361	0.003202690591	0.002726269551
	0.002045459605	0.002381069191	0.002544421256	0.002544421256	0.005236728848
	0.00524668361	0.004904714856	0.004040242442	0.003693644322	0.000517764341
	0.0003640424903	0.0002737181179	0.0001337255614	0.0001336181149	6.622060523e-05
	0.0379330327	0.01469508726	0.01120844552	0.00576204992	0.00576204992
	0.002493068223	0.001923405219	0.0007262233429	0.0007262233429	0.001254517628
	0.001283009902	0.001409488173	0.002566608999	0.001912044622	0.002566608999
	0.001658049541	0.001937117644	0.00251085329	0.002293302075	0.001749749578
	0.00158683655	0.001744857379	0.001457105605	0.001744857379	0.001506457137
	0.0007420749694	0.0007015809359	0.001908655712	0.002737813181	0.001908655712
	0.001530638653	0.001421826938	0.004751133705	0.004422680581	0.004810356183
	0.003579715337	0.003733250865	0.003121531191	0.003774293516	0.002940119714
	0.004071847469	0.005419013521	0.004040242442	0.004040242442	0.004071847469
	0.0003640424903	0.000645359305	0.0003640424903	0.0001881148968	3.611850414e-05
	6.718067856e-05	3.611850414e-05	0.05602073594	0.04050972456	0.01024918968
	0.01024918968	0.004539369437	0.002501350382	0.001507590157	0.001107362545
	0.001409488173	0.002168540825	0.001409488173	0.002678733806	0.002673526119
	0.002875327711	0.002747826454	0.001937117644	0.001937117644	0.002293302075
	0.001791241969	0.001850680824	0.001457105605	0.001471268357	0.001294367916
	0.001506457137	0.001251512775	0.000645359305	0.0007420749694	0.001002029958
	0.001908655712	0.002940119714	0.002823998653	0.001530638653	0.001720566547
	0.001478697267	0.002475327545	0.00117724651	0.003579715337	0.003579715337
	0.00336394776	0.003101120221	0.004071847469	0.00336394776	0.003812858883
	0.003798031188	0.000645359305	0.0003979352207	0.0001881148968	0.0001881148968
	5.020812069e-05	0.0001013242634	8.231016587e-05	0.08931355658	0.04387700909
	0.01024918968	0.004539369437	0.004539369437	0.001107362545	0.001962991088
	0.001107362545	0.00188288552	0.00191837466	0.002673526119	0.001512335106
	0.002747826454	0.003607729186	0.003607729186	0.002747826454	0.003507456749
	0.002520959869	0.003040397118	0.001744686568	0.002166946615	0.001412665173
	0.001121640672	0.001121640672	0.002544581914	0.001074648311	0.00103400981
	0.0005237072388	0.001002029958	0.002544581914	0.003101120221	0.002433439106
	0.002250321955	0.001913103769	0.001478697267	0.003088207144	0.00162340378
	0.001150420889	0.00260008588	0.002984504509	0.002873718557	0.002984504509
	0.002344428543	0.003828708306	0.003798031188	0.0005237072388	0.0004028587121
	0.0002597260824	0.000583212463	0.0001317136054	0.0001013242634	0.0001013242634
	7.311342996e-05	0.0640960717	0.03831281927	0.008798778795	0.003990013561
	0.001765078131	0.001174045704	0.001765078131	0.003713559873	0.00188288552
	0.00213954731	0.001626013219	0.003040397118	0.003747535529	0.003607729186
	0.004476654279	0.002166946615	0.003244561202	0.001694697878	0.002166946615
	0.001412665173	0.002535259479	0.001121640672	0.001086792604	0.0008327309221
	0.001014550385	0.002873718557	0.0008093682337	0.0008836818441	0.002433439106
	0.002525057784	0.002267095994	0.001771612544	0.001417383444	0.003088207144
	0.004253943079	0.001150420889	0.002344428543	0.002984504509	0.002873718557
	0.002472947553	0.003139931811	0.000583212463	0.0003770050748	0.0002349433843
	0.0001736187784	0.000583212463	0.0001317136054	7.311342996e-05	0.0001007550253
	4.04949821e-06	0.003713559873	0.0762960246	0.03667734854	0.01118607996
	0.007453863347	0.001765078131	0.002180177721	0.003167660319	0.001626013219
	0.004167861599	0.004702023588	0.003747535529	0.004436322196	0.003747535529
	0.003244561202	0.002122544174	0.001554310826	0.001165673103	0.002122544174
	0.0006997488612	0.0006997488612	0.000644195915	0.000644195915	0.002413567019
	0.002784302107	0.001156244968	0.002267095994	0.002267095994	0.001771612544
	0.001178265259	0.01246846773	0.002745974377	0.001081477443	0.001917360583
	0.003139931811	0.002012176205	0.0005878515405	0.0005878515405	0.0001736187784
	0.0002245863582	0.0001736187784	0.0003679767117	0.0001154360358	4.04949821e-06
	6.135787918e-05	4.04949821e-06	0.003878858802	0.003673404961	0.08405177
	0.01433701885	0.006319700479	0.006319700479	0.002180177721	0.002180177721
	0.003277227967	0.004753286459	0.00516254253	0.004142622557	0.004115620892
	0.004115620892	0.003466560362	0.002122544174	0.00150224883	0.0008004402144
	0.003466560362	0.0005417522392	0.0008004402144	0.0004747008229	0.0006938638495
	0.001765501147	0.002152023499	0.001907114604	0.0008506918299	0.001765501147
	0.001631011316	0.01246846773	0.0006333266356	0.0005081180352	0.0005081180352
	0.002152023499	0.0006684418261	0.0005878515405	0.0005487121242	0.0002245863582
	0.0001961844796	0.0001961844796	0.0003285676294	0.000159329118	0.0001023337286
	5.660586902e-05	6.674006024e-05	7.132270915e-06	0.003277227967	0.08405177
	0.009393153866	0.006319700479	0.005423951923	0.002050176307	0.002050176307
	0.00516254253	0.004142622557	0.004142622557	0.005098457855	0.005039955806
	0.004115620892	0.003466560362	0.001834971807	0.00150224883	0.0006801899532
	0.00185063606	0.000384876205	0.0006801899532	0.000384876205	0.000594485071
	0.001765501147	0.001907114604	0.001907114604	0.0006677905681	0.0009487283096
	0.001157726368	0.02662977591	0.0005142555303	0.001367745597	0.0005081180352
	0.0007948779449	0.0006677905681	0.0003680541847	0.0003680541847	0.0006677905681
	0.0003446838471	0.0001961844796	0.000159329118	0.0003188107138	0.0001911875345
	0.0001804532775	6.685773581e-05	6.674006024e-05	6.674006024e-05	1.609062897e-05
	0.004343321832	0.002729287498	0.08231170518	0.03076785301	0.005423951923
	0.002183424874	0.002183424874	0.005541526972	0.005719313781	0.005098457855
	0.004343321832	0.003930432012	0.005237779081	0.003510087115	0.001894029808
	0.001894029808	0.001322695185	0.001953973533	0.000384876205	0.0004392778934
	0.001208315242	0.0002323616943	0.0002330826434	0.001367745597	0.001432291733
	0.001523655479	0.001099793396	0.001157726368	0.001432291733	0.01853615769
	0.001407883004	0.001041191138	0.001407883004	0.001041191138	0.0003188107138
	0.0005542321079	0.0003680541847	0.0006880822581	0.0003446838471	0.0002941634251
	0.0002915434924	0.0001911875345	0.0004661485968	0.0001098657524	0.0001804532775
	9.926358315e-05	1.213768919e-05	9.926358315e-05	1.609062897e-05	1.609062897e-05
	0.005429544541	0.005582969026	0.0027563537	0.09208256368	0.04028004667
	0.004480357689	0.0027563537	0.005719313781	0.005719313781	0.006182519325
	0.006874849302	0.005926470252	0.004890353998	0.004625889168	0.003496666879
	0.001208315242	0.001823954558	0.001208315242	0.001823954558	0.0004243924314
	0.0002178206876	0.0007072571385	0.0001550967131	0.0001550967131	0.00106993737
	0.001356160016	0.001099935038	0.001099793396	0.001356160016	0.01946036802
	0.001407883004	0.001041191138	0.001432529163	0.0003900764638	0.0009555386188
	0.0006880822581	0.0005724988957	0.0002915434924	0.0002915434924	0.0003684506453
	0.0004613271476	0.000456129992	0.0001857036886	5.752090997e-05	9.509353058e-06
	4.849648872e-05	9.252650006e-06	9.252650006e-06	0.005582969026	0.004636728833
	0.003566313924	0.06189765045	0.04247032385	0.003566313924	0.006337731204
	0.006933411107	0.007095903	0.004823276345	0.005346701925	0.004521144952
	0.003496666879	0.001195725006	0.001823954558	0.002500921017	0.002534405263
	0.002534405263	0.0001827691278	0.0004079710454	0.0004076050301	0.0001550967131
	0.0001827691278	0.0001495781536	0.0001495781536	0.001775949338	0.0009634714979
	0.001099935038	0.001208335376	0.01946036802	0.001532756116	0.001432529163
	0.001775949338	0.000456129992	0.0008525898399	0.001175331851	0.0009536246504
	0.0005894552658	0.0006733633815	0.0003684506453	0.0001832982846	0.0003439493578
	0.0006733633815	0.0004613271476	0.0004613271476	5.026437525e-06	5.368681058e-05
	0.0002279985475	0.0002279985475	8.650219607e-05	0.0001213618866	7.244455348e-05
	1.479013947e-05	8.356053421e-05	0.005093730129	0.004636728833	0.005324993744
	0.04498580335	0.01316805736	0.006337731204	0.007095903	0.007095903
	0.005093730129	0.006933411107	0.004521144952	0.004257936724	0.004300892568
	0.001106223889	0.001661775526	0.002319837965	0.003354318674	0.0001827691278
	0.001198993545	0.0004783739039	0.0004783739039	0.000342214607	0.000342214607
	0.0002156898827	0.001775949338	0.001969816744	0.01281968942	0.002499064449
	0.002557007217	0.0008525898399	0.00161799888	0.0008525898399	0.001249412872
	0.0005894552658	0.0006733633815	0.0003704517975	0.0004678457631	0.0005748818369
	0.0005748818369	2.588340875e-06	1.479013947e-05	5.368681058e-05	0.0002279985475
	0.0003704517975	0.0002199551838	0.0001147246915	8.293512541e-05	1.479013947e-05
	0.005093730129	0.00381548387	0.01316805736	0.04498580335	0.006454769372
	0.006493730505	0.00783341639	0.004353513176	0.006493730505	0.004257936724
	0.004257936724	0.003354318674	0.001198993545	0.002319837965	0.002319837965
	0.002029428901	0.003440717027	0.0008823012556	0.001198993545	0.0004783739039
	0.001969816744	0.0003364999628	0.000354509923	0.0004960550776	0.0004960550776
	0.002557007217	0.00161799888	0.005388567432	0.004258508648	0.0004165427441
	0.001261474084	0.001261474084	0.0007734664704	0.0005654766827	0.0004176791279
	0.0004678457631	0.0004678457631	7.058780957e-05	2.701126189e-05	7.000203775e-05
	5.996651224e-05	0.0003551703107	0.0004182193467	0.0001755066185	0.0003551703107
	0.0002666497557	0.0001055185843	0.00381548387	0.00381548387	0.02349856974
	0.006454769372	0.006179016153	0.006454769372	0.007103846426	0.004845095969
	0.005474767764	0.005478694072	0.0008823012556	0.001189466458	0.002547532096
	0.003491794112	0.002065979777	0.002755296442	0.001034974024	0.0005606993519
	0.0003461377158	0.001390116379	0.0004960550776	1.338586696e-05	2.438714916e-05
	0.002621597359	0.002738056374	0.002151709203	0.005412020682	0.0007814195613
	0.0005654766827	0.001261474084	0.00150838471	0.0009412012526	0.0005654766827
	0.0004176791279	0.0004182193467	7.058780957e-05	7.260550441e-05	7.94724744e-05
	7.811432199e-05	8.823241514e-05	0.0004182193467	0.0001755066185	0.00018078673
	0.0001329973364	0.0004625134757	0.004845095969	0.003839448004	0.02349856974
	0.005474767764	0.006981527424	0.006179016153	0.007258764535	0.00354909036
	0.005474767764	0.004479591165	0.005533813342	0.001747838793	0.003491794112
	0.002547532096	0.002940035065	0.002940035065	0.001747838793	0.00192821118
	0.0008280133461	0.0008280133461	0.001000099851	0.001425429272	0.001561919132
	4.083432257e-05	5.435951545e-05	5.435951545e-05	5.385876144e-05	0.002738056374
	0.002738056374	0.002474691054	0.007371134257	0.0006568059926	0.0008959630139
	0.00210451256	0.00150838471	0.001369110958	0.0005851054759	0.0005773780973
	0.0005773780973	0.0003835701329	0.000921219578	0.0007441958287	7.260550441e-05
	7.260550441e-05	7.94724744e-05	9.38318969e-05	0.000164920884	0.0002259447575
	0.000164920884	0.0001265938157	0.0002245538981	0.004314502768	0.004314502768
	0.06830054724	0.007380771122	0.004354853834	0.007440979192	0.004354853834
	0.00406001751	0.005533813342	0.004911266767	0.007380771122	0.002897959804
	0.003974017607	0.002897959804	0.004911266767	0.002409702939	0.002409702939
	0.001164129797	0.001164129797	0.001287113881	0.001758632748	0.00200638097
	0.001802191537	9.182795172e-05	8.320253262e-05	5.435951545e-05	9.79202984e-05
	7.484196902e-05	0.002570772779	0.002698280156	0.002570772779	0.007576339734
	0.001131395369	0.0008959630139	0.001211220719	0.002468923289	0.001569855549
	0.0006857263214	0.0004524497562	0.0004524497562	0.0008373187893	0.001066298713
	7.583006053e-05	9.38318969e-05	0.0001265938157	0.0001394413825	0.0001770886492
	0.0003946236222	0.0002096767405	0.0004465021568	0.004314502768	0.07981683326
	0.007380771122	0.006472274187	0.004354853834	0.006472274187	0.00406001751
	0.006777805239	0.006777805239	0.002897959804	0.003238329199	0.005019684791
	0.003974017607	0.006498228325	0.00267790917	0.001798487432	0.001164129797
	0.001206073461	0.002031103461	0.002359576101	0.002359576101	0.0001133386105
	0.0001018438825	7.651600858e-05	9.302278548e-05	9.761237675e-05	0.0001142673496
	0.002570772779	0.002202600544	0.003849321321	0.001211220719	0.001211220719
	0.002427670572	0.001569855549	0.0009976517547	0.0004465021568	0.0007921483444
	0.001066298713	0.001066298713	0.001166216227	0.000147269765	0.0002472101356
	0.0003265841472	0.0003265841472	0.0004053430979	0.0002817207263	0.0004465021568
	0.0004053430979	0.0006703285169	0.000728519748	0.004150454345	0.07561159363
	0.007284864958	0.006391008661	0.006472274187	0.006096018189	0.003927208633
	0.006777805239	0.003487382193	0.004599356786	0.003816237869	0.005019684791
	0.006498228325	0.003487382193	0.003487382193	0.006752706936	0.002351991921
	0.001878613682	0.001878613682	0.002001870926	0.002516520645	0.002516520645
	0.0001097349835	0.0001018438825	0.0001024516969	0.0001309196015	0.0001142673496
	0.0001354622929	0.0001354622929	0.0001592429614	0.002202600544	0.003849321321
	0.001893640612	0.00126023935	0.002126092025	0.001217958325	0.0007921483444
	0.00126023935	0.001217958325	0.000147269765	0.000217653605	0.0004326922938
	0.0004566746605	0.0005918887148	0.0005918887148	0.000728519748	0.0008207443015
	0.0008614273675	0.0009474572076	0.008860410225	0.05689916209	0.005971638217
	0.005653036907	0.005653036907	0.004335723616	0.006095256643	0.006752706936
	0.004154436872	0.00464170731	0.004729652559	0.006095256643	0.002890206953
	0.004154436872	0.006752706936	0.006715096718	0.00244119093	0.00244119093
	0.001878613682	0.002383808944	0.002383808944	0.002516520645	0.002960417069
	0.004092596385	0.0001328789712	0.0001338528611	0.0001488807743	0.00012260342
	0.0001156512422	0.0001156592537	0.0001101962299	0.0001488807743	0.0001192100413
	8.122708649e-05	0.0001192100413	0.0001592429614	0.0001354622929	0.0001567423595
	0.0001592429614	0.002126092025	0.004073445424	0.001794697645	0.001510687518
	0.001900780122	0.001334187216	0.001217958325	0.001288194453	0.001347422753
	0.0002298650552	0.0005280586465	0.0004566746605	0.0004326922938	0.0008049967828
	0.0005918887148	0.001128421508	0.0008614273675	0.001261240839	0.01276178554
	0.03999756377	0.004551974004	0.002592474175	0.003418454743	0.006095256643
	0.006671145811	0.004624172038	0.004624172038	0.00565274437	0.005804789603
	0.003431114203	0.006671145811	0.006310606359	0.006103510343	0.002454718401
	0.00244119093	0.002938301827	0.002454718401	0.002383808944	0.003274631179
	0.002746431092	0.003431114203	0.004092596385	0.003680632658	0.0001099704794
	0.0001076471373	0.0001245876909	0.0001101962299	0.0001055845764	0.0001837857715
	0.0001099704794	1.746763132e-05	8.413287763e-05	4.39824081e-05	2.399696819e-05
	0.0001147751435	8.122708649e-05	0.0001064668666	8.122708649e-05	1.032748932e-05
	1.746763132e-05	0.0003564250287	0.0001567423595	0.0001567423595	0.0003533819645
	0.005443550505	0.009458899782	0.001584541525	0.001084232103	0.001084232103
	0.001333846599	0.001288194453	0.001288194453	0.00152239134	0.0003564250287
	0.0005280586465	0.0008749643243	0.0008049967828	0.001001817684	0.001432222973
	0.001001817684	0.001261240839	0.006956773316	0.03999756377	0.002592474175
	0.004551974004	0.003418454743	0.005547367437	0.004624172038	0.004268015078
	0.005547367437	0.005629536799	0.005629536799	0.004581991985	0.002644826572
	0.002621279066	0.002816956981	0.00323564629	0.003172941646	0.002641578756
	0.002790619006	0.002790619006	0.003680632658	0.00437713819	0.003680632658
	0.0001099704794	0.0001076471373	0.000100137264	0.0001110267999	0.0001631151991
	0.0002013713945	0.000102091805	1.746763132e-05	3.731730783e-05	2.528195842e-05
	4.809183139e-05	0.0001064668666	6.083496464e-05	7.628343353e-05	1.354692303e-06
	1.354692303e-06	1.003722057e-07	5.475405009e-07	1.929856965e-06	1.121728182e-05
	5.162454112e-06	0.0004781791698	0.0003223909995	0.0003083199076	0.0003083199076
	0.001660343343	0.01796116188	0.001333846599	0.001084232103	0.001333846599
	0.001487025398	0.001533183583	0.001371480762	0.0008762288504	0.0004781791698
	0.001042582023	0.001235760478	0.001001817684	0.001466249416	0.001485052792
	0.009186804837	0.06165028707	0.003556312412	0.003289903698	0.006853262821
	0.005547367437	0.00437713819	0.004268015078	0.004825254958	0.004581991985
	0.004581991985	0.002644826572	0.002644826572	0.002738375805	0.003003947924
	0.0035376205	0.003172941646	0.003172941646	0.002759190833	0.002759190833
	0.003547367964	0.003635156969	0.003501809245	0.0001160189749	0.0001160189749
	8.382107141e-05	0.0001631151991	0.0001959407099	0.0002013713945	9.268680676e-05
	1.432929281e-05	3.848180482e-05	3.848180482e-05	4.466277485e-05	4.964833476e-05
	4.964833476e-05	9.702174794e-06	1.003722057e-07	8.872467205e-10	1.929856965e-06
	2.379591724e-08	8.84561846e-08	2.379591724e-08	2.388008557e-06	5.162454112e-06
	5.030057706e-06	0.0004781791698	0.0003045099598	0.0003083199076	0.0004489452745
	0.009562989624	0.01796116188	0.001057436629	0.0007743160376	0.001057436629
	0.001466249416	0.001506543274	0.001506543274	0.001313952383	0.001235760478
	0.001042582023	0.0006949389228	0.001042582023	0.001331681204	0.001331681204
	0.001569882599	0.006853262821	0.06569539662	0.002386206174	0.003289903698
	0.008588928818	0.003769968014	0.00366045908	0.003769968014	0.00325229799
	0.003162076889	0.002752135502	0.002623204568	0.002671395611	0.002811362562
	0.003041003125	0.003809947974	0.004721893294	0.002746585772	0.002765210235
	0.002759190833	0.00366045908	0.003781862454	0.003460721017	0.0001160189749
	9.339178727e-05	9.339178727e-05	0.0001959407099	0.0001959407099	0.0003455190678
	0.0001012315348	2.185885137e-05	2.185885137e-05	4.466277485e-05	5.880950142e-05
	4.266041143e-05	9.702174794e-06	5.030057706e-06	1.488226884e-07	1.143103279e-07
	2.034653773e-06	2.379591724e-08	2.442956477e-07	1.461547585e-07	5.030057706e-06
	0.0006009123494	0.0003455190678	0.0005688399523	0.005463874604	0.02854793359
	0.001057436629	0.0007183979687	0.001313952383	0.001387530724	0.001506543274
	0.001347009439	0.0007518361094	0.001183329313	0.0011607146	0.0011607146
	0.001331681204	0.001529079135	0.0315143479	0.07334807258	0.003609120931
	0.002690593809	0.008588928818	0.00325229799	0.002716765479	0.002150283328
	0.002899418352	0.002645506866	0.002645506866	0.00259715133	0.002623204568
	0.002623204568	0.002671395611	0.002911130064	0.003809947974	0.004721893294
	0.004721893294	0.002690593809	0.002746585772	0.002468225059	0.002716765479
	0.002573534836	0.002079213052	0.0001012315348	0.0001148370213	7.681230987e-05
	0.0003777561972	0.0002502482466	0.0001529308651	0.0002502482466	0.000132899293
	2.185885137e-05	3.241885522e-05	3.241885522e-05	4.500701825e-05	8.610842439e-07
	9.418062256e-06	4.204409246e-06	1.143103279e-07	1.143103279e-07	1.042229151e-06
	1.196715365e-06	1.196715365e-06	1.461547585e-07	2.029688828e-06	8.610842439e-07
	0.0005688399523	0.0005688399523	0.005463874604	0.01348882605	0.0006654505144
	0.0008952118852	0.0006654505144	0.001297336912	0.001387530724	0.0009270789748
	0.0008429558246	0.0006319444587	0.00137225673	0.001114674777	0.001048427831
	0.001436191701	0.0315143479	0.08254157728	0.002690593809	0.01080320204
	0.002150283328	0.002150283328	0.002515701089	0.002079213052	0.002322459959
	0.002322459959	0.001939140993	0.002268789842	0.002268789842	0.002599624666
	0.002922244367	0.002897097723	0.004046717876	0.005030077633	0.002378329582
	0.001984618331	0.001984618331	0.001550015499	0.001752402675	0.002079213052
	1.531159076e-05	0.0003766901939	0.0001148370213	9.162689703e-05	0.0003548027485
	0.0002502482466	0.0001522477594	0.0001522477594	1.531159076e-05	6.636286316e-05
	3.479410943e-05	4.500701825e-05	2.684647694e-06	3.772356789e-06	1.420743432e-06
	5.68700932e-06	6.80017617e-06	5.68700932e-06	2.029688828e-06	1.728477711e-06
	2.684647694e-06	1.728477711e-06	0.0006319444587	0.0008952118852	0.005793021259
	0.0006654505144	0.0009155390944	0.0007998940108	0.001436191701	0.001297336912
	0.0009708862945	0.000812834585	0.0008900619109	0.00137225673	0.001169228368
	0.001169228368	0.001228040599	0.05033081317	0.08515297567	0.007041167228
	0.01080320204	0.001943198457	0.001257164363	0.00185483453	0.002322459959
	0.002176970205	0.002176970205	0.001943198457	0.002320886139	0.002268789842
	0.002599624666	0.002599624666	0.002922244367	0.004046717876	0.005022368507
	0.004046717876	0.004134617229	0.001984618331	0.001550015499	0.001321645352
	0.00170155872	0.001321645352	0.0004729216293	0.0004729216293	1.01357022e-05
	9.441393211e-06	0.0003766901939	0.0001236985609	0.0001236985609	0.0002218103472
	0.0001629770094	0.0001690792766	0.0003467267263	3.479410943e-05	9.705875686e-05
	3.479410943e-05	2.684647694e-06	8.500453022e-06	1.588176302e-05	1.849285063e-05
	2.754220358e-05	1.728121213e-05	1.021031202e-05	1.07942933e-05	1.07942933e-05
	0.0008665940148	0.0009155390944	0.002669924012	0.0007998940108	0.0006721353974
	0.0007998940108	0.001041311193	0.001245377447	0.001245377447	0.001212455094
	0.0008665940148	0.001261235426	0.001067604448	0.001109340846	0.001384140063
	0.03378266783	0.05524258627	0.004134617229	0.01217694897	0.001257164363
	0.001257164363	0.001357452684	0.001751585966	0.001391153266	0.00309027135
	0.001736308613	0.002316740526	0.002316740526	0.002154626889	0.004921970695
	0.002861199805	0.002859972113	0.005022368507	0.00309027135	0.001222341265
	0.001736308613	0.00101012282	0.001321645352	0.001357452684	0.0006603415669
	0.0008802008824	0.0005454566911	0.0003467267263	1.03423925e-05	1.03423925e-05
	0.0002925543828	0.0001236985609	0.0002218103472	0.0002179701764	2.756263737e-05
	2.756263737e-05	9.162807689e-05	6.715836976e-05	1.749879655e-05	1.588176302e-05
	4.011582387e-05	4.978233362e-05	3.634801024e-05	2.760320817e-05	1.728121213e-05
	4.704508565e-05	4.704508565e-05	0.0005454566911	0.0009629299648	0.003269546062
	0.002669924012	0.0008818817522	0.0005904571277	0.001002319233	0.00138424304
	0.00139602228	0.001584329427	0.0009629299648	0.001067604448	0.001067604448
	0.001127464799	0.03591520589	0.04452971831	0.008498617942	0.008498617942
	0.001123943309	0.002056924899	0.001105555899	0.001391153266	0.00309027135
	0.001880501229	0.002177511057	0.002177511057	0.002090252529	0.003975129191
	0.003966665083	0.002861199805	0.003291421971	0.004640831542	0.001248750609
	0.001507131484	0.001107560679	0.0009342106268	0.001123943309	0.0009342106268
	0.000677969631	0.0005808211293	0.0006332509609	0.0005454566911	0.0003094472658
	2.865497458e-05	0.0002179701764	0.0001695063683	0.0002481777924	0.0002481777924
	5.818699138e-05	2.816759354e-05	0.0001289999756	5.818699138e-05	3.025579489e-05
	4.011582387e-05	4.011582387e-05	4.508429382e-05	8.130512713e-05	6.524887894e-05
	4.704508565e-05	0.0005544334987	0.0008814934363	0.0008814934363	0.001262048445
	0.004029944949	0.0008818817522	0.0009519946548	0.001134080007	0.001127464799
	0.001584329427	0.001540731787	0.000904595081	0.001243496607	0.001127464799
	0.02614435855	0.04452971831	0.008498617942	0.01206594079	0.002149812244
	0.0006777844549	0.0008338793782	0.002814529497	0.001527423933	0.001527423933
	0.001714384168	0.003848203505	0.00195256776	0.003966665083	0.003966665083
	0.002712313157	0.00702878507	0.0008561707578	0.001175634589	0.0008561707578
	0.0009342106268	0.002149812244	0.001174519916	0.0006784949371	0.0006784949371
	0.0006332509609	0.0004479708239	0.000352177369	4.56861127e-05	4.56861127e-05
	0.0002248067116	0.0001836320393	0.0001911126538	5.818699138e-05	0.0001208173852
	8.002950891e-05	4.883738023e-05	6.713210342e-05	0.0001211682122	0.0001211682122
	4.508429382e-05	4.508429382e-05	8.130512713e-05	6.524887894e-05	0.0005544334987
	0.0007899514896	0.0007899514896	0.0005544334987	0.0009519946548	0.001158094543
	0.001469945811	0.001337864967	0.002135916796	0.001240186374	0.001880774157
	0.002135916796	0.000904595081	0.0009757411634	0.0009757411634	0.01206594079
	0.03746691137	0.008855954347	0.008855954347	0.00290870068	0.00070668692
	0.0005988812474	0.004671508475	0.001175634589	0.001369880417	0.004492933074
	0.001580503022	0.003179601633	0.002229861016	0.002701290504	0.002207577047
	0.00702878507	0.0006493515803	0.0009188796405	0.001175634589	0.0004972482274
	0.001599852324	0.00172790532	0.0006784949371	0.0006662758715	0.0005931779016
	0.0005988812474	0.0004527979037	0.000352177369	0.0002607498205	4.56861127e-05
	8.430837361e-05	0.000115953627	0.000251694671	0.0001911126538	0.0001911126538
	0.000115953627	4.883738023e-05	7.162555837e-05	0.0001164651201	0.0001211682122
	0.0001165651811	0.0001418529191	7.869919851e-05	0.0001206087773	0.0001007274395
	0.0003834744344	0.0006522555063	0.000662340646	0.0006434036599	0.001337864967
	0.002575676784	0.001895500365	0.001337864967	0.002135916796	0.001240186374
	0.00196072941	0.00196072941	0.0009757411634	0.001054687379	0.02529745734
	0.02094279231	0.008855954347	0.009622921312	0.004671508475	0.00070668692
	0.004671508475	0.0009188796405	0.001369880417	0.001580503022	0.004254771515
	0.003693711476	0.002229861016	0.002560275814	0.002229861016	0.002671047909
	0.001070765824	0.007108655516	0.0004972482274	0.0009188796405	0.0004972482274
	0.0004167766028	0.002063142633	0.003089332432	0.0007365247638	0.002063142633
	0.0008557725765	0.0005391283227	0.0004527979037	0.0003495864916	0.0002452437033
	0.0002452437033	5.853348441e-05	8.430837361e-05	0.0001243031157	0.000162142535
	0.000162142535	8.643941755e-05	7.162555837e-05	0.0001390487414	0.0001390487414
	0.0001878192351	0.0001878192351	0.0002580961278	0.0002580961278	0.0001040285919
	0.0001111920342	0.0001589325785	0.0003495864916	0.0004466880852	0.0005039293483
	0.0007559499224	0.0006434036599	0.002047898017	0.0070642012	0.002301073386
	0.001888467766	0.002563624249	0.001702450064	0.001255072265	0.001325806449
	0.0008487418689	0.001227737711	0.001797887191	0.009622921312	0.02094279231
	0.00820108402	0.00820108402	0.005237695167	0.005850352639	0.0005086349415
	0.0007532861805	0.001080163516	0.001555086914	0.003571250334	0.003113235467
	0.003113235467	0.00216176017	0.001924828091	0.002240433112	0.001070765824
	0.001070765824	0.007805781696	0.0004167766028	0.0007199656008	0.0005086349415
	0.0004167766028	0.002063142633	0.003153384904	0.001799893371	0.001654236703
	0.0008557725765	0.0005391283227	0.0006653158328	0.0003354093026	0.0002740281006
	0.0002055500163	0.0002740281006	0.0001273207674	0.0001243031157	0.0001243031157
	0.0001380129863	0.0001380129863	0.0001577023196	0.0003735220217	0.0002735971161
	0.0002735971161	0.0002580961278	0.0002217721929	0.0002202910312	0.0002202910312
	0.0001577023196	0.0007559499224	0.0004466880852	0.0004189631151	0.0005571095688
	0.0005571095688	0.004231114858	0.003820601987	0.002563624249	0.002563624249
	0.002851267457	0.001227737711	0.001071342069	0.001227737711	0.002122843894
	0.00971438864	0.00971438864	0.003947296898	0.007805781696	0.005435885483
	0.005850352639	0.0004223591876	0.0005199037779	0.001351138692	0.001558190131
	0.003141177787	0.003113235467	0.002595101505	0.00216176017	0.00216176017
	0.001048018585	0.0007199656008	0.007014372312	0.005435885483	0.0003904943908
	0.0007199656008	0.0003904943908	0.0005145454891	0.00170439434	0.003619007354
	0.005204243079	0.003619007354	0.00170439434	0.0009998618695	0.001318795145
	0.0006653158328	0.0006653158328	0.0003176544415	0.0002740281006	0.0002264784179
	0.0002264784179	0.0001618938008	0.0001853459891	0.0001380129863	0.0001835972986
	0.0001577023196	0.0004189631151	0.0003840944871	0.0004113542748	0.0005115077866
	0.0004077024234	0.0002202910312	0.0003193174956	0.0003193174956	0.0002275076176
	0.0005861125578	0.0004189631151	0.0005571095688	0.0005344312834	0.003001616041
	0.01278332535	0.003657362833	0.003657362833	0.002851267457	0.002122843894
	0.001598751432	0.0007319454843	0.0009184454812	0.001598751432	0.00971438864
	0.007774405033	0.003331455737	0.007014372312	0.005435885483	0.0003864801883
	0.00121295026	0.00121295026	0.003124049726	0.003124049726	0.002486507467
	0.002218855502	0.001892799271	0.0009878958199	0.000609483323	0.0007838465602
	0.007014372312	0.005414364904	0.0004392517432	0.0005145454891	0.000609483323
	0.0004209328502	0.0003864801883	0.0004392517432	0.0005626723782	0.002969252564
	0.005204243079	0.003619007354	0.004350440855	0.002069653657	0.001094479002
	0.002291088024	0.001105690486	0.001105690486	0.0003176544415	0.0002838067458
	0.0002597866297	0.0002088797007	0.0002088797007	0.0001480869249	0.0002033721725
	0.0002557507365	0.0003945356326	0.0003840944871	0.0005769271953	0.0004077024234
	0.0004077024234	0.0004161626967	0.0003480036541	0.0003505204602	0.0002275076176
	0.0006216800903	0.0005687980141	0.0005687980141	0.0005440978757	0.008688486847
	0.01014226451	0.006018594084	0.005002090509	0.00331218747	0.002582455974
	0.001219898609	0.0006678161123	0.001219898609	0.003093394809	0.002990485433
	0.002756568953	0.003880504916	0.005206174697	0.00121295026	0.001497164597
	0.002927773072	0.003124049726	0.003126904505	0.002035968647	0.002035968647
	0.001773895323	0.00149194608	0.001223417185	0.0006223957908	0.000609483323
	0.0004765064426	0.00592033311	0.005371502301	0.0005439948295	0.0004843860024
	0.0003853042341	0.0003865655578	0.0004081287465	0.000845768601	0.005176511547
	0.003542480899	0.003542480899	0.002291088024	0.001270306043	0.002291088024
	0.001105690486	0.001188289256	0.0003011992391	0.0002838067458	0.0002597866297
	0.0002597866297	0.0001996946649	0.0002557507365	0.0002557507365	0.0004145410405
	0.0004145410405	0.0006154624999	0.0006154624999	0.0004161626967	0.0004161626967
	0.0003480036541	0.0003610342025	0.0002875140692	0.0005687980141	0.0005459554837
	0.0005459554837	0.008688486847	0.02507069375	0.006439620053	0.004342734588
	0.003695613914	0.002440895197	0.001219898609	0.00107115444	0.001218443575
	0.00111056271	0.004023417533	0.004339685216	0.004388826258	0.005371502301
	0.001223417185	0.002801776221	0.002801776221	0.002200878712	0.002087139643
	0.001829927592	0.000784949168	0.001773895323	0.0009939777617	0.0009939777617
	0.0004765064426	0.0004765064426	0.000380551842	0.003827084165	0.003339325589
	0.0006643770443	0.0004081287465	0.0003865655578	0.0003865655578	0.00109116189
	0.00109116189	0.005176511547	0.005176511547	0.003195909557	0.002648198058
	0.002648198058	0.002117719971	0.002117719971	0.00121828769	0.0002501431858
	0.0003663406764	0.0003380384779	0.0003380384779	0.0002897132312	0.0004539460617
	0.0005344527099	0.0005044809996	0.0009072396913	0.0007489863767	0.0006008239162
	0.0005613078521	0.0003610342025	0.0003610342025	0.0003431761252	0.0006911360568
	0.0007246467436	0.0005711431808	0.0005811389998	0.01091065511	0.02507069375
	0.006439620053	0.005503639384	0.003473470883	0.00255395013	0.001218443575
	0.0012143937	0.001347511504	0.001332067485	0.004339685216	0.00200722213
	0.00388789794	0.0006550334009	0.0007778108247	0.002674339251	0.002801776221
	0.002792917201	0.002087139643	0.004604729303	0.001829927592	0.001689505164
	0.0007715315189	0.001239301805	0.00097733676	0.0005245119178	0.0004333488481
	0.000380551842	0.003827084165	0.003827084165	0.0007778108247	0.0004849584136
	0.0004039807745	0.00109116189	0.001129850903	0.001901219474	0.004285121331
	0.004572546487	0.002831356542	0.002408937256	0.002117719971	0.001901219474
	0.0003111522558	0.0003722425378	0.0003380384779	0.0003431761252	0.0005919220399
	0.0006477722736	0.0005446861889	0.000880566253	0.000880566253	0.0007950452809
	0.0005613078521	0.0004731079888	0.0003885577257	0.0004105008174	0.0007228888028
	0.0006893255356	0.0006870498494	0.000742073486	0.01754936241	0.03224434762
	0.005503639384	0.005503639384	0.003721691661	0.0010555712	0.001285196218
	0.000823439794	0.002207382143	0.002309357526	0.00200722213	0.008225967439
	0.00200722213	0.00388789794	0.004604729303	0.0007778108247	0.000440004708
	0.002837696119	0.002661405415	0.002661405415	0.002074989196	0.001689505164
	0.004285121331	0.001189140748	0.001189140748	0.0005245119178	0.00097733676
	0.00097733676	0.0004218630769	0.0003649398013	0.0003649398013	0.003749137356
	0.002237874339	0.0007324614258	0.000440004708	0.0009638794158	0.001481632503
	0.0009638794158	0.001976395317	0.001976395317	0.003587945795	0.00310111997
	0.002794101488	0.00232179911	0.000449120594	0.0003945987109	0.000449120594
	0.0006260991692	0.0007228888028	0.0005446861889	0.0007228888028	0.001020834128
	0.0007950452809	0.0007950452809	0.0005269403475	0.0005269403475	0.0005365422834
	0.0005076442395	0.000823439794	0.0006795084922	0.0006795084922	0.01754936241
	0.02497694396	0.01129181034	0.003721691661	0.003721691661	0.001285196218
	0.000823439794	0.0009058853928	0.001130220563	0.00140439877	0.001838272729
	0.001506706037	0.01727964447	0.002115017758	0.003749137356	0.003950163393
	0.003770744701	0.0006387901931	0.0003499795604	0.0004218630769	0.002598549768
	0.002713796703	0.002373748282	0.002373748282	0.001727717072	0.001445076998
	0.003587945795	0.001189140748	0.0005306406811	0.0007911615812	0.0004218630769
	0.0003110811509	0.0004284456828	0.002893011904	0.001385894956	0.000687706924
	0.0004699405034	0.0009638794158	0.001397069654	0.001181495017	0.00232179911
	0.00178651084	0.003587945795	0.003037247729	0.00232179911	0.00309937415
	0.0007411258882	0.0004946219465	0.000449120594	0.0006260991692	0.0006244896428
	0.0007411258882	0.001138104629	0.0008783318515	0.0008783318515	0.0007432295096
	0.0007432295096	0.0005076442395	0.0005076442395	0.000879578612	0.0006795084922
	0.001195678894	0.01129181034	0.05550130455	0.009183416193	0.003690012109
	0.005100331619	0.001130220563	0.001225502413	0.001225502413	0.001355728628
	0.005673521339	0.001506706037	0.0139328427	0.001385894956	0.002909608038
	0.002840592493	0.00309937415	0.000687706924	0.0003121112919	0.0003816264571
	0.0003816264571	0.001968821868	0.003203951955	0.002071560543	0.002585079209
	0.001857459323	0.002071560543	0.001218220279	0.001218220279	0.0009657158074
	0.003284077797	0.0007911615812	0.0003110811509	0.0003110811509	0.0003407951028
	0.0003407951028	0.001385894956	0.000687706924	0.0005970718246	0.0004683705703
	0.001016270517	0.001466293964	0.001181495017	0.001114444887	0.002482605682
	0.001653285205	0.002657119481	0.002468042612	0.00309937415	0.0009353317012
	0.0005500310439	0.0005500310439	0.0007314041793	0.0007208311557	0.0009373935449
	0.001637276634	0.001329229688	0.001013005267	0.0007432295096	0.0008034668452
	0.0006181157737	0.0006268941465	0.0006268941465	0.001037645104	0.001037645104
	0.001530438804	0.01132444544	0.05550130455	0.008769238904	0.003690012109
	0.005745244235	0.001355728628	0.001189320788	0.001530438804	0.001225502413
	0.002040569149	0.005673521339	0.001828780605	0.0139328427	0.00124957942
	0.002660352808	0.002840592493	0.002840592493	0.002660352808	0.0003816264571
	0.0004836795845	0.002657119481	0.001968821868	0.0009657158074	0.003203951955
	0.003203951955	0.002071560543	0.002297681198	0.001266702433	0.001639249217
	0.001218220279	0.0005738391117	0.002761042404	0.0004836795845	0.0002473350667
	0.000245167473	0.000274661237	0.0003278099273	0.0003278099273	0.00124957942
	0.0008057503027	0.0006420870533	0.0005122085374	0.0009656108098	0.001466293964
	0.001114444887	0.001114444887	0.001826289555	0.002301471854	0.002657119481
	0.002519140514	0.0009373935449	0.0008529569316	0.0008529569316	0.0009373935449
	0.001892168771	0.001892168771	0.001013005267	0.0008034668452	0.0007192723672
	0.0007192723672	0.0007788580127	0.0007034841504	0.001037645104	0.001530438804
	0.02415255342	0.05770641183	0.008769238904	0.003636408633	0.001714051178
	0.003636408633	0.002057831023	0.002057831023	0.001798237506	0.002094723155
	0.002503853083	0.008867160538	0.001828780605	0.02341214423	0.001248192082
	0.002660352808	0.00207572903	0.001675283572	0.002013181842	0.001870707327
	0.0004836795845	0.002412909724	0.00152628939	0.0007560656962	0.003803406858
	0.002291381194	0.002059015205	0.001639249217	0.001501760859	0.001027384243
	0.001176453665	0.001027384243	0.0007560656962	0.0005738391117	0.002312000471
	0.0003393329579	0.000219062367	0.0002177643661	0.0002177643661	0.0002332664729
	0.0003278099273	0.0003943312754	0.001700159973	0.00138702875	0.0008057503027
	0.0006141008361	0.0005014492873	0.0009656108098	0.001590731144	0.001368393395
	0.001224331267	0.001890596436	0.001679760613	0.002312000471	0.002148728125
	0.001890596436	0.002519140514	0.001675283572	0.001291762831	0.001274438041
	0.0009258468256	0.001892168771	0.001028562342	0.0008054604989	0.0009258468256
	0.0008054604989	0.0007175346792	0.0007307754324	0.0007307754324	0.001325014306
	0.001412849078	0.02415255342	0.05770641183	0.006528434113	0.004035965322
	0.002251697584	0.00231132221	0.003052949115	0.002057831023	0.002101939218
	0.003052949115	0.00909973783	0.002800190254	0.02341214423	0.001700159973
	0.001903001188	0.001870285106	0.001675283572	0.001870707327	0.001480365993
	0.001480365993	0.0009091981294	0.001027384243	0.0009416831789	0.000716397824
	0.0004950853559	0.0003411636845	0.00189635051	0.0002131862464	0.0002171108406
	0.0002177643661	0.0002439902783	0.0003018079632	0.0003348113115	0.00138702875
	0.00138702875	0.001661357182	0.0006141008361	0.0005014492873	0.0005014492873
	0.0007499101142	0.001440830871	0.001224331267	0.0009366843762	0.001890596436
	0.001611227661	0.001839535043	0.002148728125	0.001839535043	0.001614442234
	0.001325014306	0.0009258468256	0.001975049885	0.0008342125001	0.001400799311
	0.0008364661829	0.0008342125001	0.0007175346792	0.0007351786108	0.0007307754324
	0.002083428005	0.001412849078	0.001412849078	0.03799140848	0.05291695672
	0.006528434113	0.004192234678	0.002706393776	0.002083428005	0.002528896297
	0.002706393776	0.003394068351	0.007115090044	0.003791550482	0.01453953939
	0.003791550482	0.001655910179	0.001661357182	0.0015171047	0.0009091981294
	0.0003618655601	0.000692669968	0.0009416831789	0.0003948015092	0.0003618655601
	0.00189635051	0.0001580022507	0.0001831011906	0.0002104519367	0.0003348113115
	0.0002210786681	0.0003348113115	0.002179140877	0.001479484398	0.002179140877
	0.001661357182	0.0004232846671	0.0005907971997	0.0005404642725	0.0007322596372
	0.001163727359	0.001163727359	0.0008173537482	0.001625821309	0.001375529764
	0.001212520419	0.001839535043	0.001529982707	0.001655910179	0.001585427111
	0.001491972111	0.001172513907	0.001037634506	0.001410832689	0.0008428507215
	0.00135461314	0.001025935088	0.0007967780878	0.0007351786108	0.0007351786108
	0.001918974629	0.002040264377	0.001493669139	0.001307002493	0.008015195632
	0.05291695672	0.004244030151	0.003861927912	0.003781427842	0.004244030151
	0.002706393776	0.003112778558	0.003112778558	0.003394068351	0.003346128723
	0.003437621146	0.007092229192	0.00497793824	0.01287070891	0.00497793824
	0.0015171047	0.001565779511	0.0015171047	0.0002726202882	0.0005128678996
	0.0003948015092	0.0002639312034	0.0002639312034	0.001509900962	0.0001580022507
	0.0001580022507	0.0003058499929	0.000139602785	0.0001615396619	0.0002773529616
	0.0002579371556	0.001340779709	0.002179140877	0.003896315756	0.001771512908
	0.002177862672	0.001317664455	0.0004693364456	0.0005404642725	0.0005404642725
	0.0008173537482	0.001024369054	0.001024369054	0.0008173537482	0.001375529764
	0.001217522629	0.001073690293	0.001509900962	0.001285558056	0.001330782016
	0.001317664455	0.001403899215	0.001330782016	0.001037634506	0.0008428507215
	0.00135461314	0.0008428507215	0.00135461314	0.001003214902	0.0007760022183
	0.0007760022183	0.002040264377	0.002040264377	0.001307002493	0.001232906308
	0.01535524141	0.01954622142	0.003290087602	0.003781427842	0.003559808952
	0.002722070213	0.003710161256	0.003112778558	0.002722070213	0.003430158202
	0.003710161256	0.004500015841	0.0045070868	0.006418092831	0.00497793824
	0.01033073446	0.003896315756	0.001411109018	0.001411109018	0.001509900962
	0.0001403053741	0.0003058499929	0.0003708326643	0.0001603224368	0.0001941591139
	0.00024390993	0.00129269197	0.002513071362	0.001308089306	0.002192144839
	0.002177862672	0.001317664455	0.0003778464576	0.0004693364456	0.0005903360141
	0.0006215686112	0.0009276020138	0.0007942282682	0.0008013622636	0.001386663245
	0.001230137345	0.0009564157967	0.001411540532	0.001285558056	0.001285558056
	0.001330782016	0.001403899215	0.001308089306	0.001233194346	0.001038474038
	0.0008010208553	0.001284901807	0.0007160979306	0.001286030646	0.0009325544744
	0.0007760022183	0.001277722439	0.0009565091518	0.001232906308	0.003938233211
	0.01954622142	0.003938233211	0.003559808952	0.004520423578	0.001959423966
	0.002424814794	0.003872749508	0.003301938618	0.003872749508	0.005334850649
	0.006418092831	0.006568827518	0.01092247113	0.004462517447	0.003786968443
	0.001302536254	0.001411109018	0.001276298982	0.002912328005	0.001308089306
	0.00213191086	0.001380777083	0.0005036766707	0.0005592029201	0.0006215686112
	0.0009564157967	0.0007223374432	0.0006124034604	0.001230137345	0.001116499811
	0.0009564157967	0.001178414227	0.001178414227	0.001236961458	0.001233194346
	0.001383226128	0.001355066686	0.001305959284	0.001438060656	0.001894863981
	0.001250757278	0.0007970786549	0.0007970786549	0.001745872731	0.0007379202079
	0.0008606929839	0.0008823012171	0.001448125589	0.001287370793	0.0009565091518
	0.0007836231753	0.01390943851	0.003938233211	0.01017035353	0.003125852846
	0.003899540331	0.004520423578	0.004755439109	0.001959423966	0.002489396998
	0.004108878637	0.003301938618	0.004108878637	0.004462517447	0.005638788518
	0.01141638051	0.004555311232	0.002553459163	0.001229435454	0.001292633081
	0.001438060656	0.001338299285	0.0005653454387	0.0006206515129	0.0007223374432
	0.0006124034604	0.0006124034604	0.001448973191	0.0009964556338	0.0009063248658
	0.0008813241058	0.001070137497	0.001070137497	0.00116563669	0.001330788787
	0.001305959284	0.002859613541	0.001853157095	0.0013642393	0.001853157095
	0.001119210274	0.001158711945	0.001229435454	0.0007836231753	0.0006047559664
	0.001591653869	0.0007672909428	0.0007672909428	0.001463270832	0.001074752363
	0.001074752363	0.0007802088908	0.0007485153363	0.01390943851	0.003185234783
	0.00598727837	0.003185234783	0.003192971066	0.004719624555	0.004755439109
	0.004755439109	0.001976168793	0.003449593754	0.004187578571	0.002602309198
	0.003449593754	0.004108878637	0.004555311232	0.006112953698	0.01127960472
	0.004273431955	0.001253769882	0.001253769882	0.0007727190583	0.0006690172734
	0.001404856235	0.0013642393	0.0009063248658	0.0009063248658	0.0008554130119
	0.00103964921	0.0009596565733	0.001070496008	0.001327826536	0.001307734404
	0.002859613541	0.001853157095	0.001713416941	0.0013642393	0.00108720717
	0.001151902846	0.001192461304	0.0006047559664	0.0006047559664	0.0009210038101
	0.0006780330871	0.001463270832	0.001463270832	0.0006796628598	0.0006796628598
	0.0006796628598	0.06125787308	0.005778610798	0.002921196532	0.003185234783
	0.003253227672	0.003712960178	0.003920014969	0.005227815764	0.004511316667
	0.001976168793	0.004511316667	0.00351292572	0.00351292572	0.004935749036
	0.006457247367	0.01089376455	0.004935749036	0.01089376455	0.001307734404
	0.000763140298	0.001344983984	0.001404856235	0.001501546069	0.000763140298
	0.0009596565733	0.0008554130119	0.0009962978838	0.0009286587048	0.001031859013
	0.001306509178	0.002701148218	0.001713416941	0.001713416941	0.001762894221
	0.001451948773	0.001112314731	0.001161993744	0.001235842889	0.001235842889
	0.0004610378266	0.0005659243776	0.0007503048929	0.000774794178	0.00151297072
	0.001060036106	0.000543875973	0.000543875973	0.03786432843	0.005778610798
	0.003589744371	0.003253227672	0.003304345792	0.004399171054	0.005227815764
	0.004289538447	0.002063563112	0.002852254369	0.00351292572	0.00151297072
	0.004935749036	0.006477803532	0.006477803532	0.003837182626	0.003837182626
	0.006458462362	0.01179432466	0.00136086866	0.001344983984	0.001439308672
	0.0008135419682	0.0009286587048	0.0009789455049	0.0009286587048	0.001020626511
	0.00136086866	0.001344050669	0.001762894221	0.002421197279	0.001767494028
	0.001767494028	0.001388353511	0.001324145633	0.001411585146	0.001112314731
	0.001129953777	0.001244653499	0.001235842889	0.000419445489	0.000469563709
	0.0007360675724	0.0007360675724	0.00151297072	0.0007333810398	0.001066696173
	0.000543875973	0.0007216846469	0.0003973641288	0.05646035814	0.00899296718
	0.002736397534	0.002632479572	0.003589744371	0.004399171054	0.004399171054
	0.00464671089	0.004267614356	0.002819550994	0.00210346781	0.002819550994
	0.00210346781	0.00570485969	0.002368910985	0.003749296221	0.00570485969
	0.006638618664	0.01179432466	0.001336294594	0.001335176046	0.0009033171427
	0.00100829988	0.0009471022964	0.0009834570264	0.001344050669	0.001344050669
	0.001388353511	0.001264450975	0.001759638	0.00160913614	0.00160913614
	0.00145267915	0.001411585146	0.001266082507	0.001461640286	0.0009834570264
	0.001087357594	0.001129953777	0.001206924051	0.0003644180878	0.0004670574013
	0.0007360675724	0.0008204927989	0.0003954697134	0.0007333810398	0.000820759908
	0.0003954697134	0.0003057519614	0.05421094203	0.007079049231	0.005907163328
	0.002846728429	0.002846728429	0.002846728429	0.003889214757	0.004491446282
	0.004009348924	0.002819550994	0.003572418015	0.00210346781	0.001712761663
	0.001721563831	0.01736031007	0.02026491643	0.003749296221	0.002891604363
	0.004118643861	0.002636411263	0.00311793434	0.006638618664	0.00125514926
	0.0009471022964	0.0009834570264	0.001347460497	0.001469217013	0.001201869644
	0.001651122939	0.00160913614	0.00156281476	0.00125514926	0.001353875474
	0.001266082507	0.001266082507	0.001312291746	0.001050805988	0.001021717684
	0.001094959635	0.001206924051	0.0003641846002	0.0003641846002	0.0005921417493
	0.0003954697134	0.0005415119523	0.0003057519614	0.0003057519614	0.0009866696783
	0.05421094203	0.007079049231	0.07352324999	0.07683884942	0.007079049231
	0.003106061257	0.003106061257	0.0027093354	0.002835082153	0.004133929098
	0.00368303781	0.003453477965	0.003453477965	0.002808958721	0.001712761663
	0.001798605117	0.001405244252	0.07683884942	0.01374317092	0.003545883787
	0.003583223828	0.01111680075	0.002636411263	0.00311793434	0.002694147287
	0.001876161078	0.00311793434	0.003583223828	0.00125514926	0.001347460497
	0.001201869644	0.002074605914	0.001651122939	0.00156281476	0.00112281622
	0.001312291746	0.001263155679	0.001233115326	0.001263155679	0.001353875474
	0.001338938668	0.001323684238	0.001312291746	0.001065794952	0.00112281622
	0.001147819959	0.000454733298	0.0003143133743	0.0005921417493	0.0004773914534
	0.0003232564662	0.0007632026656	0.001119734581	0.009641539687	0.003920746802
	0.01244024089	0.01266924802	0.003920746802	0.003106061257	0.002458495232
	0.00265934413	0.003158369504	0.003320424335	0.003225920079	0.003225920079
	0.002808958721	0.001798605117	0.001889920533	0.001119734581	0.04415044449
	0.06055932105	0.01111680075	0.01074785691	0.00887291452	0.006163251153
	0.003263605416	0.001758913455	0.002078680214	0.003545883787	0.001813415698
	0.003583223828	0.002244932519	0.002330571734	0.001463410757	0.001334167955
	0.001389678473	0.001122936525	0.001207824884	0.001154063027	0.00111192778
	0.00102673808	0.001154063027	0.001263155679	0.001156498071	0.001110529858
	0.00111613922	0.001123332743	0.001077537078	0.001235120862	0.00102673808
	0.001122936525	0.0004106757653	0.0004773914534	0.0004773914534	0.0003232564662
	0.0006033367538	0.0007632026656	0.001119734581	0.004791790027	0.003130421469
	0.01266924802	0.006855122256	0.003130421469	0.002553007524	0.003166025402
	0.003320424335	0.003320424335	0.003365557347	0.002505958322	0.002505958322
	0.001889920533	0.001515790267	0.001237851077	0.03579919525	0.04196184481
	0.01564500665	0.002983248968	0.01564500665	0.006397758482	0.002983248968
	0.01511777578	0.02511341933	0.002550523455	0.001156771533	0.001144275826
	0.001107510246	0.001966668813	0.0006554610767	0.0006879360899	0.002244932519
	0.001532442295	0.001320291537	0.001262585436	0.001267290653	0.001267290653
	0.001475338217	0.001373471123	0.001208589271	0.001122936525	0.001076870851
	0.001154063027	0.00102673808	0.001050100384	0.001125501436	0.001087171709
	0.00111613922	0.001110529858	0.001036780786	0.001041053763	0.001046484053
	0.0009881318849	0.001084531533	0.0004074055139	0.0006033367538	0.0004165244136
	0.0008766141621	0.0008766141621	0.001225352699	0.003840671186	0.003130421469
	0.004474312743	0.006855122256	0.001887808239	0.001913329096	0.002553007524
	0.002664620228	0.002664620228	0.002883675527	0.002505958322	0.001906516288
	0.001906516288	0.001462933068	0.001225352699	0.01388802165	0.020545964
	0.01223947672	0.003414078029	0.008018129855	0.006451149785	0.007512960667
	0.01388802165	0.003155088454	0.001262585436	0.0009019355736	0.001144275826
	0.001895103474	0.001514295946	0.001514295946	0.001532442295	0.001532442295
	0.001107544715	0.001229254764	0.00112158817	0.001267290653	0.001145299062
	0.001373471123	0.001373471123	0.001208589271	0.001084531533	0.001076870851
	0.001018517346	0.001046484053	0.002518527063	0.001008021528	0.0010993588
	0.001073683231	0.001014331279	0.001026245843	0.0009917524334	0.0009464285497
	0.0009749758902	0.000882158871	0.000678322002	0.0007842324232	0.000678322002
	0.0007842324232	0.001059649382	0.003030139622	0.003030139622	0.004474312743
	0.002946261435	0.001913329096	0.001913329096	0.00267602408	0.00224353332
	0.002312599037	0.002185568189	0.001307982142	0.001974847759	0.001669151845
	0.001307982142	0.01297486087	0.006639175158	0.005564319027	0.003155088454
	0.005729509917	0.005673153399	0.00515463591	0.003003102123	0.0009019355736
	0.001632361673	0.001422839345	0.001895103474	0.003003102123	0.001107544715
	0.001504544782	0.001107544715	0.001228361641	0.001303491626	0.001331385724
	0.001064772302	0.001175727785	0.001150587725	0.001228361641	0.003962282549
	0.0009749758902	0.002518527063	0.000999629126	0.002518527063	0.001008021528
	0.0008985729839	0.0009864550681	0.0009129496126	0.0009686714457	0.0009506661186
	0.000882158871	0.0009749758902	0.000882158871	0.000678322002	0.0008742429296
	0.0007185324558	0.0008742429296	0.001335900268	0.003030139622	0.001798288314
	0.002946261435	0.002527088565	0.001511963126	0.001907115827	0.001511963126
	0.002312599037	0.001974847759	0.002029063474	0.001520387291	0.001974847759
	0.001335900268	0.00515463591	0.006639175158	0.00386343075	0.005564319027
	0.003471387307	0.00515463591	0.003003102123	0.001693987258	0.001693987258
	0.002394325202	0.002191067666	0.001252140931	0.001410552654	0.001228361641
	0.001303491626	0.001511458265	0.001220469257	0.001220469257	0.0009896198169
	0.001391512244	0.001903990295	0.0008591071006	0.001907115827	0.0009896198169
	0.0009896198169	0.001963217255	0.0009686714457	0.0008591071006	0.0008985729839
	0.0009129496126	0.0009129496126	0.0008414956814	0.0008212841822	0.0008744968789
	0.0008423497209	0.0008990512504	0.0008742429296	0.0009310052752	0.001042595216
	0.001316855469	0.001663405478	0.002223943538	0.001589130724	0.001507785493
	0.001903990295	0.001507698779	0.001642781274	0.001907115827	0.001507698779
	0.001808392912	0.00181250879	0.001520387291	0.001740993829	0.001391838945
	0.003511273407	0.003381156141	0.002989813326	0.002989813326	0.003471387307
	0.003323427075	0.002462981174	0.001693987258	0.001956023152	0.002462981174
	0.00153818709	0.001391512244	0.001511458265	0.001511458265	0.001229725668
	0.001296863199	0.00106671624	0.001354189062	0.001903990295	0.00244599201
	0.0008591071006	0.0009751138502	0.0009751138502	0.001808392912	0.0008579967545
	0.0008868191771	0.0007795752457	0.0008274759658	0.0008123799085	0.0007101720201
	0.0007894389088	0.0006930307381	0.001163384736	0.001160695062	0.001160695062
	0.001289090956	0.001316855469	0.001115420147	0.001589130724	0.0009875695035
	0.0009772105248	0.001507698779	0.001711886846	0.00139081083	0.001808392912
	0.00181250879	0.00181250879	0.001441459648	0.001393140574	0.002808417401
	0.002808417401	0.002136405005	0.00277203446	0.002642351722	0.002673557612
	0.002462981174	0.001956023152	0.001783565007	0.001524287576	0.00153818709
	0.001354189062	0.001730758332	0.001755455539	0.001259990986	0.001279874001
	0.00106671624	0.00106671624	0.001354189062	0.001191443904	0.001826137531
	0.0007231224218	0.0008868191771	0.00156860963	0.0008123799085	0.0008505222599
	0.0008868191771	0.0007795752457	0.0007302514768	0.0007674077709	0.0009012804413
	0.0006349647371	0.0007231224218	0.0006211756765	0.001433129128	0.001160695062
	0.001530096189	0.001345360982	0.001345360982	0.0009772105248	0.001115420147
	0.001104197359	0.001191443904	0.00139081083	0.00156860963	0.001028848351
	0.001503558699	0.001443578797	0.001449154455	0.001441459648	0.001393140574
	0.001920653239	0.001706797486	0.002136405005	0.002136405005	0.001920653239
	0.001739340924	0.001679872967	0.001739340924	0.001706797486	0.001515250412
	0.001379968034	0.001663045108	0.001663045108	0.001679872967	0.001189600493
	0.00116201269	0.001189600493	0.001191443904	0.001249483058	0.0007231224218
	0.0007674077709	0.0009012804413	0.0006298488813	0.0006724802398	0.0007674077709
	0.001005277757	0.0005673439379	0.0006211756765	0.0005295930993	0.001703377257
	0.001435299093	0.001698476491	0.001345360982	0.001364585808	0.0006946743183
	0.000792111692	0.0009771359117	0.0006946743183	0.001271563097	0.001435698202
	0.001464182152	0.0009422556581	0.001347326043	0.001347326043	0.001301143414
	0.001288477092	0.001920653239	0.001556693464	0.001418127936	0.001636469933
	0.001554729887	0.001351143292	0.001379968034	0.001671402602	0.001499591597
	0.001663045108	0.001570575222	0.001570575222	0.001005277757	0.001189600493
	0.001150161336	0.001240905385	0.0006749411549	0.001327193404	0.0006298488813
	0.0012017274	0.0008089942081	0.0008089942081	0.0005776987874	0.0006724802398
	0.0007215597953	0.001005277757	0.0005295930993	0.0005406596341	0.0004882800608
	0.001698476491	0.001395986541	0.001698476491	0.001431787464	0.001364585808
	0.0008516032819	0.0006623824526	0.0009422556581	0.0006130305672	0.001056162389
	0.001293514345	0.001056162389	0.00130069838	0.001347326043	0.001288477092
	0.001418127936	0.001418127936	0.001398268188	0.001448127615	0.001351143292
	0.001209573828	0.001591439713	0.001329635481	0.001591439713	0.001448127615
	0.001370634923	0.001570575222	0.001150161336	0.001150161336	0.001050145118
	0.0007716475249	0.0006285078574	0.0005406596341	0.0012017274	0.0008089942081
	0.0007899250458	0.0005479034408	0.0006337802941	0.0006792116203	0.0008842527153
	0.0005009100612	0.0005406596341	0.0004882800608	0.002332226964	0.001431787464
	0.001940885711	0.001431787464	0.001316305073	0.00120221449	0.0007641536236
	0.000565582727	0.0006091985591	0.0006623824526	0.0004694113542	0.001056162389
	0.0008674077899	0.001218490003	0.001222665837	0.0007094480203	0.0009614964423
	0.0007716475249	0.001448127615	0.0009614964423	0.0009541131748	0.001078386361
	0.001329635481	0.001329635481	0.001323242068	0.001466868457	0.001323242068
	0.001120532108	0.0009653964375	0.0009653964375	0.0009556121974	0.0005836091862
	0.0005479034408	0.0009144622178	0.0008842527153	0.0007800554768	0.0005133784986
	0.0006082256302	0.0006082256302	0.0008492178521	0.0004055367225	0.0004415852988
	0.0004415852988	0.001940885711	0.001674835027	0.001940885711	0.001674835027
	0.001282981021	0.001047546367	0.001047546367	0.0007094480203	0.0006091985591
	0.0004694113542	0.0005368620232	0.0008332447911	0.0009924776033	0.0009924776033
	0.0008248813259	0.0007094480203	0.0007567807876	0.0005836091862	0.001053269621
	0.0007767249474	0.001078386361	0.001154000614	0.00107560905	0.001120532108
	0.001132572357	0.001120532108	0.0007683904656	0.0009653964375	0.0009556121974
	0.0009556121974	0.000471341875	0.0005133784986	0.0006997160766	0.0006768089383
	0.0004742045757	0.0006082256302	0.0006997160766	0.0008560668839	0.0003862641209
	0.0003905747547	0.0003905747547	0.002531398577	0.001674835027	0.002531398577
	0.001282981021	0.001282981021	0.001047546367	0.001067950273	0.0004902916257
	0.0004706321176	0.0004008464649	0.0004008464649	0.0008248813259	0.0008314648563
	0.0007810931571	0.0004902916257	0.0007767249474	0.0009017735306	0.000745415495
	0.0007683904656	0.0009855579844	0.001117274731	0.0007683904656	0.0009817150145
	0.0007887422141	0.0008056278692	0.0007942591677	0.000471341875	0.0004742045757
	0.0005975554335	0.0005102700069	0.0004703458758	0.0005975554335	0.0006660733519
	0.0006660733519	0.0002959585936	0.0003700985236	0.0003534800324	0.002531398577
	0.00169361054	0.002048371179	0.001255510876	0.001067950273	0.00106522312
	0.001067950273	0.0004902916257	0.000414764305	0.0004008464649	0.0007810931571
	0.0008314648563	0.0007047000215	0.0004495973009	0.0006076815762	0.0005954714775
	0.0006782897912	0.0006752171564	0.0007942591677	0.0008101143352	0.0008056278692
	0.0007942591677	0.0003980193441	0.0004099600045	0.0003854753496	0.0004192042524
	0.0005051170844	0.0005572648672	0.0006223503892	0.000585982521	0.0002959585936
	0.0003428579457	0.0002829235116	0.00256899288	0.001425102441	0.002034300115
	0.001425102441	0.001172925174	0.000907447006	0.001172925174	0.0004057104733
	0.0004047049134	0.0003916257559	0.0003916257559	0.000658317154	0.000658317154
	0.0005409609211	0.0004057104733	0.0005954714775	0.00056592963	0.0005670287779
	0.0007267837586	0.0006005344882	0.0005858773412	0.0003980193441	0.0003854753496
	0.0003439343971	0.0004056377349	0.000449271531	0.0004747690288	0.0005146353402
	0.0005858773412	0.0002238479154	0.0003009625533	0.0002420256899	0.002034300115
	0.00139568046	0.002034300115	0.00139568046	0.001172925174	0.0008901129031
	0.0009401567465	0.0004057104733	0.000387269783	0.000375414755	0.000658317154
	0.0006890978121	0.0004481070242	0.0005222942018	0.0004084106882	0.0005039650683
	0.0004662898946	0.0004954160948	0.0005858773412	0.0004048512841	0.0003439343971
	0.0003439343971	0.000350980436	0.0003998139662	0.0004332051479	0.0004686525207
	0.0004686525207	0.0001925681099	0.0002177975113	0.0002177975113	0.002435375738
	0.001992536719	0.001936992333	0.001370290599	0.001109219941	0.0009401567465
	0.001109219941	0.0003990926625	0.000375414755	0.000375414755	0.0004324794335
	0.0007874184423	0.0005811499702	0.0005155557296	0.0004048512841	0.0004244626921
	0.0004589438877	0.0004589438877	0.0004048512841	0.0003320695331	0.000350980436
	0.000350980436	0.0003763434423	0.0003607022558	0.0004686525207	0.0004383077924
	0.0001692976074	0.0002177975113	0.0001692976074	0.002435375738	0.001936992333
	0.001936992333	0.00129669274	0.001109219941	0.0007874184423	0.0008266008932
	0.00073330984	0.0003901581357	0.0004255935896	0.0003901581357	0.0005155557296
	0.0007495941013	0.0005811499702	0.0004013790946	0.0004244626921	0.0004244626921
	0.0004589438877	0.0003771815693	0.0002745405355	0.0003060531031	0.0003060531031
	0.0003607022558	0.0003607022558	0.0003638500153	0.0003613002657	0.0001498639769
	0.0002196517601	0.0001498639769	0.001895104626	0.001892454432	0.001892454432
	0.001287522357	0.001287522357	0.0008266008932	0.001130560225	0.0006364718136
	0.00073330984	0.0004412137993	0.0005299174039	0.0004553671411	0.0004022547917
	0.000367193263	0.0003613002657	0.000367193263	0.0002196517601	0.0002876750895
	0.0002979681417	0.0003590393563	0.0002876750895	0.0003113166189	0.000363836845
	0.0003613002657	0.0001498639769	0.0002106856362	0.0001592268558	0.002260519758
	0.001822409436	0.001822409436	0.001352264615	0.0007391545975	0.001066607506
	0.0006343114304	0.0007614790652	0.0006343114304	0.0004553671411	0.0004532016069
	0.0004023152065	0.000367193263	0.0002191895266	0.0002876750895	0.0002191895266
	0.0003590393563	0.0003569643129	0.0003113166189	0.0003315391131	0.0001341737732
	0.0001592268558	0.0001592268558	0.002095906604	0.001530074042	0.001793668359
	0.001299783627	0.001530074042	0.0007905767246	0.001146013466	0.0006981171431
	0.0006981171431	0.0005321198254	0.0005321198254	0.000465499873	0.000465499873
	0.000202480147	0.0002609689545	0.000202480147	0.0003609675808	0.0003609675808
	0.0003035228158	0.0002609689545	0.0001394049476	0.0001803611272	0.0001394049476
	0.002095906604	0.001530074042	0.001986823513	0.00136432113	0.0010032526
	0.0010032526	0.001166840548	0.0006981171431	0.0005437337415	0.0006390856647
	0.0004646427881	0.000202480147	0.0002609689545	0.0001962892218	0.0003425910412
	0.0004646427881	0.0003279190646	0.0001394049476	0.000183549278	0.0001662064766
	0.001986823513	0.00136432113	0.001672130005	0.0009201929741	0.0010032526
	0.001166840548	0.0006390856647	0.0005558764747	0.0006390856647	0.0005558764747
	0.000183549278	0.0002762249304	0.0002622568256	0.0003279190646	0.0003368394227
	0.0002762249304	0.0005558764747	0.0001578969146	0.0002425876135	0.0001966291033
	0.00192787471	0.001273441972	0.001667931734	0.001667931734	0.0009201929741
	0.001000244232	0.001325005271	0.0006691947079	0.0005744014597	0.0004643858972
	0.0002425876135	0.0003653056728	0.0003653056728	0.0008057896002	0.0006676905433
	0.0001966291033	0.0002425876135	0.0002444329606	0.00178508065	0.001325005271
	0.001454089791	0.0009732408264	0.001141667768	0.001287005142	0.000802125832
	0.0004643858972	0.0003838640264	0.0003653056728	0.0009732408264	0.0008057896002
	0.0006310720927	0.000563539378	0.0003015024812	0.0003015024812	0.00178508065
	0.001582657653	0.001576483647	0.001016281759	0.001287713312	0.0008185296451
	0.0007887586546	0.0003838640264	0.0007887586546	0.000563539378	0.0003015024812
	0.0003162953488	0.001574155523	0.001576483647	0.001457803398	0.001112254765
	0.001278208623	0.0008978394222	0.0007887586546	0.0006269735244	0.0004889716811
	0.0004065926398	0.0004065926398	0.00169092443	0.001684885104	0.001457803398
	0.001278208623	0.0009126676483	0.0009126676483	0.0005313613007	0.00064304551
	0.00064304551	0.001684885104	0.001636887204	0.001486333906	0.001116164947
	0.0008245671561	0.00064304551	0.001705316588	0.001837490392	0.001319816905
	0.0008245671561	0.0008245671561	0.001837490392	0.001837490392	0.001319816905
	0.00144231752	0.002512986482	0.00144231752	0.003183190155	0.001662902882
	0.00115837405	0.001420951777	0.001420951777	0.0006959277335	0.001434339978
	0.0009903405663	0.0001740164735	0.0006959277335	0.001825297479	0.003705395
	0.001825297479	0.00171899799	0.003405402186	0.001888468789	0.001866164189
	0.003679802154	0.001396345809	0.001245351398	0.00135488095	0.001315388079
	0.001434339978	0.001434339978	0.0001740164735	0.0001179909353	0.001103423061
	0.001046883606	0.0006601538863	0.0006601538863	0.00438342968	0.0009269050135
	0.002030156437	0.001239297995	0.002250415296	0.001825297479	0.00171899799
	0.00171899799	0.001888468789	0.001888468789	0.001550793461	0.00135488095
	0.001396345809	0.001077562934	0.0008771140327	0.00135488095	0.001126063074
	0.001020559419	0.0009221285289	0.001103423061	0.001103423061	0.0003232254185
	0.001046883606	0.0008643604713	0.001467860985	0.000525041474	0.0006878051571
	0.0006601538863	0.0005809438267	0.002610208646	0.003948632888	0.001936148478
	0.001936148478	0.002030156437	0.002260206933	0.002610208646	0.001738435982
	0.001106773863	0.001706567698	0.001508774094	0.001553176416	0.001566489945
	0.001553176416	0.00101759462	0.001130994801	0.001070446154	0.001106773863
	0.0008771140327	0.0008771140327	0.0008643604713	0.0007773507259	0.0008358061983
	0.0008358061983	0.0005664541171	0.0007604441509	0.0007559170819	0.0005206403596
	0.000475523624	0.0003162385485	0.0005467080392	0.0005664541171	0.0006878051571
	0.0005809438267	0.0005206403596	0.002144901651	0.002004658202	0.001825592985
	0.003304640094	0.001179081877	0.00134171871	0.001738435982	0.003230050198
	0.001531659123	0.001738435982	0.001179163475	0.00134171871	0.001179163475
	0.001553176416	0.001341726287	0.001130994801	0.0009232032211	0.0007795835978
	0.000757274172	0.000757274172	0.0007773507259	0.0006821809539	0.0006645977064
	0.0008358061983	0.0006821809539	0.0005764421698	0.0002381155406	0.0004965266403
	0.0005206403596	0.0004965266403	0.0006134068035	0.0005642737287	0.0005608758448
	0.0005642737287	0.0005670718648	0.0005046808741	0.007733725123	0.002144901651
	0.002144901651	0.001632066087	0.001394798809	0.001179081877	0.001179081877
	0.001475058789	0.001355803037	0.001355803037	0.001545580382	0.001475058789
	0.001066465449	0.0009232032211	0.001048006387	0.001048006387	0.0007949003608
	0.0009845479548	0.0007795835978	0.0007695746964	0.0007695746964	0.0006799571375
	0.0006959290766	0.0006130211358	0.0006821809539	0.0005764421698	0.0005764421698
	0.0006931006199	0.0008374989203	0.0002294869896	0.0005325482899	0.0004768104906
	0.0004770037394	0.0004933386116	0.0005112603585	0.0005013009934	0.0005201562291
	0.0005912016491	0.0005642737287	0.0004933386116	0.0005046808741	0.002531231148
	0.00163058956	0.001357883079	0.0009866281533	0.001242829555	0.0012550442
	0.001475058789	0.001204695228	0.001355803037	0.0009866281533	0.001034984828
	0.0007949003608	0.0007949003608	0.0008140293505	0.0008256990909	0.0007656019485
	0.0006854602245	0.0006204640656	0.000684573608	0.0007568829992	0.0006130211358
	0.0005230826633	0.0005379748641	0.0005135198449	0.0004932304464	0.0004932304464
	0.0005325482899	0.0004959427719	0.0005325482899	0.0006219088576	0.0006855884498
	0.001537025701	0.0004768104906	0.0004768104906	0.0004641945758	0.0005111417315
	0.0004960018076	0.000521365832	0.0004715541878	0.0004922616366	0.00163058956
	0.001063275019	0.002531231148	0.001316804756	0.001528925167	0.001357883079
	0.001357883079	0.000875457884	0.0008140293505	0.000875457884	0.0007410606067
	0.001034984828	0.0008318866591	0.001034984828	0.0006672762127	0.0006672762127
	0.0006897306926	0.0007097785374	0.0006204640656	0.0006204640656	0.0005925500939
	0.0005925500939	0.000535047054	0.0005230826633	0.0005263017386	0.0004616176664
	0.0004493716463	0.0004932304464	0.0005330335589	0.0005330335589	0.0007121588754
	0.000751049754	0.000732534267	0.0008985682188	0.00108211214	0.0004641945758
	0.0005027464834	0.0004641945758	0.0005270001431	0.0004562250546	0.0004562250546
	0.0004493716463	0.0004654269821	0.0005283926188	0.0004922616366	0.001284363643
	0.001093974156	0.001063275019	0.001316804756	0.0005061109877	0.001213052919
	0.000580781126	0.0009559522149	0.0009559522149	0.0006890268311	0.0008137443436
	0.0006897306926	0.000875457884	0.0007614907192	0.0006928449986	0.000748689063
	0.000748689063	0.0006672762127	0.0006861523961	0.0006897306926	0.0005149271368
	0.0004824395171	0.0005188579173	0.0005188579173	0.0004474801802	0.0004564190424
	0.0004761013744	0.0004616176664	0.0004590773816	0.0005027464834	0.0005330335589
	0.0007121588754	0.0007121588754	0.0007375618079	0.0005590997844	0.001182066996
	0.001067290892	0.001397487633	0.0005283926188	0.0005270001431	0.0005270001431
	0.0004311443908	0.0004311443908	0.0004562250546	0.0004654269821	0.0004684193721
	0.0004879308574	0.0009873003018	0.0009092463018	0.001106104867	0.001255974721
	0.001255974721	0.0009874316995	0.000537797532	0.0009092463018	0.0006817861274
	0.0006890268311	0.0006890268311	0.000543304882	0.0005973520851	0.0005723610459
	0.0005723610459	0.0005616594825	0.0005209847704	0.0005815311104	0.0004824395171
	0.0004824395171	0.0005188579173	0.0004851057421	0.0004384515249	0.0004474801802
	0.0004335729645	0.0004370775725	0.0004283681492	0.0004273477613	0.0006444312286
	0.0007396282232	0.0009649703961	0.0007956101217	0.0007383858251	0.001124485749
	0.001508306548	0.001397487633	0.0005027936189	0.0006175394409	0.0005634299869
	0.0004474171093	0.0004474171093	0.0004665947418	0.0004684193721	0.0004684193721
	0.001216247711	0.0009873003018	0.0009092463018	0.0009007125129	0.001255974721
	0.0009840967359	0.0009840967359	0.0004273998501	0.0006559610575	0.0006007753474
	0.0006007753474	0.0005616594825	0.0005209847704	0.0005156054694	0.0005723610459
	0.0004710035108	0.0004826130592	0.0004851057421	0.0004137063849	0.0004137063849
	0.0004260424688	0.0004366110084	0.0004233328719	0.0004054686168	0.0004335729645
	0.0004197076622	0.0004273477613	0.0007255850542	0.0008483008108	0.0009649703961
	0.0009649703961	0.0007383858251	0.0006897830874	0.001183679678	0.001599377072
	0.001599377072	0.0001641422887	0.0006175394409	0.0005027936189	0.0006175394409
	0.0006897830874	0.0004386686031	0.0004474171093	0.0004665947418	0.0004906774216
	0.001348954605	0.001216247711	0.001455261267	0.0006559610575	0.0007365904187
	0.0008453773135	0.001098149845	0.0008453773135	0.0009840967359	0.0004273998501
	0.0004826130592	0.0006559610575	0.0006007753474	0.0004677137058	0.0004682630877
	0.0004247056964	0.0004567926301	0.0004567926301	0.000401886109	0.0004027021498
	0.0003975908775	0.0004037327359	0.000395339117	0.000401886109	0.0004037327359
	0.0003999183047	0.0004098684489	0.0004197076622	0.0004324322233	0.0007371120251
	0.0008483008108	0.0009363909316	0.000742987854	0.0006897830874	0.001046259654
	0.0001452939985	0.001323751963	0.001599377072	0.001693513575	0.000651990573
	0.0005516799478	0.000707280116	0.0006404945485	0.0004822711671	0.0004502315733
	0.0004723852316	0.0005638235405	0.001148904031	0.001098149845	0.001148904031
	0.001571603216	0.0005211524875	0.000626462268	0.000626462268	0.0007921674544
	0.0007671429578	0.0006612300831	0.0006425341563	0.0003923721393	0.0004677137058
	0.0005211524875	0.0004677137058	0.0004247056964	0.0004247056964	0.0004567926301
	0.0004117318493	0.0004234665006	0.000401886109	0.0003923721393	0.0003975908775
	0.0004037327359	0.0003843409421	0.0004032343949	0.0003888821847	0.000411898479
	0.000411898479	0.0004324322233	0.0004324322233	0.0008329718666	0.0009308254519
	0.001033738779	0.0007973739014	0.000742987854	0.001033738779	0.001246626959
	0.002575815375	0.001633882248	0.001323751963	0.001664170327	0.0006192049903
	0.0005638235405	0.0007203849837	0.0006192049903	0.0005229639632	0.0004723852316
	0.0004723852316	0.0005229639632	0.001148904031	0.001136802516	0.001136802516
	0.001594757538	0.0005211524875	0.000626462268	0.0008150337835	0.0006425341563
	0.0005830057507	0.0006425341563	0.0003923721393	0.000392495196	0.0004309475225
	0.0004380396018	0.0004687958667	0.0004380396018	0.0004257681496	0.0004117318493
	0.000404516235	0.000402026392	0.000392495196	0.0003998165564	0.0003799341611
	0.0003888821847	0.0003818701055	0.0003888821847	0.000421466038	0.0004469685835
	0.0004469685835	0.0008390937067	0.0009451959556	0.0009451959556	0.0008792689534
	0.001101495328	0.00121173802	0.001399011803	0.002575815375	0.002575815375
	0.001828271496	0.001664170327	0.0008134849432	0.0006192049903	0.000691646079
	0.0006266324238	0.0005229639632	0.0005108124706	0.0005742795595	0.0007715146517
	0.0008150337835	0.0009021616098	0.001120968451	0.001949468196	0.001594757538
	0.001111933616	0.0004687958667	0.0005220399442	0.0005982875714	0.0005982875714
	0.0005896647733	0.0003876455652	0.0004309475225	0.0004399481969	0.0004160595098
	0.0004195835399	0.000399050168	0.0003907905269	0.0004063220336	0.0003804514032
	0.0003923517617	0.0004338343968	0.0003822878015	0.0003852338148	0.0003846043965
	0.0003846043965	0.00047795746	0.0004338778656	0.0004469685835	0.0008390937067
	0.0008390937067	0.0009552383017	0.00215491419	0.0009684355376	0.001190707054
	0.001579985392	0.00215491419	0.001971638629	0.001579985392	0.002878988624
	0.0008134849432	0.0006905037695	0.0006605207101	0.0006643998011	0.0005778541368
	0.0005393895538	0.0006083287426	0.0006407931324	0.0007815356962	0.0009684321073
	0.001111933616	0.0007887035536	0.001111933616	0.0005819832708	0.000467899968
	0.0006407931324	0.0005542134089	0.0003870922809	0.000442329953	0.0004117803316
	0.0004195835399	0.0004195835399	0.0003872138893	0.0003831863681	0.0003998247308
	0.0003951337233	0.0003822878015	0.0004114800119	0.0004338778656	0.0003822878015
	0.0003852338148	0.0003932657387	0.0003932657387	0.0005393895538	0.0004713143246
	0.0004713143246	0.0008383912655	0.0008621261937	0.002722337649	0.001071730255
	0.001190707054	0.001190707054	0.001579985392	0.002060709886	0.001664095287
	0.002878988624	0.002668217717	0.001044341975	0.0009355725661	0.0007580747513
	0.0006643998011	0.0006643998011	0.0006083287426	0.0005393895538	0.0006083287426
	0.0005904010396	0.0007815356962	0.0007815356962	0.0009684321073	0.001122802627
	0.001745963101	0.0005831773724	0.0008546473524	0.001619703097	0.000467899968
	0.0005904010396	0.0004825757878	0.0003942164828	0.0004235208143	0.0004089962294
	0.0004255897654	0.0004059832542	0.0003905966025	0.0004016415658	0.0003925595053
	0.00039261168	0.00039261168	0.0003925595053	0.000439230612	0.003971623015
	0.003971623015	0.0004647422875	0.0003961111455	0.0004087626298	0.0003854019512
	0.0003932657387	0.0005052516888	0.0005106278862	0.0005679320775	0.001044341975
	0.001946926032	0.001172571035	0.00146855724	0.001355911935	0.001779241231
	0.002060709886	0.002668217717	0.002571180425	0.001044341975	0.0009355725661
	0.0008450029577	0.0006964780898	0.000664027004	0.0005679320775	0.0006411536006
	0.000727101195	0.0005904010396	0.0005583130347	0.0008345546229	0.001619703097
	0.001019953116	0.001141815582	0.0007351760232	0.0007351760232	0.001804344895
	0.001619703097	0.0004825757878	0.0004436975253	0.0004345476163	0.0004263086068
	0.0004185977386	0.0004185977386	0.0004092316359	0.0004150643794	0.0004016415658
	0.0004182517775	0.0003925595053	0.0004937379378	0.002649073876	0.006344259762
	0.003009401051	0.001186107745	0.0004486842623	0.0004117093372	0.0004150643794
	0.0003959596621	0.0004937379378	0.0005273670039	0.0005679320775	0.001194951772
	0.001946926032	0.001355911935	0.001355911935	0.001812550867	0.001719227585
	0.002649073876	0.002268621383	0.001046038524	0.001171585801	0.0008143387811
	0.0008076867739	0.0008076867739	0.0005880935238	0.0007889626755	0.0007010835701
	0.0005583130347	0.0006070247229	0.001141815582	0.001452954244	0.001194608944
	0.0007351760232	0.0006079373304	0.001452954244	0.0004751117673	0.0004932923726
	0.0004657195332	0.0004545059688	0.0004302130037	0.0004302130037	0.0004227104529
	0.0004150643794	0.0004246295499	0.0004305208742	0.0004227104529	0.0005154172272
	0.002645589839	0.00519461747	0.00519461747	0.003009401051	0.001823342535
	0.0004584509102	0.0004393967518	0.0004270302305	0.0005154172272	0.0005722756857
	0.0006294450095	0.001327398611	0.001923062998	0.001537180927	0.001812550867
	0.001812550867	0.00234638353	0.001923062998	0.001439309585	0.001031870977
	0.001031870977	0.0006294450095	0.0009029828967	0.0007889626755	0.001136525556
	0.0008733513895	0.0007818026735	0.0005468281465	0.0005194395331	0.0006079373304
	0.001148452291	0.001148452291	0.0008109410647	0.0008885256279	0.0006079373304
	0.001823342535	0.001379968214	0.0004545059688	0.0004595252194	0.0004751117673
	0.0005038071991	0.0004545059688	0.0004474995358	0.0004227104529	0.0004566175478
	0.0004566175478	0.0004532671496	0.0004305208742	0.0005154172272	0.002588472019
	0.00370578997	0.003399851808	0.002398577605	0.00548305652	0.0007085576702
	0.0004830758071	0.0004697192566	0.0005568075132	0.0005568075132	0.0006403320049
	0.00151202388	0.001923062998	0.001694286387	0.001528027626	0.00243080157
	0.001875791058	0.001268219854	0.001136525556	0.0007819260527	0.001136525556
	0.0008745317724	0.0009949183287	0.0008745317724	0.0008701523046	0.0005264383131
	0.0005264383131	0.0005813858945	0.0006746027571	0.001148452291	0.001275787048
	0.0008885256279	0.0008885256279	0.001524590975	0.001275787048	0.000474955042
	0.0004892321211	0.0004892321211	0.0005038071991	0.0005118913313	0.0004747949534
	0.0004474995358	0.0004457996953	0.0004566175478	0.0004532671496	0.0004698859067
	0.0005468864374	0.002445541777	0.003399851808	0.002618259344	0.002620276687
	0.003908212031	0.002112065848	0.0005757952942	0.0004697192566	0.0005858942832
	0.0006105663555	0.0007795378004	0.001528027626	0.001875791058	0.001423388459
	0.001612521947	0.002035278792	0.002042810605	0.001244515252	0.0007873498959
	0.00110101127	0.0008745317724	0.0008701523046	0.0005264383131	0.0006056675121
	0.0006746027571	0.0008337008988	0.001100781332	0.0009269328033	0.002270146949
	0.001664495705	0.001664495705	0.0005406976954	0.0005078363635	0.0004892321211
	0.0005757213336	0.0005118913313	0.0005118913313	0.0004747949534	0.0005042716473
	0.0005113114702	0.000505222812	0.0005113114702	0.0005757213336	0.002620276687
	0.003087789908	0.003087789908	0.003421720042	0.00626893083	0.00626893083
	0.0006623499453	0.0006946024565	0.001600386345	0.0006448246457	0.0006105663555
	0.0007340183857	0.0007795378004	0.001612521947	0.001912782823	0.001385062614
	0.001612521947	0.001912782823	0.001228324469	0.0009701846694	0.00110101127
	0.0009701846694	0.0006056675121	0.0006056675121	0.000782338371	0.000782338371
	0.001107995824	0.001107995824	0.001572700544	0.001572700544	0.001600386345
	0.0005346499186	0.0005406976954	0.0005714120861	0.0005757213336	0.0005229759237
	0.0005217566765	0.0005295805466	0.0005346499186	0.0005113114702	0.000552290942
	0.0007024173073	0.002337215265	0.004099225791	0.002709510607	0.003087789908
	0.003048219482	0.006515128189	0.002692851042	0.002692851042	0.001806915237
	0.0007024173073	0.0007051754499	0.0008599269337	0.0008572065353	0.001385062614
	0.001908677157	0.001713274405	0.001385062614	0.002337215265	0.001908677157
	0.001228324469	0.0009701846694	0.000967492772	0.0007376266783	0.0006573076788
	0.000782338371	0.0007376266783	0.0009875888204	0.001107995824	0.001558330511
	0.001572700544	0.001558330511	0.0005748559992	0.0005717720209	0.0005822662385
	0.0006533904534	0.0006530248989	0.0006032410063	0.0005927275202	0.0006530248989
	0.0005937768647	0.0005748559992	0.0005937768647	0.0007024173073	0.003323133662
	0.003859995608	0.002337215265	0.003044755057	0.002494606957	0.003323133662
	0.001806915237	0.002874845892	0.00085717145	0.0009534051852	0.00085717145
	0.001515117661	0.001554680197	0.001713274405	0.001962116112	0.001962116112
	0.001355221815	0.0009506150808	0.0006533904534	0.0006533904534	0.0007376266783
	0.0009398218174	0.0007953237625	0.001061808343	0.001061808343	0.001809676639
	0.00123308484	0.001068454861	0.0005748559992	0.0006001575858	0.0006764690483
	0.0006530248989	0.0006462206118	0.0006325186289	0.0006662456798	0.0005937768647
	0.0006162899768	0.0006151082474	0.0008451985493	0.003938716981	0.004969088323
	0.003859995608	0.002199661312	0.0027874539	0.004559671414	0.0006308442395
	0.002137001094	0.0006325186289	0.00085717145	0.001051459453	0.0009534051852
	0.001357843388	0.001527001749	0.001728399171	0.001899482823	0.002126133558
	0.001194083945	0.0007161953016	0.0007441047929	0.0007953237625	0.0009537197751
	0.001068825745	0.001306774754	0.001061808343	0.001809676639	0.001248905245
	0.0006001575858	0.0006764690483	0.0006764690483	0.0007024234196	0.000722689995
	0.0007024234196	0.0006633040125	0.0006675053715	0.0008451985493	0.004196011419
	0.004196011419	0.004196011419	0.00278112778	0.00243082327	0.003556925554
	0.0008221469092	0.001951244348	0.002056556314	0.001951244348	0.0007632473205
	0.0008435314852	0.000722689995	0.001163179745	0.0009447382346	0.0009412829627
	0.001344589813	0.001527001749	0.001691955656	0.001691955656	0.001885761148
	0.002403569739	0.001163179745	0.0007121805101	0.0008368977903	0.0008608552822
	0.0009537197751	0.001306774754	0.001306774754	0.001248905245	0.0006965703674
	0.0006965703674	0.0007121805101	0.0007632473205	0.0009357584541	0.0007171682038
	0.0007452485012	0.0008454465416	0.003917740445	0.002760244976	0.003965167546
	0.002760244976	0.003917740445	0.004915141157	0.0008221469092	0.002125794659
	0.002125794659	0.001757176947	0.000741185579	0.0009357584541	0.0007427364379
	0.00078076825	0.001163179745	0.001161081997	0.001652700242	0.001652700242
	0.001852205254	0.002446372013	0.002864312972	0.001308426534	0.001612402392
	0.0008014128072	0.0009664742867	0.0009664742867	0.001161695825	0.001409775671
	0.0006965703674	0.0008014128072	0.0007791176111	0.0008558215346	0.0009357584541
	0.0007452485012	0.00103525724	0.003917740445	0.003191615236	0.002760244976
	0.007598302701	0.005871953292	0.002441438806	0.001525337955	0.002125794659
	0.002136949685	0.00103525724	0.0007394534598	0.0008558215346	0.001147782784
	0.001308426534	0.001652700242	0.001852205254	0.002194340741	0.002763308186
	0.002864312972	0.001449447187	0.001612402392	0.0008014128072	0.0009664742867
	0.001525337955	0.001052770684	0.001171181764	0.000750482305	0.0008538891738
	0.000854768596	0.0008558215346	0.001149435266	0.0007823440033	0.001147782784
	0.003368405028	0.003191615236	0.003793025851	0.002441438806	0.001621525877
	0.001238798398	0.002383721682	0.002383721682	0.001135662422	0.0008939284711
	0.000935376591	0.001436789068	0.001436789068	0.002775473505	0.0018565914
	0.002036159338	0.002316039314	0.002763308186	0.00162495079	0.0008538891738
	0.001012364178	0.001238798398	0.001052770684	0.0008967985951	0.0009410652349
	0.0009471676111	0.0009367922593	0.001135662422	0.0009471676111	0.001297682961
	0.003793025851	0.003368405028	0.003092002725	0.004876911471	0.0007251883371
	0.001300768089	0.001300768089	0.002461163681	0.001377533402	0.0009862458753
	0.001350347002	0.001173479415	0.001436789068	0.00162495079	0.003092002725
	0.002000655534	0.002000655534	0.002269424639	0.00162495079	0.0009410652349
	0.001012364178	0.001149381499	0.001234683109	0.0009862458753	0.0009471676111
	0.001171173757	0.001063247729	0.001619802472	0.001498461637	0.003092002725
	0.003667045811	0.004089906931	0.00261843397	0.0007533747634	0.001330246098
	0.001223183021	0.002579011339	0.002579011339	0.0009862458753	0.001350347002
	0.001171173757	0.004026098829	0.001852262067	0.002791913424	0.002095670348
	0.002152765874	0.002095670348	0.001159730924	0.001223183021	0.001223183021
	0.001219351213	0.001249395472	0.001164892529	0.0013437939	0.001374639673
	0.001619802472	0.001498461637	0.002791913424	0.003667045811	0.003842860475
	0.002024552343	0.002024552343	0.002047310842	0.002579011339	0.002047310842
	0.001292737489	0.0013437939	0.001334760119	0.004138733374	0.001894184995
	0.002420976094	0.002095670348	0.002301944605	0.001355057704	0.001616049785
	0.001336073129	0.001292737489	0.001334760119	0.001534646412	0.001292737489
	0.001894184995	0.001501004302	0.003018767729	0.003318756835	0.00386002758
	0.002895462651	0.002223721166	0.002047310842	0.001510936327	0.001894689231
	0.008222865101	0.001894184995	0.002444116652	0.002659078252	0.001616049785
	0.00176621291	0.001336073129	0.001588606207	0.001534646412	0.001534646412
	0.001588606207	0.002245717615	0.001904590113	0.00319851273	0.003827065866
	0.0002004133442	0.002682331488	0.001894689231	0.002124195989	0.005268073108
	0.00319851273	0.002659078252	0.002659078252	0.00231675401	0.001602529902
	0.001769732249	0.001602529902	0.001588606207	0.002079763777	0.001746969689
	0.002079763777	0.003827065866	0.0001476397856	0.002283813973	0.002283813973
	0.008059065687	0.002661042855	0.00231675401	0.002650288724	0.002105696387
	0.00204509151	0.002430763683	0.002933558734	0.00204509151	0.002158727786
	0.003924382503	0.002448736172	0.002283813973	0.002620861853	0.002879575533
	0.005665727957	0.00303126453	0.00303126453	0.002307348446	0.00204509151
	0.002981752367	0.002158727786	0.002158727786	0.003924382503	0.0002965525543
	0.00243618969	0.001996194623	0.00303126453	0.002307348446	0.002514191286
	0.002514191286	0.006706435579	0.002585148445	0.001996194623	0.003756886076
	0.002585148445	0.003022592699	0.001527342844	0.002894515068	