5884	
	4.39829595e-09	1.126852212e-08	1.126852212e-08	4.549686494e-08	2.647366504e-08
	2.953792251e-07	1.354270878e-07	4.549686494e-08	1.121925764e-06	2.953792251e-07
	2.953792251e-07	2.287673499e-06	4.283050589e-06	4.283050589e-06	1.707629496e-07
	9.276345647e-07	1.121925764e-06	6.002763204e-06	2.287673499e-06	2.287673499e-06
	1.163721344e-05	6.019789119e-06	1.163721344e-05	2.059152751e-07	1.656692764e-06
	7.779194244e-06	7.779194244e-06	1.255876468e-05	5.360609858e-05	5.264058247e-06
	2.732558698e-05	1.163721344e-05	2.059152751e-07	2.484508912e-06	7.885422244e-06
	1.890365935e-05	1.785442694e-05	8.553159179e-05	8.553159179e-05	2.751461958e-05
	4.554497254e-05	3.685778412e-05	7.213720001e-05	2.484508912e-06	8.855467151e-07
	9.916580094e-05	7.885422244e-06	8.855467151e-07	7.885422244e-06	1.890365935e-05
	1.890365935e-05	4.318434634e-05	8.553159179e-05	0.0001218421361	0.0003894379329
	2.933228761e-05	4.729848195e-05	7.213720001e-05	7.213720001e-05	5.696989027e-06
	2.689624607e-05	4.635194719e-06	8.790218322e-05	0.0001590785155	1.784489393e-05
	2.894570515e-05	1.784489393e-05	4.318434634e-05	1.748474023e-05	0.0001045140748
	0.0001600884327	0.0003850771135	0.0005881889701	4.729848195e-05	8.790218322e-05
	0.0001414746135	4.670328676e-05	1.161646623e-05	1.161646623e-05	1.495059125e-05
	0.0002174506236	0.0002836958318	2.894570515e-05	2.894570515e-05	5.08071943e-05
	0.0001045140748	1.748474023e-05	0.0002564225071	0.0004111773103	0.0005807062141
	0.0005881889701	4.670328676e-05	8.103212706e-05	0.0001795216501	3.380674461e-05
	6.970949828e-05	1.495059125e-05	1.161646623e-05	1.86737769e-05	1.495059125e-05
	1.202887304e-05	0.0002836958318	0.0002836958318	9.412628312e-05	0.0001015983062
	0.0002619023694	7.761656664e-05	9.412628312e-05	0.0004111773103	0.0003340104432
	0.0004111773103	0.0008048872988	0.0008048872988	6.970949828e-05	0.0001096484257
	0.0001795216501	3.380674461e-05	1.86737769e-05	3.574172352e-05	6.464608367e-05
	2.416151024e-05	2.416151024e-05	0.0002535586142	0.0003203487341	7.751831209e-05
	7.751831209e-05	9.412628312e-05	0.000173538177	0.0001482077704	0.0001159195364
	0.0003095272832	0.0005310861855	0.0005310861855	0.0001159195364	0.0007073584576
	0.001061965912	0.0009940316413	0.0002989056297	9.713868084e-05	0.0001549364898
	6.464608367e-05	3.762852306e-05	6.27234102e-05	0.0001246204132	6.680658929e-05
	3.762852306e-05	0.0003645290607	0.0003645290607	0.0001697740536	0.0001697740536
	6.680658929e-05	0.0001648049152	0.0001159195364	0.0003095272832	0.0004377397618
	0.0005310861855	0.000237928169	0.001061965912	0.001061965912	0.001769919962
	0.000301925141	0.0001990439591	0.0001547565026	9.713868084e-05	0.0001246204132
	7.647129109e-05	0.0001246204132	6.27234102e-05	9.277459465e-05	0.0001035969852
	0.0001227748289	0.0003792241808	0.0004871598331	0.0001697740536	0.0002552544
	0.0001078142999	0.0001645426392	0.0003434359337	0.0003315139548	0.0004716344197
	0.0004716344197	0.000639058572	0.000237928169	0.000237928169	0.001086763303
	0.001490867427	0.002085953569	0.000347170743	0.0002212892634	0.0002249856584
	0.0001786308673	0.0001786308673	0.0001035969852	0.0001338634273	0.0001338634273
	0.0001227748289	0.0001698289255	0.0001227748289	0.0003792241808	0.0004871598331
	0.0002552544	0.0001645426392	0.000253197712	0.0002654039538	0.0002552544
	0.000261699203	0.0003360903964	0.0005943855269	0.0006588274379	0.0009645568301
	0.0004302923199	0.0003347257598	0.001247238306	0.001247238306	0.002085953569
	0.000347170743	0.000347170743	0.0002263088035	0.0002249856584	0.0002263088035
	0.0001991452959	0.0001698289255	0.0002725013851	0.0003663438211	0.0001518048253
	0.0001698289255	0.0002182513391	0.0002470592453	0.0003516486613	0.0004684463255
	0.000253197712	0.0004659023148	0.0002654039538	0.000253197712	0.0002654039538
	0.0004532445045	0.0004302923199	0.0007373930629	0.0009486729856	0.0009645568301
	0.0004302923199	0.0006056538162	0.001412640652	0.001412640652	0.002557329383
	0.0003784415971	0.0003661247988	0.0002944150335	0.0003048131552	0.000294723311
	0.0002725013851	0.0002725013851	0.0003663438211	0.000370969071	0.0003075944655
	0.0003075944655	0.0003753541458	0.0002470592453	0.0003128916646	0.0004684463255
	0.0004684463255	0.0003211039137	0.0006118496488	0.0003528666138	0.0003211039137
	0.0004850372841	0.0006468204169	0.0007373930629	0.0007373930629	0.001040288919
	0.0009956619812	0.0007317264928	0.0006118496488	0.001214255909	0.002005159807
	0.002652428935	0.0003856645541	0.0003304204342	0.000382505024	0.000370969071
	0.000370969071	0.000294723311	0.0005724966402	0.0003542307556	0.0004569523895
	0.0003075944655	0.0004643071652	0.0005554989601	0.0004637573518	0.0004060632376
	0.0004060632376	0.0003872808035	0.0003856645541	0.0003872808035	0.0004273251146
	0.0004273251146	0.0007632643908	0.0004988412395	0.0003569158058	0.0004901675345
	0.0006546535554	0.0006546535554	0.0008516460887	0.001040288919	0.001040288919
	0.001338943175	0.0008474920952	0.0009429528213	0.00164618185	0.002652428935
	0.002652428935	0.0003856645541	0.0003801120366	0.0003801120366	0.0006775101043
	0.0005689159114	0.0005402105701	0.0005402105701	0.0004569523895	0.0005145032711
	0.0006311164	0.0006311164	0.0004637573518	0.0005023155043	0.0006231974891
	0.0003669646334	0.0003872808035	0.0003338202125	0.0003671729212	0.000549529141
	0.000549529141	0.0006168763988	0.0004560641825	0.0004273251146	0.0004813759506
	0.0009187771802	0.0007418785503	0.0007418785503	0.0006546535554	0.001103010906
	0.0009776659318	0.001087919945	0.001087919945	0.00164618185	0.001037145314
	0.00119302777	0.00164618185	0.00273249439	0.002676450938	0.0004188768198
	0.0005779460021	0.0005711328111	0.0006775101043	0.0009940500173	0.0007183542515
	0.0005402105701	0.0007884937968	0.0009397283965	0.0009397283965	0.0009739735369
	0.001019161719	0.0009739735369	0.0009923552973	0.001530923305	0.0004093019455
	0.0003264343163	0.0002990807232	0.0002990807232	0.0003016516627	0.000549529141
	0.001323750623	0.001530923305	0.0005713614108	0.0008782718888	0.000704229899
	0.0004695685947	0.00119302777	0.001043001866	0.001043001866	0.001427086972
	0.0009516846105	0.0009776659318	0.001087919945	0.001326072714	0.001259697122
	0.001208056614	0.00119302777	0.001733194305	0.00153397503	0.002055319813
	0.002048483672	0.0006299823405	0.0007304737274	0.0006299823405	0.001120443609
	0.001229347971	0.0006988130753	0.001229347971	0.0009746587436	0.001294549226
	0.0009397283965	0.0009923552973	0.001521261723	0.0008651771015	0.001179820285
	0.003036247045	0.002453391061	0.001997871339	0.001327295856	0.001530923305
	0.0006115782659	0.0004897090644	0.0003658391617	0.0002812474493	0.0002594854919
	0.0002414441826	0.002857948639	0.003036247045	0.003036247045	0.0005713614108
	0.001323750623	0.0005713614108	0.0008782718888	0.000704229899	0.0006031609537
	0.0009687535033	0.001386870467	0.001266310456	0.001043001866	0.001266310456
	0.001309394952	0.001309394952	0.001443494812	0.001413438452	0.001595208343
	0.001443494812	0.001733194305	0.00153397503	0.002055319813	0.001944381132
	0.0006299823405	0.0007304737274	0.001474968128	0.001229347971	0.001618845192
	0.001340283045	0.001316995801	0.006576209305	0.001935191996	0.001651045355
	0.001521261723	0.002082165934	0.001750743045	0.005458736162	0.005458736162
	0.004291229115	0.003233797274	0.003233797274	0.001844730908	0.0004897090644
	0.0003658391617	0.0003658391617	0.0002371847712	0.0002284093048	0.0001637523899
	0.007627873797	0.005590171847	0.005590171847	0.003447663925	0.003447663925
	0.002021019167	0.0006426154403	0.0009752544036	0.0006426154403	0.001659943989
	0.0009985750364	0.0008703518562	0.001325027771	0.001666655506	0.001691332666
	0.001659943989	0.001659943989	0.001309394952	0.001443494812	0.001666655506
	0.001413438452	0.001728453315	0.001533561121	0.001530711904	0.001626073468
	0.001548869002	0.001785322187	0.002126595872	0.0008970706893	0.0007583117315
	0.001618845192	0.001340283045	0.001340283045	0.001316995801	0.001316995801
	0.01996203798	0.007142679082	0.006576209305	0.002143695628	0.002082165934
	0.002541583029	0.002082165934	0.002112539039	0.00630785904	0.005153219726
	0.005153219726	0.003233797274	0.002143695628	0.0006290153795	0.0003117204989
	0.0002284093048	0.0001377846304	0.0001377846304	6.739066118e-05	0.01491933471
	0.0268734335	0.01506694494	0.01103759001	0.005590171847	0.003447663925
	0.001698304729	0.001698304729	0.0008703518562	0.0008241592585	0.001325027771
	0.0009985750364	0.0008703518562	0.001325027771	0.001666655506	0.001691332666
	0.002036161287	0.001439998704	0.001589128935	0.002106823931	0.002340443992
	0.002106823931	0.001637203018	0.001530711904	0.001496869924	0.001496869924
	0.001588737392	0.002126595872	0.0005499892912	0.001192161698	0.002514358779
	0.001713815388	0.002211038362	0.001586429034	0.001302398019	0.006807377611
	0.01279262186	0.007142679082	0.005236592769	0.003007055519	0.002541583029
	0.001944883205	0.002245319029	0.002514358779	0.002514358779	0.005153219726
	0.005236592769	0.00475977271	0.004004602472	0.003506312617	0.0005499892912
	0.0003842739903	0.0002864937628	0.0001377846304	0.0001379024814	6.739066118e-05
	0.04271579581	0.01506694494	0.01103759001	0.005392187238	0.005392187238
	0.002266187801	0.001779073921	0.0007794363138	0.0007794363138	0.001436947
	0.001439623261	0.001581445849	0.002649665649	0.002036161287	0.002649665649
	0.001589128935	0.00182811802	0.002532576024	0.002231963405	0.001637203018
	0.001451502151	0.001588737392	0.001319347702	0.001588737392	0.001382348083
	0.0007932993489	0.0007488915186	0.001982256662	0.002762120591	0.001982256662
	0.001616820806	0.001512038652	0.006807377611	0.00614765128	0.00526056112
	0.00386258974	0.003653527006	0.002994420331	0.003795444701	0.003005549741
	0.004151330674	0.005475517713	0.004004602472	0.004004602472	0.004151330674
	0.0003842739903	0.0006900726687	0.0003842739903	0.0001954738154	3.636933327e-05
	6.880821645e-05	3.636933327e-05	0.06087863052	0.04237710395	0.009908916736
	0.009908916736	0.004217654684	0.00233412362	0.001390899825	0.001212094566
	0.001581445849	0.002321245329	0.001581445849	0.002733963072	0.002764287357
	0.002930859885	0.002699661612	0.00182811802	0.00182811802	0.002231963405
	0.001655228028	0.001710316995	0.001319347702	0.001333482345	0.001169646448
	0.001382348083	0.001166168681	0.0006900726687	0.0007932993489	0.001075432406
	0.001982256662	0.003005549741	0.002923831528	0.001616820806	0.001833273443
	0.001590196888	0.003586596334	0.001548937928	0.00386258974	0.00386258974
	0.003326090701	0.003167028511	0.004151330674	0.003326090701	0.00382715575
	0.003920124661	0.0006900726687	0.0004221770806	0.0001954738154	0.0001954738154
	5.15277138e-05	0.0001045801349	8.508795442e-05	0.09202726412	0.04514752279
	0.009908916736	0.004217654684	0.004217654684	0.001212094566	0.001921074751
	0.001212094566	0.002056057469	0.002107879154	0.002764287357	0.001693326536
	0.002699661612	0.003607868032	0.003607868032	0.002699661612	0.003584938477
	0.002374249045	0.002896719949	0.001599380065	0.002006541064	0.001281401104
	0.001023699808	0.001023699808	0.002673842381	0.0009829151148	0.0009934392387
	0.0005574829044	0.001075432406	0.002673842381	0.003167028511	0.002557507747
	0.002399880066	0.002066435841	0.001590196888	0.00292386837	0.001509307357
	0.001458303694	0.002885489591	0.003038365362	0.002982525053	0.003038365362
	0.002551723233	0.003862806418	0.003920124661	0.0005574829044	0.000426700274
	0.0002713528302	0.0006241232518	0.0001372707201	0.0001045801349	0.0001045801349
	7.618073047e-05	0.06547657983	0.03853790615	0.008427698951	0.003769765948
	0.001706987183	0.001266296007	0.001706987183	0.003807786436	0.002056057469
	0.002352917584	0.001786653376	0.002896719949	0.003651953935	0.003607868032
	0.004422269109	0.002006541064	0.003075107976	0.001549070077	0.002006541064
	0.001281401104	0.00236427715	0.001023699808	0.0009838041261	0.0008345594036
	0.00112337047	0.002982525053	0.0008719601942	0.0009537924722	0.002557507747
	0.002625799363	0.002437252198	0.001915430838	0.00154181991	0.00292386837
	0.003603629643	0.001458303694	0.002551723233	0.003038365362	0.002982525053
	0.002565075676	0.003289768613	0.0006241232518	0.0003996119606	0.0002478335723
	0.0001825407106	0.0006241232518	0.0001372707201	7.618073047e-05	0.0001049448056
	4.238394606e-06	0.003807786436	0.07741507033	0.03606666532	0.0108134516
	0.007157854851	0.001706987183	0.002281584158	0.003277751397	0.001786653376
	0.004036926915	0.00467700996	0.003651953935	0.00426681377	0.003651953935
	0.003075107976	0.001955317995	0.001417709388	0.00105611494	0.001955317995
	0.0006689661715	0.0006689661715	0.0006928201947	0.0006928201947	0.002534077433
	0.002911618803	0.001257863595	0.002437252198	0.002437252198	0.001915430838
	0.001286257867	0.01220998583	0.002536898492	0.001303947854	0.002166680626
	0.003289768613	0.002161869485	0.0006368729993	0.0006368729993	0.0001825407106
	0.0002393115747	0.0001825407106	0.0003988923532	0.0001221044639	4.238394606e-06
	6.748189556e-05	4.238394606e-06	0.003951704766	0.003793068585	0.08126433965
	0.01385211579	0.0061093434	0.0061093434	0.002281584158	0.002281584158
	0.003438127255	0.004611871766	0.005065773557	0.004174643692	0.003904376236
	0.003904376236	0.003241861111	0.001955317995	0.001367831173	0.0007365102145
	0.003241861111	0.0005406981375	0.0007365102145	0.0005664226832	0.0009103418833
	0.00190061411	0.002274388306	0.002038054879	0.0009248812769	0.00190061411
	0.0017730584	0.01220998583	0.0008755811166	0.0006986475465	0.0006986475465
	0.002274388306	0.0007424578546	0.0006368729993	0.0006268688802	0.0002393115747
	0.000210945331	0.000210945331	0.0003706118363	0.0001776270017	0.0001090944977
	6.018605475e-05	7.167010788e-05	7.287999896e-06	0.003438127255	0.08126433965
	0.00906025607	0.0061093434	0.005263254958	0.002203064943	0.002203064943
	0.005065773557	0.004174643692	0.004174643692	0.004975792661	0.004819771733
	0.003904376236	0.003241861111	0.001683248988	0.001367831173	0.0006360658105
	0.001697859565	0.0004165038199	0.0006360658105	0.0004165038199	0.000853465871
	0.00190061411	0.002038054879	0.002038054879	0.000765455606	0.001045053206
	0.00127473094	0.02809783866	0.0007269110882	0.00150360788	0.0006986475465
	0.0009595139596	0.000765455606	0.0004313365372	0.0004313365372	0.000765455606
	0.0004082684607	0.000210945331	0.0001776270017	0.0003854018504	0.0002174688838
	0.0001985288805	7.542679299e-05	7.167010788e-05	7.167010788e-05	1.531909902e-05
	0.004358180075	0.002859674403	0.07964575052	0.02967668578	0.005263254958
	0.002232485765	0.002232485765	0.005264575855	0.005430193844	0.004975792661
	0.004358180075	0.00369946809	0.004908426279	0.003268126564	0.001743449881
	0.001743449881	0.0012117585	0.001795494258	0.0004165038199	0.0004416532491
	0.001113415194	0.0003881245195	0.0003915407948	0.00150360788	0.001561387177
	0.001654955786	0.001293891312	0.00127473094	0.001561387177	0.02099015478
	0.001800718888	0.001254374526	0.001800718888	0.001254374526	0.0003854018504
	0.0006624632508	0.0004313365372	0.0009291566027	0.0004082684607	0.0003410561073
	0.0003689597644	0.0002174688838	0.0006189890541	0.0001183006426	0.0001985288805
	0.0001081193547	1.433583879e-05	0.0001081193547	1.531909902e-05	1.531909902e-05
	0.005392639559	0.005493192496	0.002819435894	0.08996057895	0.03832044246
	0.004374925712	0.002819435894	0.005430193844	0.005430193844	0.005975451007
	0.006557867822	0.005577622749	0.004571381681	0.004315663309	0.003247472903
	0.001113415194	0.001679911769	0.001113415194	0.001679911769	0.0004319181763
	0.0002905184875	0.0006719076353	0.0003173324554	0.0003173324554	0.001251444405
	0.001534902078	0.001380963194	0.001293891312	0.001534902078	0.02235576145
	0.001800718888	0.001254374526	0.001852207319	0.0005582685094	0.001336152858
	0.0009291566027	0.0007795453653	0.0003689597644	0.0003689597644	0.0004437157092
	0.0006131204039	0.0006432749191	0.0002052270328	6.503976274e-05	1.190586404e-05
	5.729627012e-05	1.240258523e-05	1.240258523e-05	0.005493192496	0.004552807521
	0.003573186064	0.05943285881	0.04056553146	0.003573186064	0.005955781628
	0.006623561546	0.006675019129	0.004723157724	0.004991099633	0.004205030238
	0.003247472903	0.001105625676	0.001679911769	0.002314782201	0.002347239077
	0.002347239077	0.0002681257586	0.0004236418605	0.0004238618315	0.0003173324554
	0.0002681257586	0.000320115125	0.000320115125	0.002245150402	0.001263104066
	0.001380963194	0.001482813935	0.02235576145	0.001973741248	0.001852207319
	0.002245150402	0.0006432749191	0.001251724549	0.001594846164	0.001321032946
	0.0008821407027	0.0009480831865	0.0004437157092	0.0002095046751	0.0004351409801
	0.0009480831865	0.0006131204039	0.0006131204039	4.296041024e-06	6.79741794e-05
	0.0002513137043	0.0002513137043	9.689727407e-05	0.0001327656836	8.329802469e-05
	2.370899188e-05	9.333563559e-05	0.004932186822	0.004552807521	0.005352266224
	0.04437894343	0.01269145415	0.005955781628	0.006675019129	0.006675019129
	0.004932186822	0.006623561546	0.004205030238	0.003950133393	0.003990855957
	0.001035710495	0.001537881099	0.002152743145	0.003111269223	0.0002681257586
	0.001122916217	0.0004958409382	0.0004958409382	0.0004076009028	0.0004076009028
	0.0003679285434	0.002245150402	0.002696002095	0.01610919874	0.003352984405
	0.003545523729	0.001251724549	0.002238163227	0.001251724549	0.001825261562
	0.0008821407027	0.0009480831865	0.0004336518077	0.0005687108121	0.0007478353537
	0.0007478353537	7.169400316e-06	2.370899188e-05	6.79741794e-05	0.0002513137043
	0.0004336518077	0.0002373009937	0.0001252253189	9.406334755e-05	2.370899188e-05
	0.004932186822	0.003823221368	0.01269145415	0.04437894343	0.005997207318
	0.006200519333	0.007309240539	0.004274584713	0.006200519333	0.003950133393
	0.003950133393	0.003111269223	0.001122916217	0.002152743145	0.002152743145
	0.001884726021	0.003194347315	0.0008431563047	0.001122916217	0.0004958409382
	0.002696002095	0.0005925698185	0.0004186838393	0.0005425345888	0.0005425345888
	0.003545523729	0.002238163227	0.007689356797	0.005582850066	0.0006376914546
	0.001864309692	0.001864309692	0.001155772115	0.0007934741923	0.0005343306336
	0.0005687108121	0.0005687108121	0.0001028805127	4.953583493e-05	9.289688207e-05
	0.0001107051858	0.0003861119599	0.0004694928089	0.0002000361897	0.0003861119599
	0.0002908137615	0.000123476852	0.003823221368	0.003823221368	0.02516908764
	0.005997207318	0.005896674444	0.005997207318	0.006672663957	0.00474441569
	0.005072594684	0.005077583085	0.0008431563047	0.001114771896	0.002368538035
	0.00324262513	0.001925291121	0.002563818422	0.0009837726263	0.0006463600549
	0.0004663790439	0.001312530479	0.0005425345888	3.596684621e-05	6.60213129e-05
	0.004066094846	0.00405453661	0.003043634412	0.006947930924	0.001177425102
	0.0007934741923	0.001864309692	0.002270541833	0.001430267757	0.0007934741923
	0.0005343306336	0.0004694928089	0.0001028805127	0.0001515559125	0.0001456135478
	0.0001448929895	0.0001199037353	0.0004694928089	0.0002000361897	0.0002060273774
	0.0002255107839	0.0005084479572	0.00474441569	0.004077704967	0.02516908764
	0.005072594684	0.006529391679	0.005896674444	0.00676532724	0.003620575788
	0.005072594684	0.004154779184	0.005133962789	0.00163480208	0.00324262513
	0.002368538035	0.002741726789	0.002741726789	0.00163480208	0.00180430337
	0.00087390463	0.00087390463	0.0009893582491	0.001343614287	0.001473245945
	9.802060042e-05	0.0001624143104	0.0001624143104	0.0001376986723	0.00405453661
	0.00405453661	0.003616675327	0.009399611597	0.000828006718	0.001219859151
	0.003081786699	0.002270541833	0.002003555997	0.000712758216	0.0006462490115
	0.0006462490115	0.0004402284617	0.001043361183	0.0008774634291	0.0001515559125
	0.0001515559125	0.0001456135478	0.0002099919966	0.0002426327654	0.0002642026983
	0.0002426327654	0.0002358959587	0.0002849610364	0.004675014062	0.004675014062
	0.07156447647	0.006899882762	0.004302020825	0.007021437672	0.004302020825
	0.004129695798	0.005133962789	0.004570450655	0.006899882762	0.002710123019
	0.003705727602	0.002710123019	0.004570450655	0.002258612321	0.002258612321
	0.001166566532	0.001166566532	0.001247471983	0.00165852704	0.001882327802
	0.001699928017	0.0002999052999	0.0001677589736	0.0001624143104	0.0002494389175
	0.0002142126092	0.004278001065	0.004052895805	0.004278001065	0.009489019076
	0.001429184071	0.001219859151	0.001632208911	0.003834948262	0.002343368585
	0.0007696770023	0.0005224412443	0.0005224412443	0.0009504283472	0.001217062214
	0.0001689750407	0.0002099919966	0.0002358959587	0.0002928223377	0.0003112648408
	0.0004881662066	0.0003806291139	0.000657329043	0.004675014062	0.08632472761
	0.006899882762	0.006216122909	0.004302020825	0.006216122909	0.004129695798
	0.006328167641	0.006328167641	0.002710123019	0.003028073373	0.004702221687
	0.003705727602	0.006104674315	0.002516353067	0.001767351291	0.001166566532
	0.001203040308	0.001917711311	0.0022234102	0.0022234102	0.0003433864104
	0.0003323313996	0.0001993802054	0.0002749620076	0.0003033697817	0.0003293999757
	0.004278001065	0.003885880083	0.007145005162	0.001632208911	0.001632208911
	0.004026831153	0.002343368585	0.001197145817	0.000657329043	0.001008132423
	0.001217062214	0.001217062214	0.001322091216	0.0003925185457	0.0005879156107
	0.0007433765689	0.0007433765689	0.0007060643046	0.0005891669977	0.000657329043
	0.0007060643046	0.000978078499	0.001196274972	0.004285063788	0.07680616522
	0.00682810382	0.006209086176	0.006216122909	0.005856285509	0.0040584301
	0.006328167641	0.003283954732	0.004321817599	0.003577670374	0.004702221687
	0.006104674315	0.003283954732	0.003283954732	0.006428300122	0.002263895506
	0.001794532499	0.001794532499	0.001901449942	0.002386567221	0.002386567221
	0.0003675502568	0.0003323313996	0.0003233894086	0.000420896604	0.0003293999757
	0.0004086396575	0.0004086396575	0.000444393033	0.003885880083	0.007145005162
	0.002939709293	0.001458098607	0.004110136391	0.001422811988	0.001008132423
	0.001458098607	0.001422811988	0.0003925185457	0.0005166545858	0.0009152379395
	0.000991944991	0.001216034534	0.001216034534	0.001196274972	0.001150936376
	0.001697658054	0.001633569189	0.008777292212	0.0592710197	0.005894213901
	0.005494218214	0.005494218214	0.004340929348	0.005791657204	0.006428300122
	0.003944040462	0.00440007538	0.004503618689	0.005791657204	0.00274727667
	0.003944040462	0.006428300122	0.006547765647	0.002332335943	0.002332335943
	0.001794532499	0.00226770855	0.00226770855	0.002386567221	0.002825615573
	0.003913545754	0.0004278849533	0.0004250465347	0.0004587012879	0.0003877772624
	0.0003688063668	0.000346763735	0.000352373252	0.0004587012879	0.0003399145775
	0.0002234400126	0.0003399145775	0.000444393033	0.0004086396575	0.0004307459913
	0.000444393033	0.004110136391	0.007765008364	0.00301070702	0.002001301887
	0.003428649752	0.001488465959	0.001422811988	0.001711695342	0.00154354701
	0.0005851410651	0.001198018072	0.000991944991	0.0009152379395	0.001608566705
	0.001216034534	0.001679998833	0.001697658054	0.002182671902	0.01235124312
	0.04001012594	0.004534021884	0.002662359642	0.003480077748	0.005791657204
	0.006414784392	0.004489235691	0.004489235691	0.005449683304	0.00560659413
	0.003279148997	0.006414784392	0.006171388973	0.005964811976	0.002344900582
	0.002332335943	0.002804434154	0.002344900582	0.00226770855	0.003154411146
	0.002630384093	0.003279148997	0.003913545754	0.003556093582	0.0003471479478
	0.0003328402387	0.0003811632275	0.000352373252	0.0003332244754	0.0005019415584
	0.0003471479478	4.17772732e-05	0.0002208590318	0.0001127071033	5.572592351e-05
	0.0003406849028	0.0002234400126	0.0003041822727	0.0002234400126	2.396300646e-05
	4.17772732e-05	0.0008353144344	0.0004307459913	0.0004307459913	0.0008274909251
	0.008316401874	0.01506404272	0.001787017058	0.001743229126	0.001743229126
	0.001509602849	0.001711695342	0.001711695342	0.001712445795	0.0008353144344
	0.001198018072	0.001777549005	0.001608566705	0.001937014986	0.002338402051
	0.001937014986	0.002182671902	0.006898194187	0.04001012594	0.002662359642
	0.004534021884	0.003480077748	0.005451102777	0.004489235691	0.004230204769
	0.005451102777	0.005646238564	0.005646238564	0.004602023238	0.002535472912
	0.002514424387	0.002697941106	0.003094080014	0.003078589483	0.002536420677
	0.002700745009	0.002700745009	0.003556093582	0.004295911959	0.003556093582
	0.0003471479478	0.0003328402387	0.0003021551771	0.0003460874519	0.0004270824809
	0.000476815553	0.0002887514948	4.17772732e-05	9.324677922e-05	6.056326008e-05
	0.000122530228	0.0003041822727	0.0001611227086	0.0002180267035	2.432725367e-06
	2.432725367e-06	2.447281737e-07	1.123387225e-06	3.94972203e-06	2.727050487e-05
	1.194829348e-05	0.001020871709	0.0007392410818	0.0006919589795	0.0006919589795
	0.003207749798	0.02728007096	0.001509602849	0.001743229126	0.001509602849
	0.001892952624	0.002474574886	0.001651280009	0.001837565374	0.001020871709
	0.002171845308	0.002570207139	0.001937014986	0.002610857759	0.00307475683
	0.008957664339	0.05983795944	0.003643320377	0.003430995071	0.006573562487
	0.005451102777	0.004295911959	0.004230204769	0.004879766052	0.004602023238
	0.004602023238	0.002535472912	0.002535472912	0.002637479176	0.00288751743
	0.003393423899	0.003078589483	0.003078589483	0.002683533059	0.002683533059
	0.003579919212	0.003557379027	0.003489905274	0.0003124435983	0.0003124435983
	0.0002389232678	0.0004270824809	0.0004581598212	0.000476815553	0.0002559678626
	3.272380249e-05	9.496390404e-05	9.496390404e-05	0.0001114756786	0.0001353344269
	0.0001353344269	2.201350852e-05	2.447281737e-07	2.420370127e-09	3.94972203e-06
	2.863390591e-08	2.071369547e-07	2.863390591e-08	5.563724592e-06	1.194829348e-05
	1.107427052e-05	0.001020871709	0.0006768055813	0.0006919589795	0.0009664974742
	0.01268671877	0.02728007096	0.001226545865	0.001347947759	0.001226545865
	0.002610857759	0.002674563927	0.002674563927	0.001848705132	0.002570207139
	0.002171845308	0.001470402125	0.002171845308	0.002755557622	0.002755557622
	0.003192845551	0.006573562487	0.06368699444	0.002387236776	0.003430995071
	0.008153180292	0.003914315794	0.003760327388	0.003914315794	0.003400790982
	0.003121050171	0.002923608812	0.002556860724	0.002594993158	0.002709709056
	0.002923635473	0.003670546273	0.004542243142	0.002721205309	0.002694072242
	0.002683533059	0.003760327388	0.003768749821	0.003477775584	0.0003124435983
	0.0002183295569	0.0002183295569	0.0004581598212	0.0004581598212	0.0006905258078
	0.0002456275076	4.782009058e-05	4.782009058e-05	0.0001114756786	0.0001498789082
	0.0001047679373	2.201350852e-05	1.107427052e-05	3.950920648e-07	1.94339238e-07
	4.516302125e-06	2.863390591e-08	4.986660902e-07	1.920560937e-07	1.107427052e-05
	0.001259799606	0.0006905258078	0.001096446628	0.006568266014	0.03643684049
	0.001226545865	0.0008772719782	0.001848705132	0.002991503152	0.002674563927
	0.002508800067	0.001492309357	0.002402299487	0.002366283138	0.002366283138
	0.002755557622	0.003600298406	0.0301886645	0.07156481428	0.003535163915
	0.002687077738	0.008153180292	0.003400790982	0.002872314304	0.002316949935
	0.003033313072	0.002652936213	0.002652936213	0.002667661651	0.002556860724
	0.002556860724	0.002594993158	0.002832455149	0.003670546273	0.004542243142
	0.004542243142	0.002687077738	0.002721205309	0.002446688818	0.002872314304
	0.002665934799	0.002206614845	0.0002456275076	0.000232226584	0.0001748051892
	0.0006628257901	0.0004505384037	0.0003444591958	0.0004505384037	0.0002866457942
	4.782009058e-05	7.155293049e-05	7.155293049e-05	8.066302982e-05	8.232666691e-07
	1.790175238e-05	7.890995345e-06	1.94339238e-07	1.94339238e-07	2.762741498e-06
	2.784195164e-06	2.784195164e-06	1.920560937e-07	5.300321813e-06	8.232666691e-07
	0.001096446628	0.001096446628	0.006568266014	0.0171514108	0.001300255518
	0.001085386314	0.001300255518	0.00327774706	0.002991503152	0.0025453458
	0.001632090248	0.001128047267	0.003035251048	0.00225980337	0.00206828344
	0.003642998108	0.0301886645	0.08122809538	0.002687077738	0.01034149802
	0.002316949935	0.002316949935	0.00251562253	0.002206614845	0.002389741185
	0.002389741185	0.002047741953	0.002251154196	0.002251154196	0.002550209899
	0.002854664292	0.002830161015	0.003935084058	0.004888156714	0.002373124332
	0.002011999927	0.002011999927	0.001703590393	0.001877184491	0.002206614845
	2.535739507e-05	0.000580325748	0.000232226584	0.000179858861	0.0006098882726
	0.0004505384037	0.0002781588999	0.0002781588999	2.535739507e-05	0.0001098270937
	4.610766411e-05	8.066302982e-05	4.13826184e-06	4.52014974e-06	2.297130948e-06
	1.187827964e-05	1.657384091e-05	1.187827964e-05	5.300321813e-06	4.710075633e-06
	4.13826184e-06	4.710075633e-06	0.001128047267	0.001085386314	0.01224106162
	0.001300255518	0.000981043151	0.002214111024	0.003642998108	0.00327774706
	0.003181759222	0.001475819521	0.001653425725	0.003035251048	0.002376447213
	0.002376447213	0.003026581127	0.0492604149	0.08386024964	0.006669924643
	0.01034149802	0.001998921707	0.001368772601	0.002015600157	0.002389741185
	0.002225615543	0.002225615543	0.001998921707	0.002303146958	0.002251154196
	0.002550209899	0.002550209899	0.002854664292	0.003935084058	0.004905668758
	0.003935084058	0.003891621016	0.002011999927	0.001703590393	0.001475010708
	0.001840082882	0.001475010708	0.0007204591981	0.0007204591981	1.014007452e-05
	8.933943311e-06	0.000580325748	0.0001731740179	0.0001731740179	0.0003258992111
	0.0002584131995	0.0002647969854	0.0004469466197	4.610766411e-05	0.0001292899982
	4.610766411e-05	4.13826184e-06	1.651113191e-05	3.404625164e-05	4.160996876e-05
	6.493508792e-05	4.845728456e-05	2.756591806e-05	3.077766924e-05	3.077766924e-05
	0.001554727835	0.000981043151	0.003673378247	0.002214111024	0.001154415916
	0.002214111024	0.003211953782	0.00338554549	0.00338554549	0.003847761345
	0.001554727835	0.002943943942	0.002224885199	0.002194630973	0.003742928688
	0.03302872597	0.05669487884	0.003891621016	0.01166065507	0.001368772601
	0.001368772601	0.001477314915	0.001812346351	0.001473492356	0.002883337895
	0.001771194983	0.002295988871	0.002295988871	0.00214433241	0.004831870866
	0.002819080739	0.002818831094	0.004905668758	0.002883337895	0.00129042768
	0.001771194983	0.001133309903	0.001475010708	0.001477314915	0.0007432170322
	0.0009892373131	0.0007791106119	0.0004469466197	1.253428376e-05	1.253428376e-05
	0.0003597504272	0.0001731740179	0.0003258992111	0.0002369762132	2.610193172e-05
	2.610193172e-05	0.0001062895382	7.580342058e-05	4.405139353e-05	3.404625164e-05
	8.684696267e-05	0.0001154714697	8.250746859e-05	7.771832518e-05	4.845728456e-05
	0.0001205177829	0.0001205177829	0.0007791106119	0.001711029933	0.00269500689
	0.003673378247	0.002823928827	0.00138733136	0.003508230894	0.003784122166
	0.00465453127	0.00499847726	0.001711029933	0.002224885199	0.002224885199
	0.002801661075	0.03538918471	0.04677468322	0.00808777197	0.00808777197
	0.001129912746	0.001917203222	0.001214555179	0.001473492356	0.002883337895
	0.001900442776	0.002169271807	0.002169271807	0.00208743954	0.003919881351
	0.003911190257	0.002819080739	0.00324897357	0.00431539482	0.001326528809
	0.001548781515	0.001161969768	0.0009590287841	0.001129912746	0.0009590287841
	0.0007382349937	0.0006549771987	0.0007038113332	0.0007791106119	0.0003451006042
	5.684120057e-05	0.0002369762132	0.0001739977952	0.0002573965578	0.0002573965578
	5.604926968e-05	5.372395409e-05	0.0001249852941	5.604926968e-05	8.119012242e-05
	8.684696267e-05	8.684696267e-05	0.0001319475789	0.0001953972905	0.0001689631747
	0.0001205177829	0.0007188255543	0.00144902528	0.00144902528	0.001528409232
	0.004427234543	0.002823928827	0.003368114168	0.003661246153	0.002801661075
	0.00499847726	0.00432434507	0.001678743788	0.002906575562	0.002801661075
	0.0268035823	0.04677468322	0.00808777197	0.01197825815	0.001945453995
	0.0007545654465	0.0009188470097	0.002577041049	0.001555353713	0.001555353713
	0.001731486758	0.003809297467	0.001958627248	0.003911190257	0.003911190257
	0.002693401328	0.00673832908	0.0009172765147	0.001216787357	0.0009172765147
	0.0009590287841	0.001945453995	0.001102185549	0.0006789909994	0.0006789909994
	0.0007038113332	0.000477989475	0.0003575710947	9.944957179e-05	9.944957179e-05
	0.0002137761265	0.0001763506452	0.000181736745	5.604926968e-05	0.0001133367554
	9.989105256e-05	0.0001351906682	0.0001476740875	0.0002650388249	0.0002650388249
	0.0001319475789	0.0001319475789	0.0001953972905	0.0001689631747	0.0007188255543
	0.001173920976	0.001173920976	0.0007188255543	0.003368114168	0.003198249341
	0.005491060752	0.005102952024	0.006356683857	0.003005328782	0.005400986647
	0.006356683857	0.001678743788	0.001951063778	0.001951063778	0.01197825815
	0.04010160131	0.008669984753	0.008669984753	0.002657316736	0.0007695574608
	0.0006625375268	0.004357717898	0.001216787357	0.001400079988	0.004466814922
	0.001602267062	0.003164155389	0.002230567079	0.002692226467	0.002209583198
	0.00673832908	0.0007025914029	0.0009648249633	0.001216787357	0.0005396570432
	0.001453245639	0.001562978942	0.0006789909994	0.0006427793204	0.0005747069003
	0.0006625375268	0.0004717022844	0.0003575710947	0.0002487668283	9.944957179e-05
	0.0001493024388	0.0001398442644	0.0002428218989	0.000181736745	0.000181736745
	0.0001398442644	0.0001351906682	0.0002040869797	0.0002545153435	0.0002650388249
	0.0002647745925	0.0003305767522	0.0002246451095	0.0003212271617	0.0002455238288
	0.0003792911388	0.0008414716607	0.0009583770521	0.0007974425807	0.005102952024
	0.008711484702	0.006290456877	0.005102952024	0.006356683857	0.003005328782
	0.004879659995	0.004879659995	0.001951063778	0.002170314249	0.02674843555
	0.02344439026	0.008669984753	0.009846980407	0.004357717898	0.0007695574608
	0.004357717898	0.0009648249633	0.001400079988	0.001602267062	0.004246954321
	0.003682923256	0.002230567079	0.002565009013	0.002230567079	0.0026588914
	0.001104965051	0.006930405013	0.0005396570432	0.0009648249633	0.0005396570432
	0.0004408485048	0.001866955499	0.002830775749	0.0006861616603	0.001866955499
	0.0007911765216	0.0005210329848	0.0004717022844	0.0003498140981	0.0002546509853
	0.0002546509853	0.0001420164373	0.0001493024388	0.0001881003486	0.0001833091439
	0.0001833091439	0.0002289070201	0.0002040869797	0.000398912789	0.000398912789
	0.000408957236	0.000408957236	0.000570494751	0.000570494751	0.0002966968425
	0.0002947998389	0.0004236969119	0.0003498140981	0.0004513912785	0.0005410178817
	0.001010211927	0.0007974425807	0.01209518982	0.02546521604	0.007643541573
	0.00602146834	0.006303892898	0.003216384307	0.002512771074	0.002404521232
	0.001437834739	0.001852276301	0.003396706166	0.009846980407	0.02344439026
	0.008265933816	0.008265933816	0.005005127091	0.005636322674	0.000546699964
	0.0007918240759	0.001113652635	0.001576559094	0.003566614428	0.003116431045
	0.003116431045	0.002175074189	0.001937192661	0.002243100183	0.001104965051
	0.001104965051	0.00780000032	0.0004408485048	0.0007548858168	0.000546699964
	0.0004408485048	0.001866955499	0.002906757709	0.001649881906	0.001502204949
	0.0007911765216	0.0005210329848	0.0006287078678	0.0003855776639	0.0004008903829
	0.0002975197286	0.0004008903829	0.0003098361208	0.0001881003486	0.0001881003486
	0.0004076876566	0.0004076876566	0.0004539921385	0.0005031084103	0.0005888351095
	0.0005888351095	0.000570494751	0.0005117492689	0.0005454777506	0.0005454777506
	0.0004539921385	0.001010211927	0.0004513912785	0.0004605925806	0.000578710987
	0.000578710987	0.01914923593	0.01437837805	0.006303892898	0.006303892898
	0.005712080631	0.001852276301	0.001459980175	0.001852276301	0.003479943521
	0.01027079159	0.01027079159	0.004336646749	0.00780000032	0.005310042849
	0.005636322674	0.0004516300648	0.0005545485323	0.001379048929	0.00158003154
	0.003155663013	0.003116431045	0.00260848073	0.002175074189	0.002175074189
	0.001080799601	0.0007548858168	0.007142659451	0.005310042849	0.0004080479187
	0.0007548858168	0.0004080479187	0.0004988680444	0.001565956372	0.003426838287
	0.005081335147	0.003426838287	0.001565956372	0.0009243302265	0.001226505382
	0.0006287078678	0.0006287078678	0.0005096983725	0.0004008903829	0.0004019260562
	0.0004019260562	0.0003918160362	0.0003852830524	0.0004076876566	0.0005140872956
	0.0004539921385	0.0004605925806	0.0006645968411	0.0008628741734	0.001067502278
	0.0008851724069	0.0005454777506	0.0007990085473	0.0007990085473	0.0006658711878
	0.0005965934469	0.0004605925806	0.000578710987	0.0007465639403	0.009512591885
	0.04074093596	0.009268451038	0.009268451038	0.005712080631	0.003479943521
	0.002123513288	0.0007773940505	0.0009531510147	0.002123513288	0.01027079159
	0.008216650853	0.00384934351	0.007142659451	0.005310042849	0.0003969213187
	0.001239622043	0.001239622043	0.003142162788	0.003142162788	0.002505429179
	0.0022335802	0.001911293008	0.001018049288	0.0006372181627	0.0008125458973
	0.007142659451	0.005397448718	0.0004360929287	0.0004988680444	0.0006372181627
	0.0004399741816	0.0003969213187	0.0004360929287	0.0005412062779	0.002791885119
	0.005081335147	0.003426838287	0.004239277189	0.001922118318	0.001015572172
	0.0021973889	0.001042170719	0.001042170719	0.0005096983725	0.0006591534771
	0.0006609840462	0.00051942524	0.00051942524	0.0004399027131	0.0005611520413
	0.0007702365833	0.0005978637675	0.0006645968411	0.001187650272	0.0008851724069
	0.0008851724069	0.0009523033607	0.0008681480237	0.000879804189	0.0006658711878
	0.0006416569915	0.0006657092909	0.0006657092909	0.0009607284626	0.02740917134
	0.0316714089	0.01552636675	0.01048070669	0.005604612887	0.003860226614
	0.001179920068	0.0006808861131	0.001179920068	0.003802017533	0.003346874251
	0.002818744082	0.004204204304	0.005309642772	0.001239622043	0.001520513355
	0.002951433406	0.003142162788	0.003144943423	0.002055788864	0.002055788864
	0.001795392932	0.001515922265	0.001249420033	0.0006471130382	0.0006372181627
	0.0004955317684	0.006197216346	0.005555673722	0.0005259942755	0.0004741716349
	0.0003932679307	0.0003947483282	0.000409628507	0.0008122072528	0.00517234116
	0.003404994067	0.003404994067	0.0021973889	0.00120610558	0.0021973889
	0.001042170719	0.001135022082	0.0006205707972	0.0006591534771	0.0006609840462
	0.0006609840462	0.0005263027086	0.0007702365833	0.0007702365833	0.0008123824228
	0.0008123824228	0.001261215161	0.001261215161	0.0009523033607	0.0009523033607
	0.0008681480237	0.0009625553779	0.0008404960201	0.0006657092909	0.0007935351891
	0.0007935351891	0.02740917134	0.0620069107	0.01216062652	0.00771731758
	0.005723200402	0.002842368876	0.001179920068	0.001002610807	0.001137143736
	0.001277089303	0.004445020202	0.004273807098	0.00464847297	0.005555673722
	0.001249420033	0.002828777345	0.002828777345	0.002223969074	0.002113433118
	0.001854755253	0.000811019936	0.001795392932	0.001018811061	0.001018811061
	0.0004955317684	0.0004955317684	0.0003912896021	0.004069429363	0.003614831302
	0.000639297546	0.000409628507	0.0003947483282	0.0003947483282	0.001051141151
	0.001051141151	0.00517234116	0.00517234116	0.003102673687	0.002571840996
	0.002571840996	0.002037352003	0.002037352003	0.001179475136	0.0007495401623
	0.0008186950799	0.0009785313772	0.0009785313772	0.0008747419375	0.000992843048
	0.001168080807	0.001208119379	0.001781923411	0.001494143718	0.001250911732
	0.001231301433	0.0009625553779	0.0009625553779	0.001033897639	0.0007826517293
	0.0009239008303	0.001083430373	0.001092254243	0.02994278152	0.0620069107
	0.01216062652	0.006843448093	0.004064258753	0.002417707777	0.001137143736
	0.001325772617	0.001374861481	0.001568567074	0.004273807098	0.002271538022
	0.004080494114	0.0006770617673	0.0007560224188	0.002704204445	0.002828777345
	0.002820319517	0.002113433118	0.00475942731	0.001854755253	0.001714485076
	0.0007938581321	0.001263365525	0.001000634444	0.0005424885734	0.0004485721375
	0.0003912896021	0.004069429363	0.004069429363	0.0007560224188	0.0004770403254
	0.00040411998	0.001051141151	0.00110701639	0.001853850276	0.004370011302
	0.004547934978	0.00278613703	0.002371046289	0.002037352003	0.001853850276
	0.0009037545709	0.001032830667	0.0009785313772	0.001033897639	0.001503405494
	0.001777920183	0.001612533006	0.001697505612	0.001697505612	0.00155846526
	0.001231301433	0.001159120478	0.001122488418	0.001186847803	0.002033955726
	0.001179468719	0.00122077224	0.001615836604	0.03858585633	0.07152791283
	0.006843448093	0.006843448093	0.003201046399	0.001174765727	0.001593914075
	0.001527938695	0.001916112396	0.002272663831	0.002271538022	0.008130420055
	0.002271538022	0.004080494114	0.00475942731	0.0007560224188	0.0004363898339
	0.002868368215	0.002691319213	0.002691319213	0.002100576768	0.001714485076
	0.004370011302	0.001212270546	0.001212270546	0.0005424885734	0.001000634444
	0.001000634444	0.0004356930479	0.0003730179563	0.0003730179563	0.004018780135
	0.002466777871	0.000717651499	0.0004363898339	0.0009461816093	0.001460425449
	0.0009461816093	0.001950059472	0.001950059472	0.003615144366	0.003090839695
	0.002780397406	0.002300013885	0.00135582827	0.001169571177	0.00135582827
	0.00182248969	0.002033955726	0.001612533006	0.002033955726	0.001891537652
	0.00155846526	0.00155846526	0.001259242247	0.001259242247	0.001408037058
	0.001428700975	0.001527938695	0.001842518686	0.001842518686	0.03858585633
	0.0397128657	0.01593488176	0.003201046399	0.003201046399	0.001593914075
	0.001527938695	0.002550401748	0.002280209886	0.001705454057	0.001806389254
	0.001647671079	0.01812935227	0.002376257459	0.004018780135	0.004146942385
	0.003919039657	0.0006281723757	0.0003538493863	0.0004356930479	0.002630673663
	0.002745874603	0.002404086484	0.002404086484	0.001752602677	0.00146993418
	0.003615144366	0.001212270546	0.0005469661154	0.0008111450893	0.0004356930479
	0.0003176420267	0.0004245923984	0.003162626479	0.001564153283	0.0006752566113
	0.0004649912054	0.0009461816093	0.001375884936	0.001170874626	0.002300013885
	0.001767081136	0.003615144366	0.003043049058	0.002300013885	0.003203412693
	0.002093060447	0.001460421909	0.00135582827	0.00182248969	0.001860074284
	0.002093060447	0.002021226909	0.001655686196	0.001655686196	0.00152042029
	0.00152042029	0.001428700975	0.001428700975	0.002477948481	0.001842518686
	0.003032379836	0.01593488176	0.08332428508	0.01072780217	0.003346791199
	0.004736306016	0.002280209886	0.003097098153	0.003097098153	0.00211858656
	0.005701914344	0.001647671079	0.01440286859	0.001564153283	0.003083807453
	0.003025786269	0.003203412693	0.0006752566113	0.0003157173368	0.0003937553032
	0.0003937553032	0.00217406837	0.003242308444	0.002101439076	0.002618832895
	0.001884792327	0.002101439076	0.001240680695	0.001240680695	0.0009859941795
	0.003350417732	0.0008111450893	0.0003176420267	0.0003176420267	0.0003403449604
	0.0003403449604	0.001564153283	0.0006752566113	0.0005899193667	0.0004642561728
	0.001003058392	0.001451457001	0.001170874626	0.001109743087	0.002482757699
	0.001646735903	0.002689524498	0.002468843535	0.003203412693	0.002712267306
	0.001656865099	0.001656865099	0.002173805649	0.002101973772	0.00270677965
	0.002683063236	0.002117953893	0.001750037247	0.00152042029	0.001563168683
	0.001535128604	0.001788619301	0.001788619301	0.002929608733	0.002929608733
	0.003876538319	0.01393942964	0.08332428508	0.008167152589	0.003346791199
	0.005353330416	0.00211858656	0.002709780739	0.003876538319	0.003097098153
	0.003351118049	0.005701914344	0.002061125612	0.01440286859	0.001434769167
	0.002771746219	0.003025786269	0.003025786269	0.002771746219	0.0003937553032
	0.0004979289806	0.002689524498	0.00217406837	0.0009859941795	0.003242308444
	0.003242308444	0.002101439076	0.002329708366	0.001288700844	0.001664594756
	0.001240680695	0.0005891893324	0.002824337941	0.0004979289806	0.0002535838707
	0.0002506022593	0.0002759679079	0.0003272621991	0.0003272621991	0.001434769167
	0.00079897206	0.0006376172446	0.0005093670431	0.0009611114178	0.001451457001
	0.001109743087	0.001109743087	0.001819115928	0.002314357437	0.002689524498
	0.002589353062	0.00270677965	0.002417400861	0.002417400861	0.00270677965
	0.002696898886	0.002696898886	0.001750037247	0.001563168683	0.001559850549
	0.001559850549	0.002130293425	0.001832790361	0.002929608733	0.003876538319
	0.02699562093	0.06161770339	0.008167152589	0.003266369146	0.004321586312
	0.003266369146	0.003936339325	0.003936339325	0.003768740077	0.004780192862
	0.004164793941	0.009101237192	0.002061125612	0.02453473422	0.001414710382
	0.002771746219	0.002184729477	0.00181639143	0.002140261689	0.001965293242
	0.0004979289806	0.002454961926	0.001709028956	0.0007731827171	0.003846167159
	0.002322195952	0.002088409299	0.001664594756	0.001525047763	0.00104629555
	0.001196798379	0.00104629555	0.0007731827171	0.0005891893324	0.002361991396
	0.0003500903565	0.0002254356259	0.0002216309859	0.0002216309859	0.0002354756007
	0.0003272621991	0.0003929832415	0.001871221305	0.001537274067	0.00079897206
	0.0006118047509	0.0004999485531	0.0009611114178	0.001591424782	0.00136964357
	0.001225141739	0.00191273315	0.001682483824	0.002361991396	0.002180881646
	0.00191273315	0.002589353062	0.00181639143	0.003418612104	0.003338495856
	0.002513307716	0.002696898886	0.001693643686	0.001512086788	0.002513307716
	0.001512086788	0.00148131312	0.001706234467	0.001706234467	0.003354725578
	0.003344680792	0.02699562093	0.06161770339	0.005645074519	0.003758348319
	0.004820821665	0.004975576891	0.004566421824	0.003936339325	0.004669045117
	0.004566421824	0.009465880242	0.003043261653	0.02453473422	0.001871221305
	0.001985780342	0.001985937912	0.00181639143	0.001965293242	0.00150282643
	0.00150282643	0.0009256679157	0.00104629555	0.0009592889453	0.0007320848359
	0.0005078199632	0.0003519196001	0.001943250417	0.0002205246709	0.0002232987933
	0.0002216309859	0.0002449086453	0.0003016610687	0.000334197144	0.001537274067
	0.001537274067	0.00177699057	0.0006118047509	0.0004999485531	0.0004999485531
	0.0007491037217	0.00144603035	0.001225141739	0.0009403714188	0.00191273315
	0.001625868061	0.001893852162	0.002180881646	0.001893852162	0.001733373837
	0.003354725578	0.002513307716	0.002588696516	0.002176377096	0.001817667439
	0.001486850421	0.002176377096	0.00148131312	0.001463461974	0.001706234467
	0.00433258545	0.003344680792	0.003344680792	0.03446415931	0.04558683123
	0.005645074519	0.004141003091	0.005173677537	0.00433258545	0.003637480072
	0.005173677537	0.005636300788	0.007571603156	0.004122195165	0.01625871327
	0.004122195165	0.001717215418	0.00177699057	0.001590065329	0.0009256679157
	0.0003728139127	0.0007072154375	0.0009592889453	0.0004056479163	0.0003728139127
	0.001943250417	0.0001638862345	0.0001881691774	0.0002123731249	0.000334197144
	0.0002220507253	0.000334197144	0.002390535583	0.00162184996	0.002390535583
	0.00177699057	0.0004223914105	0.0005899312444	0.0005405673028	0.0007327981063
	0.001170420876	0.001170420876	0.0008201264055	0.001646921395	0.001393831971
	0.001225595772	0.001893852162	0.001559153086	0.001717215418	0.001710969038
	0.001540192179	0.00281632569	0.002472646619	0.001823173175	0.001896125124
	0.001611647917	0.00151424313	0.001910922648	0.001463461974	0.001463461974
	0.003777624007	0.003995605894	0.003491269668	0.002921693912	0.007468296885
	0.04558683123	0.004129003821	0.004997789567	0.005461251842	0.004129003821
	0.005173677537	0.005641163072	0.005641163072	0.005636300788	0.005973320778
	0.00510267646	0.007677976508	0.005394492093	0.0147227107	0.005394492093
	0.001590065329	0.001670034477	0.001590065329	0.0002816055391	0.0005254122956
	0.0004056479163	0.0002727473329	0.0002727473329	0.001544783146	0.0001638862345
	0.0001638862345	0.0003061314783	0.0001425378181	0.0001634114143	0.000277629318
	0.0002583399715	0.001399969224	0.002390535583	0.004213938465	0.001936194354
	0.002408519866	0.001423931902	0.0004695381952	0.0005405673028	0.0005405673028
	0.0008201264055	0.001030755206	0.001030755206	0.0008201264055	0.001393831971
	0.001233471826	0.001083209028	0.001544783146	0.001307900809	0.001370653553
	0.001423931902	0.001537258936	0.001370653553	0.002472646619	0.001896125124
	0.001611647917	0.001896125124	0.001611647917	0.001372452662	0.001182853838
	0.001182853838	0.003995605894	0.003995605894	0.002921693912	0.002507980325
	0.01288173888	0.0248505635	0.003159897595	0.005461251842	0.004588171014
	0.004842918771	0.006333952326	0.005641163072	0.004842918771	0.005901399964
	0.006333952326	0.007374103418	0.006742492241	0.007085273928	0.005394492093
	0.01208767631	0.004213938465	0.001485705608	0.001485705608	0.001544783146
	0.0001442142609	0.0003061314783	0.0003711033962	0.0001626620998	0.0001954528952
	0.0002445102272	0.00133785585	0.002768181121	0.001459954647	0.002452400824
	0.002408519866	0.001423931902	0.0003782804855	0.0004695381952	0.0005906238082
	0.0006235420046	0.0009348206925	0.0007986974368	0.0008058596231	0.001409250155
	0.001246320592	0.0009642467092	0.001447233827	0.001307900809	0.001307900809
	0.001370653553	0.001537258936	0.001459954647	0.001265671029	0.002293578288
	0.001607899711	0.001406664803	0.001222579809	0.00141892944	0.001198158929
	0.001182853838	0.002311360397	0.001770201811	0.002507980325	0.004277063072
	0.0248505635	0.004277063072	0.004588171014	0.006416680526	0.003269649987
	0.004189848459	0.006084765299	0.005178055117	0.006084765299	0.007753669158
	0.007085273928	0.007273486965	0.01291072344	0.004963978544	0.004230962755
	0.001365679817	0.001485705608	0.001325208402	0.003240566293	0.001459954647
	0.002406073016	0.001468666433	0.0005046273347	0.0005604407662	0.0006235420046
	0.0009642467092	0.0007253778682	0.0006135875153	0.001246320592	0.001130532232
	0.0009642467092	0.001198625446	0.001198625446	0.001264358895	0.001265671029
	0.001523137569	0.00145674629	0.001376461308	0.001616507295	0.002157868829
	0.001283902142	0.001519097967	0.001519097967	0.001634859231	0.001048510122
	0.001012054962	0.001043261827	0.002330801004	0.002334702066	0.001770201811
	0.001383554267	0.02839538797	0.004277063072	0.01358828401	0.003927171208
	0.005093987739	0.006416680526	0.006727336251	0.003269649987	0.004038986897
	0.00616374091	0.005178055117	0.00616374091	0.004963978544	0.006528588065
	0.01357044083	0.005065815807	0.002904831205	0.001265361433	0.00134416114
	0.001616507295	0.001425287549	0.000566804683	0.0006224894767	0.0007253778682
	0.0006135875153	0.0006135875153	0.001576077924	0.001006723165	0.0009127886083
	0.0008879585882	0.00108504066	0.00108504066	0.001188737075	0.001419792531
	0.001376461308	0.003211010352	0.002118380583	0.001516265766	0.002118380583
	0.001137027734	0.001176493756	0.001265361433	0.001383554267	0.0007574489768
	0.001423181051	0.0008417794531	0.0008417794531	0.002270518279	0.001790802369
	0.001790802369	0.001252348838	0.00124682247	0.02839538797	0.003876551538
	0.01348389255	0.003876551538	0.003843776378	0.006563290212	0.006727336251
	0.006727336251	0.003020737341	0.005269794028	0.006139140276	0.00385024328
	0.005269794028	0.00616374091	0.005065815807	0.007027692605	0.01346392774
	0.004713932776	0.001289534525	0.001289534525	0.0007768321172	0.0006711457572
	0.001518251375	0.001516265766	0.0009127886083	0.0009127886083	0.0008602046653
	0.001050484266	0.0009672788074	0.001081349215	0.001398282497	0.001354514727
	0.003211010352	0.002118380583	0.00194572644	0.001516265766	0.001098716246
	0.001161582996	0.001208565978	0.0007574489768	0.0007574489768	0.0008352597182
	0.0006912276633	0.002270518279	0.002270518279	0.0009825840682	0.0009825840682
	0.0009825840682	0.07702460635	0.006601480084	0.004168338397	0.003876551538
	0.004288169677	0.004907867859	0.005509109164	0.008051724976	0.00665982701
	0.003020737341	0.00665982701	0.005227852461	0.005227852461	0.005465003453
	0.007380354049	0.01326714123	0.005465003453	0.01326714123	0.001354514727
	0.0007653520883	0.001415129483	0.001518251375	0.001625083229	0.0007653520883
	0.0009672788074	0.0008602046653	0.00100428657	0.0009333013494	0.001039357272
	0.001346747538	0.003059906799	0.00194572644	0.00194572644	0.001957535032
	0.001547924412	0.001119244131	0.001172441813	0.001253507646	0.001253507646
	0.000525680311	0.0005518138123	0.0006720975144	0.0006948060166	0.00223493733
	0.001560334381	0.0007027268596	0.0007027268596	0.05962996113	0.006601480084
	0.004913703673	0.004288169677	0.004284371874	0.006743784912	0.008051724976
	0.006401768696	0.003125377316	0.004304613746	0.005227852461	0.00223493733
	0.005465003453	0.00764981433	0.00764981433	0.004351945292	0.004351945292
	0.007539275402	0.01470490899	0.001395237821	0.001415129483	0.001522244852
	0.0008157437367	0.0009333013494	0.0009807715904	0.0009333013494	0.00102156735
	0.001395237821	0.001379501681	0.001957535032	0.002746221329	0.00197340144
	0.00197340144	0.001449446576	0.001381596671	0.00149190701	0.001119244131
	0.001133185749	0.001261717325	0.001253507646	0.0004551367672	0.000452154503
	0.000890497231	0.000890497231	0.00223493733	0.001011038212	0.001556789258
	0.0007027268596	0.001029094604	0.0004254836488	0.06997465805	0.008870280639
	0.003769182542	0.003822784262	0.004913703673	0.006743784912	0.006743784912
	0.007197793106	0.006405536317	0.004191171976	0.003133960823	0.004191171976
	0.003133960823	0.006533465029	0.002662809816	0.004245942315	0.006533465029
	0.007676328783	0.01470490899	0.001359641004	0.00138159747	0.0009046070874
	0.001011933462	0.0009479567605	0.0009821841674	0.001379501681	0.001379501681
	0.001449446576	0.001274116021	0.001962558451	0.001770977526	0.001770977526
	0.001512788955	0.00149190701	0.001312166379	0.001537538662	0.0009821841674
	0.001089634077	0.001133185749	0.001212509618	0.0003785735539	0.0004538386889
	0.000890497231	0.001118895162	0.0004183910995	0.001011038212	0.00112823256
	0.0004183910995	0.000274566818	0.04929483654	0.007007014205	0.006416969225
	0.004632179964	0.004632179964	0.004632179964	0.006626324734	0.006989719977
	0.006254930071	0.004191171976	0.005555266584	0.003133960823	0.002542008723
	0.002568517383	0.02033130334	0.0244560303	0.004245942315	0.003201307905
	0.004405148568	0.002762877102	0.003214951883	0.007676328783	0.001265918871
	0.0009479567605	0.0009821841674	0.001377069989	0.001516309675	0.001207270253
	0.001761251278	0.001770977526	0.001654728486	0.001265918871	0.001390555637
	0.001312166379	0.001312166379	0.001375088386	0.001051111321	0.001022789024
	0.001096426839	0.001212509618	0.000383202067	0.000383202067	0.0007262714
	0.0004183910995	0.0006695886626	0.000274566818	0.000274566818	0.001357696673
	0.04929483654	0.007007014205	0.06840855828	0.08125919061	0.007007014205
	0.00454713172	0.00454713172	0.004474773966	0.0048135114	0.006694692209
	0.006652342884	0.005594058048	0.005594058048	0.004382915817	0.002542008723
	0.002739471441	0.002079321638	0.08125919061	0.01655463799	0.003524147539
	0.00377819099	0.01279683961	0.002762877102	0.003214951883	0.002718209614
	0.001917529343	0.003214951883	0.00377819099	0.001265918871	0.001377069989
	0.001207270253	0.002221250599	0.001761251278	0.001654728486	0.001125432232
	0.001375088386	0.001282749785	0.001243782772	0.001282749785	0.001390555637
	0.001385005344	0.001374983113	0.001375088386	0.001067404222	0.001125432232
	0.001151795169	0.0007697143334	0.0002794518723	0.0007262714	0.0005088985305
	0.0003109815333	0.0009756807378	0.001567975743	0.008961346873	0.003862194217
	0.01130963835	0.0115593654	0.003862194217	0.00454713172	0.00438165423
	0.005024348895	0.005594624905	0.006017936217	0.005400579852	0.005400579852
	0.004382915817	0.002739471441	0.00298567145	0.001567975743	0.05491750564
	0.08177983262	0.01279683961	0.0111716661	0.008455453674	0.005548211761
	0.003131374215	0.003659785874	0.003024388201	0.003524147539	0.001634846443
	0.00377819099	0.001870628481	0.002445153274	0.001508954101	0.001484146201
	0.001356926431	0.001131518143	0.001256528467	0.001228686303	0.001213592993
	0.001031438183	0.001228686303	0.001282749785	0.001173262088	0.001170229645
	0.001175671846	0.001205597282	0.001204929864	0.001322541417	0.001031438183
	0.001131518143	0.0006020201766	0.0005088985305	0.0005088985305	0.0003109815333
	0.0006750309412	0.0009756807378	0.001567975743	0.004273129271	0.003605778885
	0.0115593654	0.00544383199	0.003605778885	0.004821622283	0.006143542492
	0.006017936217	0.006017936217	0.005713363933	0.004274754713	0.004274754713
	0.00298567145	0.002301702698	0.00182036477	0.06546576269	0.09198245385
	0.04140380914	0.01241527703	0.04140380914	0.02191650915	0.01241527703
	0.01575098126	0.03308780535	0.002094422013	0.001277974973	0.002339568117
	0.001247464799	0.008932360884	0.002276075872	0.00408815984	0.001870628481
	0.001727256354	0.001324731374	0.001772636717	0.001456476762	0.001456476762
	0.001526431445	0.001625711944	0.001596557215	0.001131518143	0.001299142314
	0.001228686303	0.001031438183	0.001176827891	0.001158732116	0.001119613814
	0.001175671846	0.001170229645	0.001176046599	0.001174681305	0.001312192332
	0.0009997570774	0.001103382177	0.0003567042011	0.0006750309412	0.0003616615311
	0.001151484016	0.001151484016	0.001837017606	0.003642913452	0.003605778885
	0.003781461136	0.00544383199	0.00252086862	0.003905603568	0.004821622283
	0.005195047002	0.005195047002	0.004954050911	0.004274754713	0.003120973418
	0.003120973418	0.002310556014	0.001837017606	0.01625086159	0.042780216
	0.02640948743	0.01479315065	0.01429657004	0.02202189265	0.007239819468
	0.01625086159	0.008705033116	0.001772636717	0.002280136568	0.002339568117
	0.005850509508	0.004928324755	0.004928324755	0.001727256354	0.001727256354
	0.001898237902	0.003108617656	0.001335355677	0.001456476762	0.001506130048
	0.001625711944	0.001625711944	0.001596557215	0.001103382177	0.001299142314
	0.001040569856	0.001312192332	0.005185822171	0.001067729593	0.001183629928
	0.001130581186	0.001158274585	0.00144395197	0.001205594916	0.0009707741055
	0.001033999398	0.000922080179	0.0006204846283	0.0009357119971	0.0006204846283
	0.0009357119971	0.001481051883	0.003334524911	0.003334524911	0.003781461136
	0.002453482424	0.003905603568	0.003905603568	0.005553343358	0.004291139218
	0.004389529017	0.0038896326	0.002024544891	0.003533887569	0.002809327185
	0.002024544891	0.01740591147	0.008635168239	0.008650836277	0.008705033116
	0.01063447822	0.005399843465	0.005895840201	0.00745834644	0.002280136568
	0.005101768991	0.00446817153	0.005850509508	0.00745834644	0.001898237902
	0.002725342405	0.001898237902	0.002719519633	0.003801673201	0.001666131748
	0.001515739388	0.001809738616	0.001694840833	0.002719519633	0.003357607152
	0.001033999398	0.005185822171	0.001437119705	0.005185822171	0.001067729593
	0.001041743395	0.001134607883	0.001147742334	0.001577030384	0.001265405759
	0.000922080179	0.001033999398	0.000922080179	0.0006204846283	0.0009500210573
	0.0006228238605	0.0009500210573	0.00217842475	0.003334524911	0.002409103787
	0.002453482424	0.002122326249	0.003354983078	0.00418939872	0.003354983078
	0.004389529017	0.003533887569	0.004114150484	0.00272872638	0.003533887569
	0.00217842475	0.005895840201	0.008635168239	0.00802043958	0.008650836277
	0.007046363095	0.005895840201	0.00745834644	0.005373256341	0.005373256341
	0.006910945156	0.005937386944	0.003603130833	0.003617268354	0.002719519633
	0.003801673201	0.004501882294	0.00211627422	0.00211627422	0.001632215761
	0.002955372096	0.001622081353	0.001001306857	0.00418939872	0.001632215761
	0.001632215761	0.00428425173	0.001577030384	0.001001306857	0.001041743395
	0.001147742334	0.001147742334	0.001316728186	0.0008842693761	0.0009715274984
	0.0009362124624	0.0007453438482	0.0009500210573	0.000864681903	0.001224415696
	0.002125282347	0.001881080376	0.002332563811	0.001740912689	0.002791397655
	0.001622081353	0.003268266387	0.003510712688	0.00418939872	0.003268266387
	0.003807153793	0.003715932105	0.00272872638	0.00326563764	0.002478661142
	0.005080060396	0.005070532625	0.006496356094	0.006496356094	0.007046363095
	0.003353497259	0.006473383438	0.005373256341	0.005836729174	0.006473383438
	0.004379797425	0.002955372096	0.004501882294	0.004501882294	0.002425080898
	0.002662549868	0.002223216115	0.003279109048	0.001622081353	0.002506070903
	0.001001306857	0.001860600995	0.001860600995	0.003807153793	0.001182601501
	0.00168821229	0.001047979024	0.001117679728	0.001224695781	0.0008365020826
	0.0009278353969	0.0008676607222	0.000976469138	0.001455295712	0.001455295712
	0.002080375531	0.002125282347	0.001355810339	0.001740912689	0.002035075211
	0.000979858521	0.003268266387	0.00388738218	0.003259622179	0.003807153793
	0.003715932105	0.003715932105	0.002827892933	0.002620578306	0.004279528169
	0.004279528169	0.004181634565	0.004939783521	0.003239091691	0.00568179409
	0.006473383438	0.005836729174	0.004572068863	0.004131574412	0.004379797425
	0.003279109048	0.005107988028	0.004745888866	0.002939908388	0.002851401576
	0.002223216115	0.002223216115	0.003279109048	0.001068666398	0.002148943771
	0.0009057853938	0.00168821229	0.003584353516	0.001224695781	0.001450378205
	0.00168821229	0.001047979024	0.001204777826	0.001385487858	0.001817854436
	0.0007974143388	0.0009057853938	0.000837998977	0.001303848251	0.001455295712
	0.001891364966	0.002130724446	0.002130724446	0.000979858521	0.001355810339
	0.002412493663	0.001068666398	0.003259622179	0.003584353516	0.002384225292
	0.003230493159	0.003110257213	0.003032044795	0.002827892933	0.002620578306
	0.00279825574	0.003305441127	0.004181634565	0.004181634565	0.00279825574
	0.003969806586	0.004118570866	0.003969806586	0.003305441127	0.00406027933
	0.003328749717	0.004261958703	0.004261958703	0.004118570866	0.002741579601
	0.002582383112	0.002741579601	0.001068666398	0.001483273574	0.0009057853938
	0.001385487858	0.001817854436	0.0009480739991	0.001226106759	0.001385487858
	0.002206543057	0.0007646048862	0.000837998977	0.0007162523259	0.00172127286
	0.002085697333	0.002273722009	0.002130724446	0.0025067638	0.0008616456977
	0.001175144425	0.002176149362	0.0008616456977	0.003008399082	0.00335067435
	0.003304426555	0.002159538189	0.002861644198	0.002861644198	0.002776556889
	0.002643397294	0.00279825574	0.002682730381	0.001825024399	0.003647446018
	0.003238220359	0.002048447129	0.003328749717	0.004270541508	0.003799597611
	0.004261958703	0.003549520819	0.003549520819	0.002206543057	0.002741579601
	0.002612259309	0.002785195357	0.0006436057578	0.001405191606	0.0009480739991
	0.002689968709	0.001670989701	0.001670989701	0.0009622517639	0.001226106759
	0.001425923475	0.002206543057	0.0007162523259	0.0008796573872	0.0007873961811
	0.002273722009	0.002307164846	0.002273722009	0.002481099074	0.0025067638
	0.001817472533	0.001201926163	0.002159538189	0.0008365524606	0.002488397316
	0.002925980973	0.002488397316	0.002585993273	0.002861644198	0.002643397294
	0.001825024399	0.001825024399	0.002592032754	0.002938446233	0.002048447129
	0.002000648251	0.003748054275	0.002964369313	0.003748054275	0.002938446233
	0.00304089696	0.003549520819	0.002612259309	0.002612259309	0.002288874356
	0.0007794547217	0.0006520700906	0.0008796573872	0.002689968709	0.001670989701
	0.001634028671	0.000986759751	0.001275661545	0.001414079288	0.001919693885
	0.0007336482179	0.0008796573872	0.0007873961811	0.003242247675	0.002481099074
	0.003030844765	0.002481099074	0.002564713304	0.002498014139	0.001771610994
	0.0009503908127	0.001154845082	0.001201926163	0.0006652793781	0.002488397316
	0.00204030639	0.002581571494	0.002673286552	0.001568504354	0.001335950441
	0.0007794547217	0.002938446233	0.001335950441	0.001429699545	0.001684405666
	0.002964369313	0.002964369313	0.002751716268	0.003027351183	0.002751716268
	0.002241256052	0.002080528049	0.002080528049	0.002003516655	0.0005757001508
	0.000986759751	0.002125773407	0.001919693885	0.001648993838	0.0009743065952
	0.001261801599	0.001261801599	0.001835380487	0.0006459181633	0.0007703151922
	0.0007703151922	0.003030844765	0.002894819348	0.003030844765	0.002894819348
	0.00254939551	0.002265689671	0.002265689671	0.001568504354	0.001154845082
	0.0006652793781	0.0005536775644	0.001925059038	0.002237278678	0.002237278678
	0.001901371836	0.001568504354	0.0008705248664	0.0005757001508	0.001744070787
	0.0009406680367	0.001684405666	0.002423799348	0.002137337023	0.002241256052
	0.002203363876	0.002241256052	0.001194417827	0.002080528049	0.002003516655
	0.002003516655	0.0004499310423	0.0009743065952	0.001482688589	0.001413463336
	0.0009405659379	0.001261801599	0.001482688589	0.00180477102	0.0006641625376
	0.0007253945102	0.0007253945102	0.004131505642	0.002894819348	0.004131505642
	0.00254939551	0.00254939551	0.002265689671	0.002256702732	0.0009342131802
	0.0008228876192	0.0004473653917	0.0004473653917	0.001901371836	0.00184333664
	0.001757028181	0.0009342131802	0.0009406680367	0.001492938342	0.001058368086
	0.001194417827	0.001816917924	0.002142592202	0.001194417827	0.001753787922
	0.0016521923	0.001551415578	0.001408531657	0.0004499310423	0.0009405659379
	0.001238620134	0.001054683273	0.000974298897	0.001238620134	0.001361708903
	0.001361708903	0.0005702864876	0.0007491372502	0.0006901115279	0.004131505642
	0.00305246709	0.003602804359	0.00255175078	0.002256702732	0.002262340649
	0.002256702732	0.0009342131802	0.0004686808361	0.0004473653917	0.001757028181
	0.00184333664	0.001544270804	0.0007713906399	0.0006457298185	0.0007153045716
	0.0009326473391	0.0009281938515	0.001408531657	0.001263007362	0.001551415578
	0.001408531657	0.0003812761029	0.0008450408632	0.0007917192782	0.0008516659473
	0.001024858483	0.001093887637	0.001217500237	0.001020818766	0.0005702864876
	0.0006966101208	0.0005689407427	0.004470539097	0.002813217863	0.003907743642
	0.002813217863	0.002440618581	0.001960334518	0.002440618581	0.0006247589754
	0.0005280303409	0.0003919962162	0.0003919962162	0.001400710105	0.001400710105
	0.001068150139	0.0006247589754	0.0007153045716	0.000673049898	0.0007636760677
	0.00120447353	0.0009243805359	0.0009452062041	0.0003812761029	0.0007917192782
	0.0006922549597	0.0008063117907	0.0008560381237	0.0008525907145	0.0008924165995
	0.0009452062041	0.0004487154602	0.0006050565699	0.0004811805445	0.003907743642
	0.002806696329	0.003907743642	0.002806696329	0.002440618581	0.001910925512
	0.001965935739	0.0006247589754	0.0004746372407	0.0003948947447	0.001400710105
	0.001412212208	0.0007245751365	0.0009815559641	0.0003975336065	0.000606396015
	0.0005397910427	0.0006498484408	0.0009452062041	0.000387371918	0.0006922549597
	0.0006922549597	0.0006468277395	0.0007083210554	0.0007328898269	0.0006754062287
	0.0006754062287	0.0003778588009	0.0004281172182	0.0004281172182	0.004854933462
	0.003950393506	0.00393254327	0.002803902773	0.002302080218	0.001965935739
	0.002302080218	0.0005224078212	0.0003948947447	0.0003948947447	0.0006636195737
	0.001615634815	0.001117518727	0.0009163469223	0.000387371918	0.0004437200758
	0.0005476291958	0.0005476291958	0.000387371918	0.0006516478534	0.0006468277395
	0.0006468277395	0.0006443707556	0.0005075775279	0.0006754062287	0.0005436002135
	0.0003138571967	0.0004281172182	0.0003138571967	0.004854933462	0.00393254327
	0.00393254327	0.00268102417	0.002302080218	0.001615634815	0.001651938232
	0.001404086367	0.000450092114	0.0005898695217	0.000450092114	0.0009163469223
	0.001482336684	0.001117518727	0.0004510046278	0.0004437200758	0.0004437200758
	0.0005476291958	0.0003774470718	0.0004898451397	0.0005092209418	0.0005092209418
	0.0005075775279	0.0005075775279	0.0004459981359	0.0003579740561	0.000251299306
	0.0003811943018	0.000251299306	0.003909806072	0.00390685065	0.00390685065
	0.002648999876	0.002648999876	0.001651938232	0.00230873921	0.001152607524
	0.001404086367	0.0006390517285	0.0008717908814	0.0006010962339	0.0004547053213
	0.0003597711948	0.0003579740561	0.0003597711948	0.0003811943018	0.0003542137913
	0.0004639636601	0.0003531360587	0.0003542137913	0.000353368453	0.0003979835657
	0.0003579740561	0.000251299306	0.0003367511193	0.0002097265589	0.004717198576
	0.003797573123	0.003797573123	0.002751425996	0.001374251745	0.002126101629
	0.001098284639	0.001399774085	0.001098284639	0.0006010962339	0.0005800788297
	0.0004469789348	0.0003597711948	0.0002725662722	0.0003542137913	0.0002725662722
	0.0003531360587	0.0003619725483	0.000353368453	0.0003350192988	0.0001640371292
	0.0002097265589	0.0002097265589	0.004422450457	0.003152326705	0.003743905214
	0.00259692972	0.003152326705	0.001435005025	0.002207799341	0.001183809718
	0.001183809718	0.0007813891005	0.0007813891005	0.0005944569584	0.0005944569584
	0.000215204856	0.0002584340661	0.000215204856	0.0003685592904	0.0003685592904
	0.0003011935245	0.0002584340661	0.0001454129412	0.0002118797945	0.0001454129412
	0.004422450457	0.003152326705	0.004160175445	0.002695168928	0.001872478067
	0.001872478067	0.002203091211	0.001183809718	0.0007667125445	0.0009866796365
	0.0005920005173	0.000215204856	0.0002584340661	0.0001978513693	0.0003532113149
	0.0005920005173	0.0003435236759	0.0001454129412	0.000182521635	0.0001654985641
	0.004160175445	0.002695168928	0.003410131885	0.001590848832	0.001872478067
	0.002203091211	0.0009866796365	0.0007822682547	0.0009866796365	0.0007822682547
	0.000182521635	0.00027383656	0.0002752091042	0.0003435236759	0.0003568387326
	0.00027383656	0.0007822682547	0.0001569205462	0.0002580347148	0.0002045806122
	0.003974754407	0.002434402045	0.003349124949	0.003349124949	0.001590848832
	0.001706245662	0.002454854579	0.001016901905	0.0008139394651	0.0006052901007
	0.0002580347148	0.0004329258925	0.0004329258925	0.001239042192	0.0009723057964
	0.0002045806122	0.0002580347148	0.0002751227883	0.003494533408	0.002454854579
	0.002655556778	0.001603969958	0.002032166852	0.002280199382	0.001314616837
	0.0006052901007	0.0004796813211	0.0004329258925	0.001603969958	0.001239042192
	0.0009161012421	0.0007945612476	0.0003637199367	0.0003637199367	0.003494533408
	0.002979624748	0.002823872079	0.001716805181	0.002199592158	0.001248721322
	0.00118937188	0.0004796813211	0.00118937188	0.0007945612476	0.0003637199367
	0.000390045273	0.002836598011	0.002823872079	0.002360828672	0.001795207113
	0.002006816133	0.001405748709	0.00118937188	0.0009049551396	0.0006738290371
	0.0005367832709	0.0005367832709	0.003041816543	0.002860579599	0.002360828672
	0.002006816133	0.001402527404	0.001402527404	0.0007413258981	0.0009076955527
	0.0009076955527	0.002860579599	0.002616845041	0.002146467594	0.001625690983
	0.001169328499	0.0009076955527	0.00269461642	0.00256249146	0.001870478168
	0.001169328499	0.001169328499	0.00256249146	0.00256249146	0.001870478168
	0.001920119702	0.003170197015	0.001920119702	0.003739025466	0.002518221296
	0.001700470427	0.00241077152	0.00241077152	0.002226665272	0.0027440024
	0.00303056566	0.0002339904235	0.002226665272	0.003815109592	0.005399847776
	0.003815109592	0.003418575189	0.002967168988	0.003831554003	0.003859902553
	0.003886878454	0.002826983298	0.001209079687	0.002753262595	0.002315838204
	0.0027440024	0.0027440024	0.0002339904235	0.0001584331946	0.001827107964
	0.001805908022	0.001988492848	0.001988492848	0.005510421021	0.00199900267
	0.004043854076	0.001612835395	0.004643843798	0.003815109592	0.003418575189
	0.003418575189	0.003831554003	0.003831554003	0.003385743413	0.002753262595
	0.002826983298	0.002453478163	0.002113256748	0.002753262595	0.002281715666
	0.002156792902	0.002131349053	0.001827107964	0.001827107964	0.0006977633985
	0.001805908022	0.001935619165	0.001863340395	0.00142574085	0.001573067431
	0.001988492848	0.001417379712	0.004230908026	0.007941414539	0.00384337121
	0.00384337121	0.004043854076	0.003955446105	0.004230908026	0.004038710471
	0.002559695708	0.003861844172	0.003319283027	0.003419250756	0.003447019915
	0.003419250756	0.002246302736	0.002534457072	0.002420137411	0.002559695708
	0.002113256748	0.002113256748	0.001935619165	0.001967820757	0.001959127943
	0.001959127943	0.001262367155	0.001878953745	0.001802191073	0.001373496581
	0.00125094187	0.0005587392794	0.0009003232064	0.001262367155	0.001573067431
	0.001417379712	0.001373496581	0.004397263338	0.003952433238	0.004120518855
	0.006870165972	0.003003067501	0.003226161381	0.004038710471	0.007113071413
	0.003616466724	0.004038710471	0.002766301699	0.003226161381	0.002766301699
	0.003419250756	0.003240784183	0.002534457072	0.002369876723	0.002132206231
	0.00198843114	0.00198843114	0.001967820757	0.001802298851	0.001660534645
	0.001959127943	0.001802298851	0.001522030077	0.0004628443855	0.001188401907
	0.001373496581	0.001188401907	0.001566376087	0.001344602614	0.001358168138
	0.001344602614	0.001321092857	0.001187621874	0.00881644486	0.004397263338
	0.004397263338	0.00402248146	0.003377049973	0.003003067501	0.003003067501
	0.003903462785	0.003510141232	0.003510141232	0.003889206123	0.003903462785
	0.003030132506	0.002369876723	0.002795743948	0.002795743948	0.002313135781
	0.002702158064	0.002132206231	0.00213535761	0.00213535761	0.001889316445
	0.001994994324	0.00174298138	0.001802298851	0.001522030077	0.001522030077
	0.001800750443	0.001586413859	0.0004349661112	0.0009597411525	0.001001332176
	0.001117803492	0.001154563249	0.001306074093	0.001219559134	0.001245462358
	0.001353069857	0.001344602614	0.001154563249	0.001187621874	0.004554016335
	0.004096508916	0.003554005756	0.002811734952	0.003391432662	0.003141821937
	0.003903462785	0.003391115041	0.003510141232	0.002811734952	0.003070928879
	0.002313135781	0.002313135781	0.002514552115	0.002447879448	0.00230780387
	0.002002529091	0.001849740153	0.002095168207	0.002077812154	0.00174298138
	0.001583138136	0.001489120433	0.001461693534	0.001311658129	0.001311658129
	0.0009597411525	0.001042907973	0.0009597411525	0.001037851771	0.00110829172
	0.00184124268	0.001001332176	0.001001332176	0.001058702255	0.00130726457
	0.001193118218	0.001254742171	0.001102046806	0.001198670352	0.004096508916
	0.002028327187	0.004554016335	0.003273919097	0.003720697085	0.003554005756
	0.003554005756	0.002766702083	0.002514552115	0.002766702083	0.002439752473
	0.003070928879	0.002677448511	0.003070928879	0.002090751758	0.002090751758
	0.002298076015	0.002262926214	0.001849740153	0.001849740153	0.00187298806
	0.00187298806	0.001577272683	0.001583138136	0.001466412012	0.001318883797
	0.001156410637	0.001311658129	0.0009655605992	0.0009655605992	0.001124071467
	0.001352033076	0.001166363516	0.001289499774	0.00125045569	0.001058702255
	0.0009308416137	0.001058702255	0.0009894740648	0.001141394405	0.001141394405
	0.001156410637	0.001151638132	0.001169219541	0.001198670352	0.003255157022
	0.002896074022	0.002028327187	0.003273919097	0.001582398906	0.003031374936
	0.001804889311	0.002745272729	0.002745272729	0.002315225932	0.002480925844
	0.002298076015	0.002766702083	0.002534059535	0.00232348733	0.002504003376
	0.002504003376	0.002090751758	0.00218868707	0.002298076015	0.001648515987
	0.001530425971	0.001739057596	0.001739057596	0.001315499626	0.001413159856
	0.001317185568	0.001318883797	0.001212140932	0.0009308416137	0.0009655605992
	0.001124071467	0.001124071467	0.00112993548	0.001014716276	0.001632853847
	0.001468295498	0.001471348627	0.001169219541	0.0009894740648	0.0009894740648
	0.001136667492	0.001136667492	0.001141394405	0.001151638132	0.001072261627
	0.001091860973	0.002783222819	0.002653142537	0.002963147929	0.00291044361
	0.00291044361	0.002574068072	0.001744533459	0.002653142537	0.002159962152
	0.002315225932	0.002315225932	0.001933102068	0.002131857653	0.002035295986
	0.002035295986	0.001972770023	0.001864500609	0.001942981281	0.001530425971
	0.001530425971	0.001739057596	0.001706518198	0.001457856995	0.001315499626
	0.001302940844	0.001197098192	0.001208528499	0.001100633575	0.00113116324
	0.001132486972	0.001306403553	0.00113630784	0.001219388973	0.001450670027
	0.001849722369	0.001471348627	0.001016069996	0.001074764823	0.001034175299
	0.001094131125	0.001094131125	0.001080902346	0.001072261627	0.001072261627
	0.002830351548	0.002783222819	0.002653142537	0.002466759989	0.00291044361
	0.00259355508	0.00259355508	0.001370631235	0.002098238695	0.002047151921
	0.002047151921	0.001972770023	0.001864500609	0.001885762884	0.002035295986
	0.001724235842	0.001726961968	0.001706518198	0.001279783689	0.001279783689
	0.001436214547	0.001546860717	0.001428840214	0.001193913742	0.001302940844
	0.001091723884	0.001100633575	0.001124606541	0.001185278317	0.001306403553
	0.001306403553	0.001219388973	0.001128704774	0.001491991299	0.0019194729
	0.0019194729	0.0001697122203	0.001074764823	0.001016069996	0.001074764823
	0.001128704774	0.001075864757	0.001094131125	0.001080902346	0.001034605317
	0.003105965884	0.002830351548	0.003190339997	0.002098238695	0.002213349129
	0.002394473834	0.002636673061	0.002394473834	0.00259355508	0.001370631235
	0.001726961968	0.002098238695	0.002047151921	0.001641264318	0.00171009267
	0.001518152456	0.001650247758	0.001650247758	0.001387919544	0.001255002543
	0.001177790512	0.001324661916	0.001301720362	0.001387919544	0.001324661916
	0.001127193418	0.001130255016	0.001091723884	0.001058043701	0.001124943138
	0.001185278317	0.001264545054	0.001144703277	0.001128704774	0.001365671877
	0.0001612844073	0.001603009913	0.0019194729	0.002010455515	0.001124898068
	0.001046309252	0.001107553069	0.001075263864	0.00105529914	0.001046276057
	0.001026283679	0.001051388694	0.002426874093	0.002636673061	0.002426874093
	0.003269928517	0.001798991164	0.001976946768	0.001976946768	0.001940889789
	0.001963556081	0.001893295234	0.001713728441	0.001175532534	0.001641264318
	0.001798991164	0.001641264318	0.001518152456	0.001518152456	0.001650247758
	0.001426936529	0.001481804109	0.001387919544	0.001175532534	0.001177790512
	0.001324661916	0.001206570809	0.001390486095	0.001226344392	0.001076449325
	0.001076449325	0.001058043701	0.001058043701	0.001172172963	0.001259842154
	0.001355082682	0.001160156771	0.001144703277	0.001355082682	0.001524374469
	0.002857521667	0.001911252801	0.001603009913	0.001943329263	0.001067867822
	0.001051388694	0.001119907824	0.001067867822	0.001032592411	0.001026283679
	0.001026283679	0.001032592411	0.002426874093	0.002242515014	0.002242515014
	0.003003479837	0.001798991164	0.001976946768	0.001900994261	0.001713728441
	0.001671931353	0.001713728441	0.001175532534	0.001127640867	0.001480186961
	0.001491217115	0.001505670218	0.001491217115	0.001528970069	0.001426936529
	0.00138079934	0.001394257242	0.001127640867	0.001055109125	0.001121273852
	0.001226344392	0.001128274302	0.001226344392	0.001035117294	0.001014845181
	0.001014845181	0.001183008781	0.00127351065	0.00127351065	0.001217482106
	0.001392442465	0.001482590372	0.001666956331	0.002857521667	0.002857521667
	0.002080773405	0.001943329263	0.001163534629	0.001067867822	0.001099631669
	0.001076736742	0.001032592411	0.001015424997	0.001038550965	0.001791098063
	0.001900994261	0.002000662017	0.002226293265	0.003523351457	0.003003479837
	0.001971064118	0.001505670218	0.001555002301	0.00162658312	0.00162658312
	0.001721225949	0.001155348807	0.001480186961	0.001399148786	0.001357232862
	0.001271485047	0.001360706405	0.001257291679	0.001350452851	0.001180441763
	0.001092947785	0.001003288247	0.001110420729	0.001069386884	0.001087252836
	0.001087252836	0.0009989152953	0.001006015592	0.001014845181	0.001183008781
	0.001183008781	0.001267535596	0.002359341616	0.001282319076	0.001465655088
	0.001845739586	0.002359341616	0.002235873442	0.001845739586	0.003172033415
	0.001163534629	0.001087226176	0.001077452864	0.001067517014	0.001023081752
	0.001008846597	0.001038242704	0.001550052677	0.001640639775	0.001831358227
	0.001971064118	0.001209118943	0.001971064118	0.0006548627749	0.001293135293
	0.001550052677	0.0014815109	0.001095131066	0.001289864285	0.001378638325
	0.001271485047	0.001271485047	0.001254090561	0.001176935231	0.001179397978
	0.001250128495	0.001110420729	0.001011242655	0.001006015592	0.001110420729
	0.001069386884	0.001038720266	0.001038720266	0.001008846597	0.0009941762675
	0.0009941762675	0.001183484339	0.001200172024	0.002855370743	0.001365407198
	0.001465655088	0.001465655088	0.001845739586	0.00231435418	0.001930978583
	0.003172033415	0.002891971647	0.001341131218	0.001252460065	0.001125500234
	0.001067517014	0.001067517014	0.001038242704	0.001008846597	0.001038242704
	0.001437181747	0.001640639775	0.001640639775	0.001831358227	0.001989733528
	0.002582098931	0.0008475388319	0.00161883267	0.002446772232	0.001293135293
	0.001437181747	0.001239340821	0.001044573962	0.001188508604	0.001180839521
	0.001289843654	0.001116329095	0.001050568292	0.001075783621	0.001059304707
	0.001105833017	0.001105833017	0.001059304707	0.000988145328	0.00424375443
	0.00424375443	0.0009864379949	0.001028087304	0.001000457742	0.001067827272
	0.001038720266	0.000970066228	0.000994896543	0.0009915597289	0.001341131218
	0.002174033891	0.001453078572	0.001737280452	0.001632550225	0.002047996952
	0.00231435418	0.002891971647	0.002814558509	0.001341131218	0.001252460065
	0.001183622836	0.00108717657	0.001062474329	0.0009915597289	0.001043899309
	0.001083647712	0.001437181747	0.001243758412	0.001693786685	0.002446772232
	0.001800982591	0.001773001835	0.001409330454	0.001409330454	0.002534602854
	0.002446772232	0.001239340821	0.001138363303	0.0009847212856	0.001122273674
	0.001107706342	0.001107706342	0.001066828999	0.0009872924655	0.001075783621
	0.001008476347	0.001059304707	0.0009617635547	0.002890637613	0.006461442239
	0.003239493735	0.001433438262	0.0009638556943	0.0009940918841	0.0009872924655
	0.001022031208	0.0009617635547	0.0009788486599	0.0009915597289	0.001476924447
	0.002174033891	0.001632550225	0.001632550225	0.002065278501	0.001980623997
	0.002890637613	0.002505276276	0.001343595821	0.001454961801	0.001156286951
	0.001145363761	0.001145363761	0.001003831843	0.001122388795	0.001059600202
	0.001243758412	0.001200462118	0.001773001835	0.002008564239	0.001965937127
	0.001409330454	0.001207924269	0.002008564239	0.001068533555	0.001182283409
	0.0009686071749	0.001023806413	0.001021322353	0.001021322353	0.001007940349
	0.0009872924655	0.0009836630874	0.0009820027819	0.001007940349	0.0009575115199
	0.002895049447	0.005251683079	0.005251683079	0.003239493735	0.002375369492
	0.0009644714786	0.0009647301888	0.0009707645803	0.0009575115199	0.0009904239195
	0.001015554505	0.001603013786	0.002169359936	0.001805495521	0.002065278501
	0.002065278501	0.002587562553	0.002169359936	0.00170474678	0.001331792361
	0.001331792361	0.001015554505	0.001220047329	0.001122388795	0.001416947611
	0.00118486804	0.001112212212	0.001173000888	0.001136261897	0.001207924269
	0.001692159444	0.001692159444	0.001418916741	0.001408422892	0.001207924269
	0.002375369492	0.001885843438	0.001023806413	0.001032505087	0.001068533555
	0.0009505862652	0.001023806413	0.0009889052061	0.001007940349	0.000957352601
	0.000957352601	0.0009606089125	0.0009820027819	0.0009575115199	0.002830394405
	0.003783552441	0.003682087521	0.002632185352	0.005287364609	0.0008755285172
	0.0009563546028	0.0009528872398	0.00096643369	0.00096643369	0.001010964417
	0.00177558956	0.002169359936	0.001952870244	0.001789505055	0.002677427347
	0.002131351001	0.001540655817	0.001416947611	0.001107700484	0.001416947611
	0.001186475568	0.001288156721	0.001186475568	0.001179940415	0.001091059965
	0.001091059965	0.001109560892	0.001176911639	0.001692159444	0.001796282675
	0.001408422892	0.001408422892	0.001998839466	0.001796282675	0.0009911628245
	0.001025238708	0.001025238708	0.0009505862652	0.0009444726061	0.0009794402203
	0.0009889052061	0.0009794775429	0.000957352601	0.0009606089125	0.0009613624113
	0.0009602817115	0.002676005086	0.003682087521	0.002889618071	0.002892251223
	0.004212526284	0.002287138465	0.00071611266	0.0009528872398	0.0009696481482
	0.0009916963618	0.001099705192	0.001789505055	0.002131351001	0.001683404181
	0.001867724394	0.002278883853	0.002288388084	0.001512260203	0.001109241106
	0.001379605599	0.001186475568	0.001179940415	0.001091059965	0.001080287503
	0.001176911639	0.001276244547	0.001602706556	0.001405267378	0.002741100639
	0.002143757067	0.002143757067	0.0009879546452	0.0009945281397	0.001025238708
	0.0009619869756	0.0009444726061	0.0009444726061	0.0009794402203	0.000962750229
	0.0009556680068	0.0009475507494	0.0009556680068	0.0009619869756	0.002892251223
	0.003378261442	0.003378261442	0.003705983624	0.006131441018	0.006131441018
	0.0008031248493	0.0008239081622	0.001982918057	0.0009983503823	0.0009916963618
	0.001065378087	0.001099705192	0.001867724394	0.002165927283	0.001645631415
	0.001867724394	0.002165927283	0.001495319885	0.001257122883	0.001379605599
	0.001257122883	0.001080287503	0.001080287503	0.001238512591	0.001238512591
	0.001585989631	0.001585989631	0.001999309517	0.001999309517	0.001982918057
	0.0009747334533	0.0009879546452	0.001037138557	0.0009619869756	0.0009514337003
	0.0009514877241	0.0009566581564	0.0009747334533	0.0009556680068	0.0009583534387
	0.001033154298	0.002607644726	0.004398771339	0.002988874186	0.003378261442
	0.003311607084	0.006906367971	0.003198589132	0.003198589132	0.002184796798
	0.001033154298	0.001039020438	0.001158960363	0.001159214224	0.001645631415
	0.002170773621	0.001967770394	0.001645631415	0.002607644726	0.002170773621
	0.001495319885	0.001257122883	0.001253983603	0.001147433329	0.001092854619
	0.001238512591	0.001147433329	0.001412218223	0.001585989631	0.001933298677
	0.001999309517	0.001933298677	0.0009719168422	0.0009787641321	0.001000966884
	0.001054123214	0.0009958605293	0.0009723982033	0.0009653619904	0.0009958605293
	0.000972630982	0.0009719168422	0.000972630982	0.001033154298	0.003609933428
	0.004154654943	0.002607644726	0.003322422641	0.00277321192	0.003609933428
	0.002184796798	0.003276964188	0.001151800323	0.001235785032	0.001151800323
	0.001770358078	0.001810033178	0.001967770394	0.002221783038	0.002221783038
	0.001612096469	0.001235918636	0.001054123214	0.001054123214	0.001147433329
	0.001313343992	0.001176810144	0.001468557088	0.001468557088	0.00215607302
	0.001613213977	0.001434840932	0.0009719168422	0.0009824322176	0.001027274871
	0.0009958605293	0.000991244615	0.0009893627271	0.001011566434	0.000972630982
	0.0009809606035	0.0009763011464	0.001139013851	0.004222388212	0.005269278708
	0.004154654943	0.002463443916	0.003055142895	0.004790643037	0.000737319318
	0.002452417255	0.0009893627271	0.001151800323	0.001322563676	0.001235785032
	0.001613422567	0.001780036613	0.001980556318	0.002149086842	0.002377067708
	0.001457184016	0.001081065515	0.001117813565	0.001176810144	0.001316942545
	0.001441029223	0.001643380873	0.001468557088	0.00215607302	0.0016064373
	0.0009824322176	0.001027274871	0.001027274871	0.001029143792	0.001034569463
	0.001029143792	0.001001447756	0.001002924422	0.001139013851	0.004502232033
	0.004502232033	0.004502232033	0.003058274105	0.002694979242	0.003798925477
	0.0009366156788	0.002246048469	0.002396552922	0.002246048469	0.001066510093
	0.001136928275	0.001034569463	0.001424966808	0.00122541771	0.00122128721
	0.001602780602	0.001780036613	0.0019424786	0.0019424786	0.0021372651
	0.00265314043	0.001424966808	0.001055196536	0.001157985335	0.001219869224
	0.001316942545	0.001643380873	0.001643380873	0.0016064373	0.00102782778
	0.00102782778	0.001055196536	0.001066510093	0.001211489944	0.001033103211
	0.001046783319	0.001134979953	0.004208550522	0.003018545667	0.004277067947
	0.003018545667	0.004208550522	0.00515473283	0.0009366156788	0.002414384964
	0.002414384964	0.002061553942	0.001048661627	0.001211489944	0.001050299603
	0.001076868904	0.001424966808	0.001423273729	0.001910469381	0.001910469381
	0.002113915184	0.002723320877	0.003145632798	0.001563819332	0.00187026353
	0.001110132503	0.001284758555	0.001284758555	0.001486752762	0.001733546283
	0.00102782778	0.001110132503	0.001075839828	0.001137089892	0.001211489944
	0.001046783319	0.001299887311	0.004208550522	0.003456041926	0.003018545667
	0.008070742766	0.006350258557	0.002734955952	0.001813969957	0.002414384964
	0.002412945208	0.001299887311	0.001048771893	0.001137089892	0.001406420559
	0.001563819332	0.001910469381	0.002113915184	0.002475650757	0.003050392012
	0.003145632798	0.001701820967	0.00187026353	0.001110132503	0.001284758555
	0.001813969957	0.001349821685	0.001491453672	0.001060734448	0.001141506912
	0.001138260012	0.001137089892	0.001406795006	0.001076668715	0.001406420559
	0.003633247494	0.003456041926	0.00401525869	0.002734955952	0.001894622472
	0.001516858038	0.002660464238	0.002660464238	0.001394171416	0.001172433791
	0.001204979665	0.001690932836	0.001690932836	0.003036333913	0.002116737249
	0.00230352263	0.00258677572	0.003050392012	0.001881055854	0.001141506912
	0.001291526319	0.001516858038	0.001349821685	0.001175600728	0.001218739762
	0.001216449172	0.001207466972	0.001394171416	0.001216449172	0.001551645388
	0.00401525869	0.003633247494	0.003368426706	0.004983653019	0.0007522723315
	0.001568415987	0.001568415987	0.00271631948	0.001642962323	0.001252624957
	0.001598171076	0.001426950524	0.001690932836	0.001881055854	0.003368426706
	0.002257312652	0.002257312652	0.00252776829	0.001881055854	0.001218739762
	0.001291526319	0.001423621298	0.00149172155	0.001252624957	0.001216449172
	0.001430093181	0.001324085024	0.001870520863	0.001757415719	0.003368426706
	0.00394796093	0.004367290473	0.002634945106	0.0008229336055	0.001604063992
	0.001497143322	0.002876314741	0.002876314741	0.001252624957	0.001598171076
	0.001430093181	0.003924144925	0.002109858108	0.003081821521	0.002365301784
	0.002417226736	0.002365301784	0.001433240486	0.001497143322	0.001497143322
	0.001475366624	0.001507251727	0.001423246193	0.001602527742	0.001623652878
	0.001870520863	0.001757415719	0.003081821521	0.00394796093	0.004129083785
	0.002206905477	0.002206905477	0.002321645966	0.002876314741	0.002321645966
	0.001542777239	0.001602527742	0.001582819638	0.00402593427	0.002159803516
	0.002701189857	0.002365301784	0.002582193114	0.001609688071	0.001867164986
	0.00159359922	0.001542777239	0.001582819638	0.00178470265	0.001542777239
	0.002159803516	0.001758462115	0.003299258802	0.003590258794	0.004141124411
	0.003163224292	0.002474467327	0.002321645966	0.00175585182	0.002158659846
	0.008060997929	0.002159803516	0.002718942295	0.002928243732	0.001867164986
	0.002028511459	0.00159359922	0.001849624771	0.00178470265	0.00178470265
	0.001849624771	0.00250202035	0.002170351753	0.00347606215	0.004109782306
	0.0002054760502	0.002985749727	0.002158659846	0.00238055056	0.00557558676
	0.00347606215	0.002928243732	0.002928243732	0.00257766746	0.001851153121
	0.002016973856	0.001851153121	0.001849624771	0.002336578965	0.002010561749
	0.002336578965	0.004109782306	0.0001624220068	0.002536612174	0.002536612174
	0.007876400357	0.002922068361	0.00257766746	0.002928903503	0.002369898721
	0.00231063354	0.002690514598	0.00319981674	0.00231063354	0.002412746002
	0.004312798622	0.002736854167	0.002536612174	0.00290356447	0.003205838218
	0.00556880385	0.003288846475	0.003288846475	0.002570349204	0.00231063354
	0.003257413708	0.002412746002	0.002412746002	0.004312798622	0.0003399569002
	0.002704631935	0.002209433648	0.003288846475	0.002570349204	0.002774368972
	0.002774368972	0.006862726348	0.002824016348	0.002209433648	0.00404571518
	0.002824016348	0.003149213195	0.001683611903	0.003157998829	