5884	
	4.471133686e-09	1.126562044e-08	1.126562044e-08	4.575144619e-08	2.604221461e-08
	2.950820011e-07	1.322268428e-07	4.575144619e-08	1.134356182e-06	2.950820011e-07
	2.950820011e-07	2.262725662e-06	4.306585942e-06	4.306585942e-06	1.711745092e-07
	9.351306938e-07	1.134356182e-06	6.051365063e-06	2.262725662e-06	2.262725662e-06
	1.170701102e-05	6.054068935e-06	1.170701102e-05	2.028485193e-07	1.661732269e-06
	7.851172143e-06	7.851172143e-06	1.26398477e-05	5.393993e-05	5.30964132e-06
	2.74492848e-05	1.170701102e-05	2.028485193e-07	2.530950598e-06	7.932346172e-06
	1.908032963e-05	1.801565398e-05	8.641218996e-05	8.641218996e-05	2.772760417e-05
	4.579723619e-05	3.708206029e-05	7.250992516e-05	2.530950598e-06	9.136135706e-07
	9.956795715e-05	7.932346172e-06	9.136135706e-07	7.932346172e-06	1.908032963e-05
	1.908032963e-05	4.360717457e-05	8.641218996e-05	0.000122870366	0.000394542666
	2.962018619e-05	4.768597447e-05	7.250992516e-05	7.250992516e-05	5.911134572e-06
	2.726702502e-05	4.55922864e-06	8.829654265e-05	0.0001595270948	1.794339185e-05
	2.890660811e-05	1.794339185e-05	4.360717457e-05	1.721119859e-05	0.0001057433808
	0.0001620129244	0.0003908815714	0.0005970342645	4.768597447e-05	8.829654265e-05
	0.0001420527915	4.738734507e-05	1.201673864e-05	1.201673864e-05	1.461025233e-05
	0.0002177495696	0.0002836372123	2.890660811e-05	2.890660811e-05	5.093023231e-05
	0.0001057433808	1.721119859e-05	0.0002600898002	0.0004178334931	0.0005905721531
	0.0005970342645	4.738734507e-05	8.177588925e-05	0.000180067092	3.496849331e-05
	7.082721697e-05	1.461025233e-05	1.201673864e-05	1.934561326e-05	1.461025233e-05
	1.18738221e-05	0.0002836372123	0.0002836372123	9.400752281e-05	0.0001024173475
	0.0002654165973	7.665339643e-05	9.400752281e-05	0.0004178334931	0.0003387758541
	0.0004178334931	0.0008206550522	0.0008206550522	7.082721697e-05	0.000111007144
	0.000180067092	3.496849331e-05	1.934561326e-05	3.718424236e-05	6.666306409e-05
	2.371123017e-05	2.371123017e-05	0.0002536402625	0.0003198807602	7.57549568e-05
	7.57549568e-05	9.400752281e-05	0.0001741742655	0.0001472925603	0.0001143585085
	0.0003125630329	0.0005406487458	0.0005406487458	0.0001143585085	0.0007216428492
	0.001085914837	0.001015533981	0.0002988906692	9.917579544e-05	0.0001569046058
	6.666306409e-05	3.857386285e-05	6.535215685e-05	0.0001281989308	6.54754887e-05
	3.857386285e-05	0.0003634217187	0.0003634217187	0.00016605706	0.00016605706
	6.54754887e-05	0.0001645864091	0.0001143585085	0.0003125630329	0.0004441144604
	0.0005406487458	0.0002346192961	0.001085914837	0.001085914837	0.001815623772
	0.0003015086449	0.0002000295465	0.0001570695734	9.917579544e-05	0.0001281989308
	7.935268449e-05	0.0001281989308	6.535215685e-05	9.210673247e-05	0.00010813585
	0.0001236442639	0.000377885284	0.0004837311242	0.00016605706	0.0002484156254
	0.0001048621396	0.000163508026	0.0003451217796	0.000332271809	0.0004770812227
	0.0004770812227	0.0006514747213	0.0002346192961	0.0002346192961	0.001114452197
	0.001532374968	0.002146385889	0.0003466745255	0.0002238842287	0.0002265016751
	0.0001823887267	0.0001823887267	0.00010813585	0.0001390897235	0.0001390897235
	0.0001236442639	0.0001775475525	0.0001236442639	0.000377885284	0.0004837311242
	0.0002484156254	0.000163508026	0.0002513877538	0.0002569665794	0.0002484156254
	0.000254522168	0.0003342006331	0.0006005634209	0.0006701390844	0.0009878549863
	0.000427518977	0.000330288546	0.001282005508	0.001282005508	0.002146385889
	0.0003466745255	0.0003466745255	0.0002303484883	0.0002265016751	0.0002303484883
	0.0002060437941	0.0001775475525	0.000282397735	0.0003721956725	0.0001575151904
	0.0001775475525	0.0002284331752	0.0002523585367	0.0003499755358	0.0004638613343
	0.0002513877538	0.0004561911053	0.0002569665794	0.0002513877538	0.0002569665794
	0.0004405705055	0.000427518977	0.0007473680984	0.0009706787549	0.0009878549863
	0.000427518977	0.0005994682465	0.001456423487	0.001456423487	0.002648868404
	0.0003762751679	0.0003653363078	0.0002960797317	0.0003084706402	0.0003031050183
	0.000282397735	0.000282397735	0.0003721956725	0.0003737240655	0.0003223907248
	0.0003223907248	0.000390790562	0.0002523585367	0.0003220205876	0.0004638613343
	0.0004638613343	0.0003194052703	0.0006020082079	0.0003408404213	0.0003194052703
	0.0004697056788	0.0006359671208	0.0007473680984	0.0007473680984	0.001064117374
	0.001018579307	0.00073619817	0.0006020082079	0.001249332376	0.00207955788
	0.002756761322	0.0003827252047	0.0003295725548	0.0003832880063	0.0003737240655
	0.0003737240655	0.0003031050183	0.0005889984027	0.0003631436349	0.0004654908662
	0.0003223907248	0.0004863888518	0.0005758876106	0.0004883386192	0.0004266088089
	0.0004266088089	0.0003837665576	0.0003827252047	0.0003837665576	0.0004269418932
	0.0004269418932	0.0007528015841	0.0004828175691	0.0003531873351	0.0004712432929
	0.0006351096034	0.0006351096034	0.0008592956304	0.001064117374	0.001064117374
	0.001381947387	0.0008486280427	0.0009385765389	0.001706891418	0.002756761322
	0.002756761322	0.0003827252047	0.0003792181576	0.0003792181576	0.0006772731379
	0.0005719755027	0.0005555354872	0.0005555354872	0.0004654908662	0.0005408678175
	0.0006577960646	0.0006577960646	0.0004883386192	0.0005267372448	0.00066250477
	0.0003634799888	0.0003837665576	0.0003310382086	0.0003630861659	0.0005716959919
	0.0005716959919	0.0006398855704	0.0004518142226	0.0004269418932	0.000462690997
	0.0009136873958	0.0007148678453	0.0007148678453	0.0006351096034	0.001085048813
	0.0009892706465	0.001109896285	0.001109896285	0.001706891418	0.00104425873
	0.00119227015	0.001706891418	0.002849851355	0.00280076404	0.0004161136545
	0.0005745767107	0.0005665321112	0.0006772731379	0.001018573086	0.0007216106653
	0.0005555354872	0.0008237907171	0.0009709675042	0.0009709675042	0.001026031101
	0.001085540482	0.001026031101	0.001057358049	0.001623615484	0.000404916935
	0.0003234842326	0.0002964424164	0.0002964424164	0.0002988611868	0.0005716959919
	0.001399264404	0.001623615484	0.0005825225861	0.0009248975566	0.0006741750546
	0.0004601458654	0.00119227015	0.001007905627	0.001007905627	0.00141033432
	0.0009192501785	0.0009892706465	0.001109896285	0.001367258438	0.001294383169
	0.001226373463	0.00119227015	0.001808443338	0.001597449939	0.002152303357
	0.00214545539	0.0006242482988	0.0007251103953	0.0006242482988	0.001120009502
	0.001249243348	0.00070827035	0.001249243348	0.0009674047684	0.001349485996
	0.0009709675042	0.001057358049	0.001579675044	0.0009187875042	0.001210369205
	0.003169649469	0.002565346206	0.002098115292	0.001407580495	0.001623615484
	0.0006033013539	0.0004818620319	0.0003604987801	0.0002782894247	0.000256332374
	0.0002393007168	0.002978286846	0.003169649469	0.003169649469	0.0005825225861
	0.001399264404	0.0005825225861	0.0009248975566	0.0006741750546	0.0005893546673
	0.0009302834099	0.001383898366	0.001242626912	0.001007905627	0.001242626912
	0.001334088284	0.001334088284	0.001492240641	0.001430519412	0.001606008229
	0.001492240641	0.001808443338	0.001597449939	0.002152303357	0.002042252547
	0.0006242482988	0.0007251103953	0.001472482598	0.001249243348	0.001627872384
	0.001337004504	0.001300434957	0.006590947241	0.001987080012	0.001742154637
	0.001579675044	0.002137747144	0.001791553016	0.005586560671	0.005586560671
	0.004407876717	0.003344800502	0.003344800502	0.001935494509	0.0004818620319
	0.0003604987801	0.0003604987801	0.0002350624531	0.0002255357021	0.0001622138861
	0.007525667747	0.005761672838	0.005761672838	0.003598050452	0.003598050452
	0.002132015936	0.000646623268	0.001023148331	0.000646623268	0.001621529078
	0.0009527251148	0.0008317709935	0.001273412002	0.001668666807	0.001665928935
	0.001621529078	0.001621529078	0.001334088284	0.001492240641	0.001668666807
	0.001430519412	0.001755398014	0.001584479069	0.001593136571	0.001707349153
	0.001617723868	0.001879683583	0.002238421526	0.0008789771652	0.0007488927324
	0.001627872384	0.001337004504	0.001337004504	0.001300434957	0.001300434957
	0.01868576817	0.006964242452	0.006590947241	0.002229658005	0.002137747144
	0.002630647889	0.002137747144	0.00213372806	0.006394542809	0.005194450349
	0.005194450349	0.003344800502	0.002229658005	0.0006158807917	0.0003072813811
	0.0002255357021	0.0001364683835	0.0001364683835	6.701964092e-05	0.01341370052
	0.02562799845	0.0149620282	0.0111487063	0.005761672838	0.003598050452
	0.001790900454	0.001790900454	0.0008317709935	0.0008182889194	0.001273412002
	0.0009527251148	0.0008317709935	0.001273412002	0.001668666807	0.001665928935
	0.002001277046	0.001470551424	0.001628357977	0.002134938413	0.002358980465
	0.002134938413	0.001695408784	0.001593136571	0.001576345681	0.001576345681
	0.001675733065	0.002238421526	0.0005377749773	0.001170893889	0.002534605404
	0.001721694519	0.002183036644	0.001563044692	0.001276402735	0.005854666079
	0.0115953078	0.006964242452	0.005241423102	0.003100825185	0.002630647889
	0.001995368157	0.002311504516	0.002534605404	0.002534605404	0.005194450349
	0.005241423102	0.004830141056	0.00402149766	0.003595412801	0.0005377749773
	0.0003768117424	0.0002820481072	0.0001364683835	0.0001364781669	6.701964092e-05
	0.04077218518	0.0149620282	0.0111487063	0.005563034682	0.005563034682
	0.002368412957	0.00184543805	0.0007655021341	0.0007655021341	0.001375312507
	0.001387454109	0.001524826746	0.002636357781	0.002001277046	0.002636357781
	0.001628357977	0.001885826043	0.002542771413	0.002272708836	0.001695408784
	0.001519437174	0.001675733065	0.00139008069	0.001675733065	0.00145769306
	0.0007727510184	0.0007301335693	0.001953753342	0.002757564796	0.001953753342
	0.001581621317	0.001475226858	0.005854666079	0.005346085955	0.0050408501
	0.003722946995	0.003692128499	0.003058319904	0.003789878639	0.002981635445
	0.004111253412	0.005449029431	0.00402149766	0.00402149766	0.004111253412
	0.0003768117424	0.0006721867148	0.0003768117424	0.0001930425729	3.631380797e-05
	6.821018271e-05	3.631380797e-05	0.05906099433	0.04179105073	0.01007494932
	0.01007494932	0.004359362841	0.002409496302	0.001446097451	0.00117891964
	0.001524826746	0.002277897726	0.001524826746	0.002732822654	0.002749342551
	0.00293144326	0.002738974731	0.001885826043	0.001885826043	0.002272708836
	0.001723143133	0.001780513742	0.00139008069	0.001407486876	0.001235052742
	0.00145769306	0.001227072553	0.0006721867148	0.0007727510184	0.001045018778
	0.001953753342	0.002981635445	0.002879518026	0.001581621317	0.001786325067
	0.001542512623	0.003074975825	0.001365973994	0.003722946995	0.003722946995
	0.003344370448	0.003137037761	0.004111253412	0.003344370448	0.003819712058
	0.003858137715	0.0006721867148	0.0004130922627	0.0001930425729	0.0001930425729
	5.097554436e-05	0.0001030930038	8.370653582e-05	0.09139797998	0.0448305033
	0.01007494932	0.004359362841	0.004359362841	0.00117891964	0.001947877894
	0.00117891964	0.002003229633	0.002048480736	0.002749342551	0.001633004455
	0.002738974731	0.003634700485	0.003634700485	0.002738974731	0.003580593434
	0.002450207631	0.002974810147	0.001671322122	0.002085740985	0.001347091842
	0.001082785226	0.001082785226	0.002617898123	0.001039300846	0.001038680039
	0.0005446605332	0.001045018778	0.002617898123	0.003137037761	0.002501939197
	0.002333539911	0.001998737711	0.001542512623	0.003105327339	0.001577715866
	0.001323896646	0.002747535497	0.003011371042	0.002928967746	0.003011371042
	0.002450581252	0.003844707321	0.003858137715	0.0005446605332	0.0004177948903
	0.0002675203317	0.0006102821156	0.0001354784695	0.0001030930038	0.0001030930038
	7.461951372e-05	0.06526556797	0.03862162518	0.008596325866	0.003868890787
	0.001738777108	0.001238181151	0.001738777108	0.003795317099	0.002003229633
	0.002284565704	0.001734491798	0.002974810147	0.003715090829	0.003634700485
	0.004472650567	0.002085740985	0.00316408863	0.001620605055	0.002085740985
	0.001347091842	0.002448823038	0.001082785226	0.001040549492	0.0008645187372
	0.001128699748	0.002928967746	0.000846922478	0.0009262637148	0.002501939197
	0.002578253292	0.002360191604	0.00185177364	0.001488670425	0.003105327339
	0.003962816389	0.001323896646	0.002450581252	0.003011371042	0.002928967746
	0.002517283316	0.003212971012	0.0006102821156	0.0003927020704	0.0002445087863
	0.0001800100187	0.0006102821156	0.0001354784695	7.461951372e-05	0.0001029186102
	4.223942428e-06	0.003795317099	0.07738496266	0.03648419001	0.01099428716
	0.007297068403	0.001738777108	0.002254267153	0.003254728754	0.001734491798
	0.00411469731	0.004713943351	0.003715090829	0.004361136104	0.003715090829
	0.00316408863	0.002036533826	0.001484710375	0.001112845195	0.002036533826
	0.0007024519733	0.0007024519733	0.0007061448677	0.0007061448677	0.002475545425
	0.002847681301	0.001217660703	0.002360191604	0.002360191604	0.00185177364
	0.00124659234	0.01267973437	0.002692532786	0.001207327791	0.00204909452
	0.003212971012	0.002089757747	0.0006217444075	0.0006217444075	0.0001800100187
	0.0002356149277	0.0001800100187	0.0003918641563	0.000118960537	4.223942428e-06
	6.478800944e-05	4.223942428e-06	0.003946629809	0.003766365526	0.08268478027
	0.01409475071	0.006214398951	0.006214398951	0.002254267153	0.002254267153
	0.003390227051	0.004694958377	0.005131521945	0.004176061417	0.004012944276
	0.004012944276	0.003351959534	0.002036533826	0.001433927204	0.0007776035894
	0.003351959534	0.000562801446	0.0007776035894	0.0005642339782	0.0008785666709
	0.00184047183	0.002214587901	0.001981481051	0.0009008148901	0.00184047183
	0.001712579339	0.01267973437	0.0008117577605	0.0006455572845	0.0006455572845
	0.002214587901	0.0007245565773	0.0006217444075	0.0006091751662	0.0002356149277
	0.0002059590602	0.0002059590602	0.0003598197572	0.0001711661159	0.00010580113
	5.839322562e-05	6.930766239e-05	7.285712676e-06	0.003390227051	0.08268478027
	0.009226223741	0.006214398951	0.005348395621	0.00214518205	0.00214518205
	0.005131521945	0.004176061417	0.004176061417	0.005046730825	0.004935519792
	0.004012944276	0.003351959534	0.00175647252	0.001433927204	0.0006692165316
	0.001771619074	0.00042609699	0.0006692165316	0.00042609699	0.0008073877638
	0.00184047183	0.001981481051	0.001981481051	0.0007441647193	0.001017227146
	0.001235058694	0.02809929588	0.0006940127546	0.001464824883	0.0006455572845
	0.0009300632205	0.0007441647193	0.0004188596873	0.0004188596873	0.0007441647193
	0.0003894486009	0.0002059590602	0.0001711661159	0.0003690088181	0.0002067061911
	0.0001906035246	7.155884441e-05	6.930766239e-05	6.930766239e-05	1.582799133e-05
	0.004362355255	0.002809212505	0.08101566542	0.03023981402	0.005348395621
	0.002216729561	0.002216729561	0.005404823675	0.0055748125	0.005046730825
	0.004362355255	0.003813556549	0.005068464763	0.003384742878	0.001815771971
	0.001815771971	0.001267198397	0.001871496241	0.00042609699	0.000456177793
	0.001161699783	0.0003621574775	0.0003648892968	0.001464824883	0.001517448321
	0.001610894735	0.001252497114	0.001235058694	0.001517448321	0.0204990636
	0.001770837429	0.001210623502	0.001770837429	0.001210623502	0.0003690088181
	0.0006421587665	0.0004188596873	0.0008832536993	0.0003894486009	0.0003249648802
	0.0003428758529	0.0002067061911	0.000575938821	0.0001141821415	0.0001906035246
	0.0001038328139	1.326992664e-05	0.0001038328139	1.582799133e-05	1.582799133e-05
	0.005422431789	0.005545629879	0.002796607651	0.09096690329	0.03923987789
	0.00443384972	0.002796607651	0.0055748125	0.0055748125	0.00608332734
	0.006718077267	0.00574852289	0.004724782703	0.004464890372	0.003365980837
	0.001161699783	0.001749109042	0.001161699783	0.001749109042	0.0004438697612
	0.000284092079	0.0006970095084	0.0002869086427	0.0002869086427	0.001216513018
	0.001491193105	0.001324369269	0.001252497114	0.001491193105	0.02172737053
	0.001770837429	0.001210623502	0.00179385479	0.0005113307218	0.00126278921
	0.0008832536993	0.0007383516997	0.0003428758529	0.0003428758529	0.0004143568887
	0.0005624654536	0.0005893684608	0.000196067288	6.144956054e-05	1.083814492e-05
	5.314064093e-05	1.106913032e-05	1.106913032e-05	0.005545629879	0.00459722248
	0.003577226086	0.06058776328	0.04149006822	0.003577226086	0.006142179947
	0.006780091475	0.006880851285	0.00478031248	0.005161993585	0.004355635911
	0.003365980837	0.001151582927	0.001749109042	0.002402541588	0.002435509588
	0.002435509588	0.0002564695797	0.0004317295194	0.0004316829122	0.0002869086427
	0.0002564695797	0.0002850158078	0.0002850158078	0.002161754443	0.001210368214
	0.001324369269	0.00143410301	0.02172737053	0.001921511449	0.00179385479
	0.002161754443	0.0005893684608	0.001143331841	0.001524212889	0.001255246493
	0.0008240535071	0.000864631875	0.0004143568887	0.0001981173131	0.0004024055183
	0.000864631875	0.0005624654536	0.0005624654536	4.768304209e-06	6.257991537e-05
	0.0002405664593	0.0002405664593	9.221494037e-05	0.0001277507052	7.988741126e-05
	2.094579244e-05	8.917220218e-05	0.005014659463	0.00459722248	0.005352963205
	0.04476424653	0.01292734316	0.006142179947	0.006880851285	0.006880851285
	0.005014659463	0.006780091475	0.004355635911	0.004095621692	0.004137589551
	0.001072601906	0.001597489582	0.002230998605	0.003225314123	0.0002564695797
	0.001161564515	0.0005019984558	0.0005019984558	0.0003997659428	0.0003997659428
	0.0003373544895	0.002161754443	0.002551984121	0.01530020634	0.003204793563
	0.003354388825	0.001143331841	0.002125314243	0.001143331841	0.001716815472
	0.0008240535071	0.000864631875	0.0004080190242	0.0005304927691	0.0006891343293
	0.0006891343293	5.814475493e-06	2.094579244e-05	6.257991537e-05	0.0002405664593
	0.0004080190242	0.0002296217905	0.0001207128813	9.033186215e-05	2.094579244e-05
	0.005014659463	0.003824278278	0.01292734316	0.04476424653	0.006217514493
	0.006351026791	0.007566506894	0.004318517322	0.006351026791	0.004095621692
	0.004095621692	0.003225314123	0.001161564515	0.002230998605	0.002230998605
	0.001952832107	0.003309734768	0.0008677465125	0.001161564515	0.0005019984558
	0.002551984121	0.0005382532679	0.0004111705567	0.0005405768194	0.0005405768194
	0.003354388825	0.002125314243	0.007203370886	0.005274194491	0.0005894365042
	0.001756594003	0.001756594003	0.001073420054	0.0007311192118	0.000495458228
	0.0005304927691	0.0005304927691	9.413158447e-05	4.356993165e-05	8.711476404e-05
	9.935024914e-05	0.0003747312264	0.0004485370072	0.0001941968698	0.0003747312264
	0.0002820566432	0.0001183846539	0.003824278278	0.003824278278	0.02457968911
	0.006217514493	0.006037529893	0.006217514493	0.006883111871	0.004797851629
	0.005264325588	0.00526921475	0.0008677465125	0.001152856724	0.002451767424
	0.003359219799	0.001990569431	0.002652643494	0.00101261665	0.0006356875291
	0.0004448160062	0.001351209333	0.0005405768194	2.961217948e-05	5.53737617e-05
	0.003745837332	0.003784582201	0.002875715829	0.006674030719	0.001079276076
	0.0007311192118	0.001756594003	0.002123347038	0.001332747742	0.0007311192118
	0.000495458228	0.0004485370072	9.413158447e-05	0.0001343199995	0.0001311244167
	0.0001310261435	0.0001129529094	0.0004485370072	0.0001941968698	0.0001988216719
	0.0002049915796	0.0004934369322	0.004797851629	0.003994991411	0.02457968911
	0.005264325588	0.006753621848	0.006037529893	0.007006296913	0.003595520593
	0.005264325588	0.004308641197	0.005326089001	0.001687829376	0.003359219799
	0.002451767424	0.002834339572	0.002834339572	0.001687829376	0.001862017019
	0.0008760649475	0.0008760649475	0.001006687398	0.001384038793	0.001516328283
	8.483344811e-05	0.0001375067663	0.0001375067663	0.0001188970618	0.003784582201
	0.003784582201	0.003391839335	0.009024550156	0.0007747179015	0.001142334492
	0.002902248414	0.002123347038	0.001862110744	0.0006714763915	0.0006189049396
	0.0006189049396	0.0004205850448	0.000993733034	0.0008306022227	0.0001343199995
	0.0001343199995	0.0001311244167	0.0001850102341	0.0002248682418	0.0002528890215
	0.0002248682418	0.0002118399339	0.0002668277419	0.004539972511	0.004539972511
	0.07050150139	0.007139800459	0.004333840956	0.007234960683	0.004333840956
	0.004109120685	0.005326089001	0.00473443841	0.007139800459	0.002798065396
	0.003833344149	0.002798065396	0.00473443841	0.002328888479	0.002328888479
	0.001183067375	0.001183067375	0.001274718415	0.001706173474	0.001940106112
	0.001748516223	0.0002534376159	0.0001499076192	0.0001375067663	0.0002169250016
	0.0001836055297	0.003901280475	0.00377737846	0.003901280475	0.0092423214
	0.001341208482	0.001142334492	0.001530147706	0.003559022132	0.002186492857
	0.000735847505	0.0004964732492	0.0004964732492	0.000902513822	0.00115709167
	0.0001494360674	0.0001850102341	0.0002118399339	0.0002589075976	0.000280285338
	0.0004631435416	0.0003413719642	0.0005954916833	0.004539972511	0.08390880477
	0.007139800459	0.006351482924	0.004333840956	0.006351482924	0.004109120685
	0.006551540724	0.006551540724	0.002798065396	0.003127218895	0.004859456534
	0.003833344149	0.006305681718	0.002592166863	0.001801588686	0.001183067375
	0.001221438661	0.001970742155	0.00228691044	0.00228691044	0.0002939025206
	0.0002817980348	0.0001731766653	0.0002352631428	0.0002589091825	0.0002816007909
	0.003901280475	0.003534146776	0.006440440612	0.001530147706	0.001530147706
	0.003711562015	0.002186492857	0.001123580795	0.0005954916833	0.0009361099674
	0.00115709167	0.00115709167	0.001255319286	0.0003368746636	0.0005066141388
	0.0006427686339	0.0006427686339	0.0006268863563	0.0005139557363	0.0005954916833
	0.0006268863563	0.0008865350196	0.001066502462	0.004243375442	0.07661727533
	0.007057379043	0.006315299393	0.006351482924	0.005979700595	0.004019836857
	0.006551540724	0.00338254499	0.004459512674	0.003692813287	0.004859456534
	0.006305681718	0.00338254499	0.00338254499	0.006603057762	0.002317196489
	0.001837292878	0.001837292878	0.001949122626	0.002447636586	0.002447636586
	0.0003102768135	0.0002817980348	0.0002755677342	0.0003580938239	0.0002816007909
	0.0003482620564	0.0003482620564	0.0003801030559	0.003534146776	0.006440440612
	0.002723238773	0.00138173694	0.003694840949	0.001341806738	0.0009361099674
	0.00138173694	0.001341806738	0.0003368746636	0.0004450932142	0.0007947990548
	0.0008617761143	0.001058479882	0.001058479882	0.001066502462	0.001047415426
	0.001482523822	0.001445561219	0.008880113385	0.05868502874	0.005956668922
	0.005584689296	0.005584689296	0.004360636041	0.005957777131	0.006603057762
	0.004052346502	0.004525669803	0.004625110492	0.005957777131	0.002816604096
	0.004052346502	0.006603057762	0.006661154554	0.002386722065	0.002386722065
	0.001837292878	0.002321683301	0.002321683301	0.002447636586	0.002891719529
	0.004009308289	0.0003638085344	0.0003617284968	0.0003903226269	0.0003305144154
	0.0003133732302	0.000296104777	0.0003000650627	0.0003903226269	0.0002913205956
	0.0001924951854	0.0002913205956	0.0003801030559	0.0003482620564	0.000369873873
	0.0003801030559	0.003694840949	0.006934101149	0.002744624591	0.001869811008
	0.003127012674	0.001419339491	0.001341806738	0.001575359154	0.001460696659
	0.0005031609998	0.001041237308	0.0008617761143	0.0007947990548	0.001412990891
	0.001058479882	0.001517342043	0.001482523822	0.001947562481	0.01263241887
	0.04025330347	0.004568643706	0.00265227909	0.003490043843	0.005957777131
	0.006569572478	0.004576975772	0.004576975772	0.005573875405	0.005732141012
	0.003356907194	0.006569572478	0.006275072492	0.00606733173	0.002395636294
	0.002386722065	0.002873349758	0.002395636294	0.002321683301	0.003218285527
	0.002686053987	0.003356907194	0.004009308289	0.003626515904	0.0002958858966
	0.0002841496011	0.0003249801335	0.0003000650627	0.0002839422776	0.0004313618193
	0.0002958858966	3.64940184e-05	0.000190785636	9.777853658e-05	4.873977347e-05
	0.000291235101	0.0001924951854	0.0002609523347	0.0001924951854	2.099570326e-05
	3.64940184e-05	0.000724539627	0.000369873873	0.000369873873	0.0007206275442
	0.007686980467	0.01361262864	0.001713375477	0.001596314069	0.001596314069
	0.001420259852	0.001575359154	0.001575359154	0.00163111764	0.000724539627
	0.001041237308	0.001564692566	0.001412990891	0.001705237678	0.002107378474
	0.001705237678	0.001947562481	0.00699676404	0.04025330347	0.00265227909
	0.004568643706	0.003490043843	0.005534313835	0.004576975772	0.004278518237
	0.005534313835	0.005680432879	0.005680432879	0.004634166181	0.00258585684
	0.002563634929	0.002752584293	0.003159359613	0.003130926703	0.002585752059
	0.00274709963	0.00274709963	0.003626515904	0.004359296561	0.003626515904
	0.0002958858966	0.0002841496011	0.0002584751708	0.0002952129302	0.0003693080212
	0.0004163592815	0.0002483248429	3.64940184e-05	8.102646794e-05	5.28478341e-05
	0.0001062855623	0.0002609523347	0.0001393075841	0.0001874116345	2.182052014e-06
	2.182052014e-06	2.143032054e-07	9.956144122e-07	3.496430511e-06	2.381223685e-05
	1.04852526e-05	0.0008973195002	0.0006467225769	0.0006060465167	0.0006060465167
	0.002910857988	0.02516452819	0.001420259852	0.001596314069	0.001420259852
	0.001760911293	0.002239467207	0.001557736785	0.001614393082	0.0008973195002
	0.00191744163	0.002261842416	0.001705237678	0.002345925989	0.002708165505
	0.009159735147	0.06097480694	0.003634621741	0.003403985182	0.006781990529
	0.005534313835	0.004359296561	0.004278518237	0.004899441533	0.004634166181
	0.004634166181	0.00258585684	0.00258585684	0.002684096702	0.002940693668
	0.003459075365	0.003130926703	0.003130926703	0.002723619259	0.002723619259
	0.003592505938	0.003610444249	0.003517581555	0.0002697961117	0.0002697961117
	0.0002054826294	0.0003693080212	0.0004011571067	0.0004163592815	0.0002207298631
	2.869101283e-05	8.267642566e-05	8.267642566e-05	9.6976385e-05	0.0001169291843
	0.0001169291843	1.936303101e-05	2.143032054e-07	2.109835862e-09	3.496430511e-06
	2.732171467e-08	1.81994209e-07	2.732171467e-08	4.877477242e-06	1.04852526e-05
	9.771890433e-06	0.0008973195002	0.0005951143408	0.0006060465167	0.0008513089651
	0.01216354351	0.02516452819	0.001152025899	0.001230067892	0.001152025899
	0.002345925989	0.002408632117	0.002408632117	0.001708725761	0.002261842416
	0.00191744163	0.00129578488	0.00191744163	0.002438529622	0.002438529622
	0.002819404313	0.006781990529	0.06486537965	0.002422293669	0.003403985182
	0.008438329744	0.00389295088	0.003747853734	0.00389295088	0.00337476801
	0.003154759122	0.002884480594	0.002590852102	0.00263202736	0.002756764092
	0.002977250307	0.00373386735	0.004623512477	0.002743858044	0.002732286921
	0.002723619259	0.003747853734	0.003798581644	0.003491539239	0.0002697961117
	0.0001914197407	0.0001914197407	0.0004011571067	0.0004011571067	0.0006162109308
	0.0002146311187	4.216716966e-05	4.216716966e-05	9.6976385e-05	0.000130334946
	9.148248624e-05	1.936303101e-05	9.771890433e-06	3.445281922e-07	1.754406873e-07
	3.975471542e-06	2.732171467e-08	4.427453173e-07	1.84967484e-07	9.771890433e-06
	0.001114045558	0.0006162109308	0.00098341328	0.006562608944	0.0354497246
	0.001152025899	0.000807158277	0.001708725761	0.00263606278	0.002408632117
	0.002250940368	0.001332026416	0.002128383182	0.00210492228	0.00210492228
	0.002438529622	0.003147397805	0.03101388947	0.0728623742	0.00361797909
	0.002727174237	0.008438329744	0.00337476801	0.002830456715	0.002268932646
	0.002998096987	0.002662988585	0.002662988585	0.00267377724	0.002590852102
	0.002590852102	0.00263202736	0.002869991198	0.00373386735	0.004623512477
	0.004623512477	0.002727174237	0.002743858044	0.00246419946	0.002830456715
	0.002643987231	0.0021673686	0.0002146311187	0.0002072664453	0.0001537752411
	0.0006035271708	0.0004087231887	0.0003032428283	0.0004087231887	0.0002538645965
	4.216716966e-05	6.32234268e-05	6.32234268e-05	7.313011357e-05	8.451562232e-07
	1.609309216e-05	7.101452034e-06	1.754406873e-07	1.754406873e-07	2.406393413e-06
	2.445346161e-06	2.445346161e-06	1.84967484e-07	4.612012462e-06	8.451562232e-07
	0.00098341328	0.00098341328	0.006562608944	0.0169255221	0.001120203875
	0.001047861425	0.001120203875	0.002844664108	0.00263606278	0.002150196389
	0.001464371291	0.00102571283	0.002682737929	0.002017653584	0.001859206138
	0.00317001556	0.03101388947	0.08246237245	0.002727174237	0.01060630278
	0.002268932646	0.002268932646	0.002525231143	0.0021673686	0.002374682618
	0.002374682618	0.002024568016	0.002265347954	0.002265347954	0.002576097135
	0.002887812306	0.002862990463	0.003987207483	0.004953890229	0.00240125868
	0.002009272506	0.002009272506	0.001651320273	0.001835665261	0.0021673686
	2.325791571e-05	0.0005402624429	0.0002072664453	0.0001613110813	0.0005572938845
	0.0004087231887	0.0002519257349	0.0002519257349	2.325791571e-05	0.0001008865444
	4.396034212e-05	7.313011357e-05	3.893450845e-06	4.439909254e-06	2.083776851e-06
	1.05217001e-05	1.450850412e-05	1.05217001e-05	4.612012462e-06	4.108804574e-06
	3.893450845e-06	4.108804574e-06	0.00102571283	0.001047861425	0.01102382614
	0.001120203875	0.0009536904131	0.001863804081	0.00317001556	0.002844664108
	0.002650277245	0.001340083816	0.001495919362	0.002682737929	0.002131368593
	0.002131368593	0.002655537311	0.05006741891	0.08509132435	0.006870421403
	0.01060630278	0.001989921678	0.001330991507	0.001961465634	0.002374682618
	0.002215976008	0.002215976008	0.001989921678	0.002317542822	0.002265347954
	0.002576097135	0.002576097135	0.002887812306	0.003987207483	0.004961621507
	0.003987207483	0.0040103285	0.002009272506	0.001651320273	0.001418637011
	0.001792316256	0.001418637011	0.0006726906033	0.0006726906033	1.026051598e-05
	9.153465267e-06	0.0005402624429	0.000163483774	0.000163483774	0.0003056684134
	0.0002392358469	0.0002454191318	0.0004292791894	4.396034212e-05	0.0001232667933
	4.396034212e-05	3.893450845e-06	1.470884681e-05	3.009649633e-05	3.6647264e-05
	5.70045946e-05	4.200119032e-05	2.394092485e-05	2.665758484e-05	2.665758484e-05
	0.001416585739	0.0009536904131	0.003574922212	0.001863804081	0.0009764889409
	0.001863804081	0.002710393194	0.002935345433	0.002935345433	0.003246900453
	0.001416585739	0.002600494268	0.001994631735	0.001979078391	0.003248595148
	0.03357846869	0.05634101367	0.0040103285	0.01192777111	0.001330991507
	0.001330991507	0.001436163535	0.001795859167	0.001447792242	0.002978136548
	0.001764610156	0.002310724497	0.002310724497	0.002154800324	0.004877820846
	0.002842605127	0.002842054565	0.004961621507	0.002978136548	0.001270244185
	0.001764610156	0.001088272081	0.001418637011	0.001436163535	0.0007155727332
	0.0009503029687	0.0007358614064	0.0004292791894	1.227978521e-05	1.227978521e-05
	0.0003482590757	0.000163483774	0.0003056684134	0.0002354321536	2.679159107e-05
	2.679159107e-05	0.000104145289	7.458470512e-05	3.875520454e-05	3.009649633e-05
	7.675904642e-05	0.0001015275641	7.26470248e-05	6.731058915e-05	4.200119032e-05
	0.000105125276	0.000105125276	0.0007358614064	0.001563543618	0.003065988617
	0.003574922212	0.002321754935	0.00113152542	0.002913961067	0.003282153259
	0.003926287717	0.004249613296	0.001563543618	0.001994631735	0.001994631735
	0.00246046955	0.03582927341	0.04584157942	0.008284957186	0.008284957186
	0.001133852019	0.001982446786	0.001177337944	0.001447792242	0.002978136548
	0.001899541202	0.00217906232	0.00217906232	0.002095202772	0.003951280976
	0.003942618824	0.002842605127	0.003274010665	0.004467467729	0.001302721465
	0.001539196707	0.001147289115	0.0009556790204	0.001133852019	0.0009556790204
	0.0007195212397	0.0006313124273	0.0006822410614	0.0007358614064	0.0003407825519
	5.142763816e-05	0.0002354321536	0.0001750183941	0.0002579484492	0.0002579484492
	5.738188248e-05	4.885913821e-05	0.0001273422491	5.738188248e-05	7.09250159e-05
	7.675904642e-05	7.675904642e-05	0.0001141173435	0.0001713934724	0.0001473087919
	0.000105125276	0.000689012108	0.001339409568	0.001339409568	0.001397766297
	0.004462392744	0.002321754935	0.002696062118	0.003066421698	0.00246046955
	0.004249613296	0.003712626612	0.00152786086	0.002569770254	0.00246046955
	0.02657301756	0.04584157942	0.008284957186	0.01206818334	0.002043984542
	0.0007303451119	0.0008918974698	0.002689154454	0.00155096227	0.00155096227
	0.00173139808	0.00383500793	0.001963154277	0.003942618824	0.003942618824
	0.002708855565	0.006883239798	0.0009000785685	0.001207430417	0.0009000785685
	0.0009556790204	0.002043984542	0.001142367275	0.0006879328564	0.0006879328564
	0.0006822410614	0.000474609666	0.0003586336461	8.891234276e-05	8.891234276e-05
	0.0002179877487	0.0001797981538	0.0001854894854	5.738188248e-05	0.0001163922919
	9.686188931e-05	0.0001177099202	0.0001303925847	0.0002343112676	0.0002343112676
	0.0001141173435	0.0001141173435	0.0001713934724	0.0001473087919	0.000689012108
	0.001099071919	0.001099071919	0.000689012108	0.002696062118	0.002244821983
	0.004484477833	0.004154910946	0.005414011804	0.002643683342	0.00464246515
	0.005414011804	0.00152786086	0.00175739878	0.00175739878	0.01206818334
	0.03879388401	0.008784959599	0.008784959599	0.002778728254	0.0007516611594
	0.0006445249995	0.00450973092	0.001207430417	0.001395041103	0.004490628285
	0.00160078968	0.003180589402	0.002238188664	0.002704859632	0.002216885065
	0.006883239798	0.0006887986908	0.0009537174489	0.001207430417	0.0005300981084
	0.001527431677	0.001645230204	0.0006879328564	0.0006614241267	0.0005920464248
	0.0006445249995	0.0004727220951	0.0003586336461	0.000252932918	8.891234276e-05
	0.0001369138803	0.0001362232091	0.0002462311505	0.0001854894854	0.0001854894854
	0.0001362232091	0.0001177099202	0.0001772157829	0.0002250006203	0.0002343112676
	0.0002333562708	0.0002909265365	0.0001945242832	0.0002796054227	0.0002151449173
	0.0003790025517	0.000804377344	0.0008988186157	0.0007648517369	0.004154910946
	0.006206035252	0.005255050762	0.004154910946	0.005414011804	0.002643683342
	0.004258343553	0.004258343553	0.00175739878	0.001946175774	0.02609393922
	0.02211745806	0.008784959599	0.00977895017	0.00450973092	0.0007516611594
	0.00450973092	0.0009537174489	0.001395041103	0.00160078968	0.004265080392
	0.00369994529	0.002238188664	0.002573632416	0.002238188664	0.002672156387
	0.001098569375	0.007026562463	0.0005300981084	0.0009537174489	0.0005300981084
	0.000439248394	0.001963936875	0.002956359733	0.0007170798352	0.001963936875
	0.0008279449619	0.0005375859437	0.0004727220951	0.0003485094713	0.0002534438736
	0.0002534438736	0.0001253771503	0.0001369138803	0.000176099156	0.0001802034
	0.0001802034	0.0002003624974	0.0001772157829	0.0003455235486	0.0003455235486
	0.0003619148594	0.0003619148594	0.0005047523285	0.0005047523285	0.000256996237
	0.0002566333561	0.0003689813267	0.0003485094713	0.0004457806569	0.000531301666
	0.0009585256715	0.0007648517369	0.009233849982	0.01944579377	0.006354013895
	0.005054347055	0.005490614211	0.002917155526	0.00226196291	0.002197073417
	0.001319753439	0.001735363651	0.003093893542	0.00977895017	0.02211745806
	0.008259653092	0.008259653092	0.005119088109	0.005744227916	0.0005390903191
	0.0007838430337	0.001107661565	0.001575524444	0.003581719444	0.003128023002
	0.003128023002	0.002180088635	0.00194026991	0.002250417205	0.001098569375
	0.001098569375	0.007817702093	0.000439248394	0.0007482710677	0.0005390903191
	0.000439248394	0.001963936875	0.003025632088	0.001723189513	0.001578405474
	0.0008279449619	0.0005375859437	0.0006514519309	0.0003729163104	0.0003749719766
	0.0002792635426	0.0003749719766	0.0002733896106	0.000176099156	0.000176099156
	0.0003529390232	0.0003529390232	0.0003933011249	0.0004732529087	0.0005220258476
	0.0005220258476	0.0005047523285	0.000451066432	0.0004780096065	0.0004780096065
	0.0003933011249	0.0009585256715	0.0004457806569	0.0004452618337	0.0005673232827
	0.0005673232827	0.0151801803	0.01097234817	0.005490614211	0.005490614211
	0.00515187537	0.001735363651	0.001390459661	0.001735363651	0.003252743735
	0.01002997334	0.01002997334	0.00429542314	0.007817702093	0.005368863406
	0.005744227916	0.0004472770323	0.0005480162571	0.001375630342	0.001579248409
	0.003165295516	0.003128023002	0.002615898847	0.002180088635	0.002180088635
	0.001075433345	0.0007482710677	0.007085540625	0.005368863406	0.0004084175177
	0.0007482710677	0.0004084175177	0.0005124621683	0.001634017329	0.00351448833
	0.005133954736	0.00351448833	0.001634017329	0.0009641793747	0.001271939802
	0.0006514519309	0.0006514519309	0.0004693115126	0.0003749719766	0.0003666980234
	0.0003666980234	0.0003459364497	0.0003454298913	0.0003529390232	0.0004477115816
	0.0003933011249	0.0004452618337	0.000604609452	0.0007669121278	0.0009509855971
	0.0007856331702	0.0004780096065	0.0007004700155	0.0007004700155	0.0005768428152
	0.0005875725937	0.0004452618337	0.0005673232827	0.0006925338362	0.008013698116
	0.03315408882	0.007980161693	0.007980161693	0.00515187537	0.003252743735
	0.002060900369	0.0007634688276	0.0009471470655	0.002060900369	0.01002997334
	0.008008744898	0.003712375724	0.007085540625	0.005368863406	0.0003993383804
	0.001237355855	0.001237355855	0.003151355473	0.003151355473	0.002511632269
	0.002238597706	0.001913736459	0.001014007314	0.0006333888004	0.0008087026903
	0.007085540625	0.005397263623	0.0004440070467	0.0005124621683	0.0006333888004
	0.0004392174723	0.0003993383804	0.0004440070467	0.000557273069	0.00287353085
	0.005133954736	0.00351448833	0.004283483701	0.001991275916	0.00105610802
	0.002236756683	0.001073632874	0.001073632874	0.0004693115126	0.000583638426
	0.0005806328902	0.0004572628146	0.0004572628146	0.0003808247028	0.0004893952167
	0.0006666653364	0.0005511305155	0.000604609452	0.001058542395	0.0007856331702
	0.0007856331702	0.0008418714248	0.0007616029097	0.0007713710305	0.0005768428152
	0.0006278670849	0.0006346588948	0.0006346588948	0.0008673398684	0.02288757929
	0.02580787743	0.01331141086	0.009279119745	0.005164677386	0.003673619335
	0.00120888247	0.0006711549616	0.00120888247	0.00344774716	0.003171853535
	0.002871070423	0.004045436163	0.005247557355	0.001237355855	0.00152024377
	0.00295956546	0.003151355473	0.003154116227	0.002059627019	0.002059627019
	0.001797655383	0.001515948746	0.001247860146	0.0006444080095	0.0006333888004
	0.000494224703	0.006052562366	0.005452243992	0.0005398005665	0.0004840237764
	0.0003956395178	0.0003970545008	0.0004144970238	0.0008295174101	0.005156460039
	0.003462875377	0.003462875377	0.002236756683	0.001236471271	0.002236756683
	0.001073632874	0.001160081968	0.000555197355	0.000583638426	0.0005806328902
	0.0005806328902	0.0004607088797	0.0006666653364	0.0006666653364	0.0007275475486
	0.0007275475486	0.001126568671	0.001126568671	0.0008418714248	0.0008418714248
	0.0007616029097	0.0008405497738	0.0007285573575	0.0006346588948	0.0007324516272
	0.0007324516272	0.02288757929	0.05299428637	0.01089597982	0.007016134866
	0.005377784159	0.002821026286	0.00120888247	0.00103142475	0.001169075894
	0.001199324573	0.004240130848	0.004373525534	0.004518604899	0.005452243992
	0.001247860146	0.002836719711	0.002836719711	0.002228918181	0.002117952619
	0.001857793736	0.0008083262612	0.001797655383	0.00101766102	0.00101766102
	0.000494224703	0.000494224703	0.000392388078	0.00394954013	0.003480445897
	0.0006543308271	0.0004144970238	0.0003970545008	0.0003970545008	0.001069615893
	0.001069615893	0.005156460039	0.005156460039	0.003137578977	0.002600490825
	0.002600490825	0.00206995804	0.00206995804	0.001196732289	0.000649366987
	0.0007255485467	0.0008509514985	0.0008509514985	0.0007572791277	0.0008780177199
	0.001035903001	0.001065369203	0.001599243611	0.001339652959	0.001116905965
	0.00109476482	0.0008405497738	0.0008405497738	0.0008962229732	0.0007553622993
	0.0008773558747	0.0009705775405	0.0009784705963	0.0254329152	0.05299428637
	0.01089597982	0.006678012604	0.004031858569	0.002512220031	0.001169075894
	0.001315256599	0.001369453219	0.001475691546	0.004373525534	0.002160861933
	0.003986030692	0.0006754360691	0.0007673095603	0.002712461076	0.002836719711
	0.00282828288	0.002117952619	0.004672723284	0.001857793736	0.001717300553
	0.0007927633202	0.00126385633	0.001000101171	0.000541610495	0.0004483904029
	0.000392388078	0.00394954013	0.00394954013	0.0007673095603	0.0004844621135
	0.0004085545012	0.001069615893	0.001117005285	0.001871589675	0.004317149132
	0.004542688774	0.002798819844	0.002382326243	0.00206995804	0.001871589675
	0.00078550395	0.000900658778	0.0008509514985	0.0008962229732	0.001319162407
	0.00155382048	0.001403134831	0.001529389959	0.001529389959	0.001403488773
	0.00109476482	0.001020206394	0.0009758486473	0.001031869236	0.001774293686
	0.00106891682	0.001102732571	0.001429230915	0.03382150155	0.06063752732
	0.006678012604	0.006678012604	0.003450120028	0.001163835335	0.001542035474
	0.001373532224	0.002061643231	0.002290440992	0.002160861933	0.008243557476
	0.002160861933	0.003986030692	0.004672723284	0.0007673095603	0.000441081707
	0.002877928412	0.002699565439	0.002699565439	0.002105328023	0.001717300553
	0.004317149132	0.001213023529	0.001213023529	0.000541610495	0.001000101171
	0.001000101171	0.0004355124049	0.0003744696621	0.0003744696621	0.003902232331
	0.002392722675	0.000725476583	0.000441081707	0.0009543684307	0.001468592891
	0.0009543684307	0.001958546699	0.001958546699	0.003591806301	0.003086950892
	0.002780029312	0.002305039807	0.001177438327	0.001016169076	0.001177438327
	0.001587040955	0.001774293686	0.001403134831	0.001774293686	0.001713994234
	0.001403488773	0.001403488773	0.001111908292	0.001111908292	0.001235121547
	0.001247154273	0.001373532224	0.001603719474	0.001603719474	0.03382150155
	0.03475521973	0.01502849864	0.003450120028	0.003450120028	0.001542035474
	0.001373532224	0.002211524517	0.002053460271	0.001665011249	0.001827203035
	0.001641521739	0.01796988815	0.002293616962	0.003902232331	0.004051631324
	0.003850909782	0.0006341782926	0.0003561059165	0.0004355124049	0.002640031829
	0.002756815066	0.002411630565	0.002411630565	0.001756072801	0.001472154616
	0.003591806301	0.001213023529	0.000546637468	0.0008109319237	0.0004355124049
	0.0003186814973	0.0004286105735	0.003073950447	0.001531161541	0.000681817395
	0.0004686864579	0.0009543684307	0.00138418037	0.001175796541	0.002305039807
	0.001773713105	0.003591806301	0.003033180699	0.002305039807	0.003157964735
	0.001824905825	0.001270103105	0.001177438327	0.001587040955	0.001619580566
	0.001824905825	0.001843091448	0.001499364444	0.001499364444	0.001365583876
	0.001365583876	0.001247154273	0.001247154273	0.002158005346	0.001603719474
	0.002669959131	0.01502849864	0.07685320249	0.01057653309	0.003571542058
	0.0049893643	0.002053460271	0.002731032647	0.002731032647	0.001968957996
	0.005743194205	0.001641521739	0.0144008177	0.001531161541	0.003021418875
	0.002959253707	0.003157964735	0.000681817395	0.0003173782448	0.0003937347118
	0.0003937347118	0.002127052142	0.003264660257	0.002108862131	0.002629776679
	0.001889614951	0.002108862131	0.001242858746	0.001242858746	0.0009870019106
	0.003316603636	0.0008109319237	0.0003186814973	0.0003186814973	0.0003424754631
	0.0003424754631	0.001531161541	0.000681817395	0.000594108273	0.0004673045061
	0.001009174777	0.001457311141	0.001175796541	0.001112927062	0.002479187422
	0.001649360626	0.002674589903	0.002465098238	0.003157964735	0.002366623718
	0.001440357169	0.001440357169	0.001894594816	0.001837031969	0.002366969559
	0.00247476595	0.001965088892	0.001606229348	0.001365583876	0.00141430996
	0.001356295584	0.001564307521	0.001564307521	0.002561949695	0.002561949695
	0.003437699544	0.01350807337	0.07685320249	0.008563593834	0.003571542058
	0.005596529076	0.001968957996	0.002401508852	0.003437699544	0.002731032647
	0.00310884273	0.005743194205	0.00203998476	0.0144008177	0.001407997386
	0.002739773541	0.002959253707	0.002959253707	0.002739773541	0.0003937347118
	0.0004978437777	0.002674589903	0.002127052142	0.0009870019106	0.003264660257
	0.003264660257	0.002108862131	0.002339260249	0.001291596831	0.001670101967
	0.001242858746	0.0005893715374	0.002801676094	0.0004978437777	0.0002540292257
	0.0002512095826	0.0002773474867	0.0003290553118	0.0003290553118	0.001407997386
	0.0008028338137	0.0006406672546	0.0005117857455	0.0009642718954	0.001457311141
	0.001112927062	0.001112927062	0.0018214373	0.002308121601	0.002674589903
	0.002569517381	0.002366969559	0.002120255469	0.002120255469	0.002366969559
	0.002548243844	0.002548243844	0.001606229348	0.00141430996	0.001396983653
	0.001396983653	0.001873193455	0.001617755778	0.002561949695	0.003437699544
	0.0269378632	0.0612165364	0.008563593834	0.003458718369	0.00384215166
	0.003458718369	0.00360480487	0.00360480487	0.003408197359	0.004304199266
	0.003905298894	0.009106727696	0.00203998476	0.02443744434	0.001406419584
	0.002739773541	0.002162047672	0.001792300233	0.002113094149	0.00195223632
	0.0004978437777	0.002440903534	0.001685455857	0.0007739708446	0.003876910218
	0.002336097979	0.002098298099	0.001670101967	0.001530585649	0.001048655061
	0.001199805374	0.001048655061	0.0007739708446	0.0005893715374	0.002348557303
	0.0003500324597	0.0002256292692	0.0002222716975	0.0002222716975	0.00023642773
	0.0003290553118	0.0003947891818	0.001869687006	0.00153404256	0.0008028338137
	0.000614178915	0.0005019352237	0.0009642718954	0.001592339935	0.001371099798
	0.001226982991	0.001908094971	0.001682753206	0.002348557303	0.002172793551
	0.001908094971	0.002569517381	0.001792300233	0.003025728496	0.002960480187
	0.002216413661	0.002548243844	0.001566748398	0.001375784054	0.002216413661
	0.001375784054	0.001336130938	0.001522084374	0.001522084374	0.002986961546
	0.003005594066	0.0269378632	0.0612165364	0.006031073937	0.003877505961
	0.004392910719	0.004522412935	0.004362327486	0.00360480487	0.004218957762
	0.004362327486	0.009428919611	0.003019987001	0.02443744434	0.001869687006
	0.001974834518	0.001972802884	0.001792300233	0.00195223632	0.00150930326
	0.00150930326	0.0009283890779	0.001048655061	0.0009615555677	0.0007331313679
	0.0005082504852	0.0003518387392	0.001935506633	0.0002204677487	0.0002235191348
	0.0002222716975	0.000245908507	0.0003029596514	0.0003356678409	0.00153404256
	0.00153404256	0.001769972456	0.000614178915	0.0005019352237	0.0005019352237
	0.000751368942	0.001446639963	0.001226982991	0.0009424597699	0.001908094971
	0.00162484573	0.001886043312	0.002172793551	0.001886043312	0.001729226368
	0.002986961546	0.002216413661	0.002485611005	0.001926783882	0.001751540206
	0.001364005122	0.001926783882	0.001336130938	0.001328736901	0.001522084374
	0.003968815283	0.003005594066	0.003005594066	0.03624423359	0.04894723272
	0.006031073937	0.004288933207	0.00478456656	0.003968815283	0.003446242618
	0.00478456656	0.005295216767	0.007500573801	0.004077842099	0.01590513993
	0.004077842099	0.001713758725	0.001769972456	0.001585113126	0.0009283890779
	0.0003728294528	0.0007086331577	0.0009615555677	0.0004060005598	0.0003728294528
	0.001935506633	0.000163793559	0.000188363909	0.0002131748052	0.0003356678409
	0.000222892106	0.0003356678409	0.002375606281	0.001617030435	0.002375606281
	0.001769972456	0.0004240875051	0.0005919894797	0.000542509424	0.0007349682738
	0.001171954628	0.001171954628	0.000822356706	0.001645287301	0.001394316902
	0.001227200683	0.001886043312	0.001558044213	0.001713758725	0.001700210972
	0.001539167646	0.002524659256	0.002217022299	0.001758090396	0.001708891389
	0.001581430614	0.001428133141	0.00170576392	0.001328736901	0.001328736901
	0.003495133112	0.003701767116	0.003144685815	0.002647698323	0.007703453473
	0.04894723272	0.004243022474	0.004913936354	0.00524099342	0.004243022474
	0.00478456656	0.005291167614	0.005291167614	0.005295216767	0.005575656157
	0.004896360042	0.007570559559	0.005334499456	0.01429619818	0.005334499456
	0.001585113126	0.001664508465	0.001585113126	0.0002815782065	0.0005260891285
	0.0004060005598	0.0002727063822	0.0002727063822	0.001543718992	0.000163793559
	0.000163793559	0.0003073857122	0.0001427778717	0.0001638866064	0.0002787442495
	0.0002593871701	0.001396991343	0.002375606281	0.004183357918	0.001917959869
	0.00238417878	0.001413397694	0.000471334491	0.000542509424	0.000542509424
	0.000822356706	0.001032969408	0.001032969408	0.000822356706	0.001394316902
	0.001235496506	0.001085499468	0.001543718992	0.001309330543	0.001370804469
	0.001413397694	0.001521035411	0.001370804469	0.002217022299	0.001708891389
	0.001581430614	0.001708891389	0.001581430614	0.00131321395	0.001116257102
	0.001116257102	0.003701767116	0.003701767116	0.002647698323	0.002305240058
	0.01397665867	0.02392919218	0.003253788352	0.00524099342	0.00450611027
	0.004564235411	0.005959557606	0.005291167614	0.004564235411	0.005598649692
	0.005959557606	0.007045965592	0.006514548089	0.00695042194	0.005334499456
	0.0117013184	0.004183357918	0.00148054785	0.00148054785	0.001543718992
	0.0001443354476	0.0003073857122	0.0003726586048	0.0001630819468	0.0001961398823
	0.0002454730251	0.001337077976	0.002745904511	0.001438513825	0.002409990393
	0.00238417878	0.001413397694	0.000380011117	0.000471334491	0.0005926319086
	0.0006263149061	0.0009380448512	0.0008020224865	0.0008086932041	0.001410262138
	0.001248549528	0.0009674410343	0.001447281649	0.001309330543	0.001309330543
	0.001370804469	0.001521035411	0.001438513825	0.00126694767	0.002078708404
	0.001469120116	0.001406621637	0.001141225492	0.001416546976	0.001161389245
	0.001116257102	0.002167618946	0.001648543706	0.002305240058	0.004277873418
	0.02392919218	0.004277873418	0.00450611027	0.006244642076	0.003120261952
	0.003972790316	0.005865559174	0.005004183179	0.005865559174	0.007573832344
	0.00695042194	0.007149385821	0.01246968943	0.004889436056	0.004162847597
	0.001360639349	0.00148054785	0.001322702515	0.003193393209	0.001438513825
	0.002368108448	0.001460405253	0.0005069002048	0.0005627841671	0.0006263149061
	0.0009674410343	0.0007290593905	0.0006171264446	0.001248549528	0.001133646127
	0.0009674410343	0.001201463414	0.001201463414	0.001266661012	0.00126694767
	0.00149969071	0.001440036929	0.001367752296	0.001586674868	0.002106925167
	0.001285303062	0.001401340434	0.001401340434	0.001700401077	0.001003327941
	0.0009995935115	0.001029349502	0.00223782079	0.002189005449	0.001648543706
	0.001293584283	0.024953853	0.004277873418	0.01295495713	0.003871951657
	0.005030554812	0.006244642076	0.006603550262	0.003120261952	0.003876985914
	0.006006748733	0.005004183179	0.006006748733	0.004889436056	0.006314124939
	0.01303882761	0.004989315105	0.002845015017	0.001263520164	0.001339251621
	0.001586674868	0.001410396303	0.0005694875382	0.0006256344973	0.0007290593905
	0.0006171264446	0.0006171264446	0.00154641403	0.00101058669	0.000917179138
	0.0008916159802	0.001088747522	0.001088747522	0.001190437479	0.001400723905
	0.001367752296	0.003155811022	0.002059315216	0.001479536131	0.002059315216
	0.001139525154	0.001176636076	0.001263520164	0.001293584283	0.0007446955173
	0.001501296506	0.0008448577706	0.0008448577706	0.002196893069	0.001703490379
	0.001703490379	0.001194996325	0.001178683275	0.024953853	0.003878421796
	0.01174488527	0.003878421796	0.003853476402	0.006441599253	0.006603550262
	0.006603550262	0.002934893437	0.005125030566	0.00601441856	0.003767705769
	0.005125030566	0.006006748733	0.004989315105	0.00681818191	0.01291906069
	0.004652688393	0.001285853411	0.001285853411	0.0007804914487	0.0006747240431
	0.001487385236	0.001479536131	0.000917179138	0.000917179138	0.0008644675738
	0.001054006623	0.0009714329581	0.001083936493	0.001379918259	0.001345879704
	0.003155811022	0.002059315216	0.001897889864	0.001479536131	0.001101212425
	0.001162319733	0.001207539297	0.0007446955173	0.0007446955173	0.000876465276
	0.0007059566925	0.002196893069	0.002196893069	0.0009551751579	0.0009551751579
	0.0009551751579	0.07375569255	0.006662083269	0.00402923893	0.003878421796
	0.004220597893	0.004843812466	0.005381845365	0.007785112026	0.006499309072
	0.002934893437	0.006499309072	0.005112192381	0.005112192381	0.005393819121
	0.007196350181	0.01271435514	0.005393819121	0.01271435514	0.001345879704
	0.0007696218755	0.001397008947	0.001487385236	0.001586771065	0.0007696218755
	0.0009714329581	0.0008644675738	0.001008062649	0.0009373541907	0.001042501426
	0.001335923866	0.002979580593	0.001897889864	0.001897889864	0.001901538091
	0.001513653022	0.001120479784	0.001173041696	0.001251784988	0.001251784988
	0.0005302740681	0.0005705724684	0.0007077636042	0.0007313391811	0.002185166633
	0.001523282804	0.0006981786732	0.0006981786732	0.05557907231	0.006662083269
	0.004808814098	0.004220597893	0.004235342722	0.006513561871	0.007785112026
	0.006251565473	0.003044230216	0.004199407364	0.005112192381	0.002185166633
	0.005393819121	0.007389357504	0.007389357504	0.004266032697	0.004266032697
	0.00732424664	0.01400604644	0.00138377861	0.001397008947	0.001493933428
	0.0008201197066	0.0009373541907	0.0009842961312	0.0009373541907	0.001024601515
	0.00138377861	0.001365595452	0.001901538091	0.002671828625	0.00192411916
	0.00192411916	0.001424362276	0.001356141584	0.001456697469	0.001120479784
	0.001134665029	0.001258266874	0.001251784988	0.0004650314757	0.0004661738951
	0.0008768502312	0.0008768502312	0.002185166633	0.0009972449611	0.001522824626
	0.0006981786732	0.001007063383	0.0004377521865	0.06912999544	0.009268893567
	0.003651858653	0.003678831222	0.004808814098	0.006513561871	0.006513561871
	0.006940557916	0.006250476567	0.004097050207	0.003061094627	0.004097050207
	0.003061094627	0.006389456062	0.002600270508	0.004168196043	0.006389456062
	0.007500084245	0.01400604644	0.001350549676	0.00136340478	0.0009086184204
	0.001015006828	0.0009515666141	0.0009854408006	0.001365595452	0.001365595452
	0.001424362276	0.001271231507	0.00189236331	0.001724232581	0.001724232581
	0.001484055265	0.001456697469	0.001288921493	0.001501063797	0.0009854408006
	0.001091303127	0.001134665029	0.001211193802	0.0003822201078	0.0004667280586
	0.0008768502312	0.001107579359	0.0004328285946	0.0009972449611	0.001115035256
	0.0004328285946	0.0002918506028	0.05218984569	0.007145033788	0.006388256899
	0.004381757996	0.004381757996	0.004381757996	0.006263176659	0.006750173454
	0.006045020564	0.004097050207	0.00537881822	0.003061094627	0.002481068765
	0.002504872379	0.01981203635	0.02345213752	0.004168196043	0.003141955572
	0.004402542407	0.002762451238	0.003259135909	0.007500084245	0.001261475535
	0.0009515666141	0.0009854408006	0.001362706676	0.001495482609	0.001206511577
	0.001714858744	0.001724232581	0.001622525115	0.001261475535	0.001372219961
	0.001288921493	0.001288921493	0.001348609952	0.001053284956	0.001025299722
	0.001097977338	0.001211193802	0.0003856759771	0.0003856759771	0.0007330867619
	0.0004328285946	0.0006735765579	0.0002918506028	0.0002918506028	0.001341984716
	0.05218984569	0.007145033788	0.07099867671	0.08066724614	0.007145033788
	0.004401950269	0.004401950269	0.004220989051	0.004509908603	0.006408466432
	0.006222074845	0.005366590929	0.005366590929	0.004237758425	0.002481068765
	0.002658222119	0.002027217745	0.08066724614	0.01609956519	0.003672038956
	0.003840387347	0.01276037159	0.002762451238	0.003259135909	0.002745531217
	0.001901868883	0.003259135909	0.003840387347	0.001261475535	0.001362706676
	0.001206511577	0.002176277056	0.001714858744	0.001622525115	0.001126135646
	0.001348609952	0.00127533328	0.001240662247	0.00127533328	0.001372219961
	0.001362478254	0.001351091321	0.001348609952	0.001069165961	0.001126135646
	0.001152264079	0.0007096990035	0.0002989541999	0.0007330867619	0.0005284482856
	0.0003226651099	0.0009776056615	0.001543371306	0.009316689892	0.003996358465
	0.01188584926	0.01216614913	0.003996358465	0.004401950269	0.00407948925
	0.004627493514	0.005230481228	0.005629589485	0.005138620163	0.005138620163
	0.004237758425	0.002658222119	0.002874905541	0.001543371306	0.0524192327
	0.07591484027	0.01276037159	0.01165499414	0.009180614279	0.006151065073
	0.003223572585	0.002866715805	0.002568341671	0.003672038956	0.001720365075
	0.003840387347	0.002063087565	0.002414185283	0.001493375146	0.001438652307
	0.001374486551	0.001131820398	0.001236149401	0.001204252193	0.001184499737
	0.001033682173	0.001204252193	0.00127533328	0.001170925591	0.001160247585
	0.001164245395	0.001187045257	0.001179173322	0.001298972143	0.001033682173
	0.001131820398	0.000569301623	0.0005284482856	0.0005284482856	0.0003226651099
	0.000694746275	0.0009776056615	0.001543371306	0.004562850209	0.003689693926
	0.01216614913	0.006116359129	0.003689693926	0.004456339499	0.005664400878
	0.005629589485	0.005629589485	0.005423863984	0.004054132067	0.004054132067
	0.002874905541	0.002231043927	0.00177375786	0.05549026168	0.07799959503
	0.03427243857	0.009408178279	0.03427243857	0.01729490393	0.009408178279
	0.01592002534	0.0313638855	0.002322308993	0.001268513951	0.002001203744
	0.001251309995	0.007031641375	0.001807797768	0.003043565515	0.002063087565
	0.00168897128	0.00133235182	0.001642143	0.001405650389	0.001405650389
	0.00151291701	0.001558035638	0.001490093265	0.001131820398	0.001246607229
	0.001204252193	0.001033682173	0.001148378097	0.001153368877	0.001115853598
	0.001164245395	0.001160247585	0.001151093767	0.001147983371	0.001258601613
	0.001001496496	0.001102794054	0.0003825663392	0.000694746275	0.0003891642672
	0.001146877791	0.001146877791	0.001780761208	0.003935646112	0.003689693926
	0.004211396568	0.006116359129	0.002475433597	0.003549133737	0.004456339499
	0.004793031022	0.004793031022	0.004689690624	0.004054132067	0.002982490251
	0.002982490251	0.002219592894	0.001780761208	0.01585873283	0.03695224785
	0.02279631089	0.01166267516	0.01264655973	0.01785847164	0.007563629549
	0.01585873283	0.00726178692	0.001642143	0.001918043165	0.002001203744
	0.004805293595	0.004012039975	0.004012039975	0.00168897128	0.00168897128
	0.001696303486	0.002623665958	0.00128104967	0.001405650389	0.001420374314
	0.001558035638	0.001558035638	0.001490093265	0.001102794054	0.001246607229
	0.001040301104	0.001258601613	0.004737147254	0.001061276151	0.001168839374
	0.00112283749	0.001132768716	0.001359565357	0.001164744263	0.0009710583591
	0.001028137076	0.000920606096	0.0006595214151	0.0009489832026	0.0006595214151
	0.0009489832026	0.001453963163	0.003453645671	0.003453645671	0.004211396568
	0.002708020733	0.003549133737	0.003549133737	0.005061870445	0.003977499726
	0.004076478977	0.003655738613	0.0019488962	0.003316011527	0.002665485562
	0.0019488962	0.01641011763	0.0082606948	0.007930274991	0.00726178692
	0.009375252459	0.005663483443	0.005866743953	0.006343632384	0.001918043165
	0.004226066311	0.003731521168	0.004805293595	0.006343632384	0.001696303486
	0.002413921094	0.001696303486	0.002361663648	0.003216644808	0.001585375887
	0.001412871925	0.001666221986	0.00156124248	0.002361663648	0.003664332593
	0.001028137076	0.004737147254	0.001343866933	0.004737147254	0.001061276151
	0.001021001951	0.00110990334	0.001107619211	0.001453007687	0.00120473256
	0.000920606096	0.001028137076	0.000920606096	0.0006595214151	0.0009814245694
	0.0006780814847	0.0009814245694	0.002075308196	0.003453645671	0.002368060572
	0.002708020733	0.002318411078	0.003005472121	0.003783696701	0.003005472121
	0.004076478977	0.003316011527	0.003772518263	0.002554547642	0.003316011527
	0.002075308196	0.005866743953	0.0082606948	0.007015453872	0.007930274991
	0.006252234781	0.005866743953	0.006343632384	0.004492536262	0.004492536262
	0.005852248426	0.005097480387	0.00305764426	0.003097679361	0.002361663648
	0.003216644808	0.003829365683	0.001913372628	0.001913372628	0.001496242864
	0.002598016297	0.001753525141	0.0009812069565	0.003783696701	0.001496242864
	0.001496242864	0.003876832881	0.001453007687	0.0009812069565	0.001021001951
	0.001107619211	0.001107619211	0.001225349411	0.0008793020826	0.000959975877
	0.0009255449967	0.0008188272952	0.0009814245694	0.0009257794214	0.001241818314
	0.002024278937	0.00190908316	0.00242073908	0.001773906406	0.002568917787
	0.001753525141	0.002941100594	0.003173116375	0.003783696701	0.002941100594
	0.003466529246	0.003401218085	0.002554547642	0.003035508909	0.002320014648
	0.00480750566	0.004754483342	0.005714041794	0.005714041794	0.006252234781
	0.003454721089	0.005591957068	0.004492536262	0.004959645963	0.005591957068
	0.003745223707	0.002598016297	0.003829365683	0.003829365683	0.002161809104
	0.002350929863	0.001976142243	0.002857227205	0.001753525141	0.002581783271
	0.0009812069565	0.001675921594	0.001675921594	0.003466529246	0.001124908986
	0.001524832599	0.001003252757	0.001067582615	0.00114909338	0.0008205128089
	0.0009091841834	0.000842401133	0.001072650819	0.001454031486	0.001454031486
	0.001980711044	0.002024278937	0.001325723621	0.001773906406	0.001824934353
	0.0009955811621	0.002941100594	0.003491356877	0.002899661509	0.003466529246
	0.003401218085	0.003401218085	0.002603414743	0.002428201086	0.004017566722
	0.004017566722	0.003779965129	0.004504599551	0.003187736076	0.005058780006
	0.005591957068	0.004959645963	0.004000356006	0.003557727547	0.003745223707
	0.002857227205	0.004361176043	0.00411896608	0.002575124038	0.002509171729
	0.001976142243	0.001976142243	0.002857227205	0.001120097901	0.002128513547
	0.0008788489473	0.001524832599	0.003216992932	0.00114909338	0.00133318931
	0.001524832599	0.001003252757	0.001116639694	0.001265423637	0.001629875578
	0.0007745318746	0.0008788489473	0.000804305786	0.001403083442	0.001454031486
	0.001892545593	0.002032715293	0.002032715293	0.0009955811621	0.001325723621
	0.002151740867	0.001120097901	0.002899661509	0.003216992932	0.002115477427
	0.002930133433	0.002818948002	0.002762118427	0.002603414743	0.002428201086
	0.002664873015	0.003013999296	0.003779965129	0.003779965129	0.002664873015
	0.003544740386	0.003634682043	0.003544740386	0.003013999296	0.003510284431
	0.002910863599	0.003726170484	0.003726170484	0.003634682043	0.002410854699
	0.002277936015	0.002410854699	0.001120097901	0.00146758935	0.0008788489473
	0.001265423637	0.001629875578	0.0008932423477	0.001120500075	0.001265423637
	0.001956662068	0.0007346420322	0.000804305786	0.000688151827	0.001803577855
	0.002020051343	0.002236665079	0.002032715293	0.002329286433	0.0008265027188
	0.001093850051	0.001934772071	0.0008265027188	0.002678439846	0.002994024268
	0.002971915752	0.001914458953	0.002598735311	0.002598735311	0.002518845221
	0.002412661019	0.002664873015	0.002494285627	0.001777902546	0.003268495445
	0.002930525975	0.001949454125	0.002910863599	0.003728335332	0.00330535904
	0.003726170484	0.003171209024	0.003171209024	0.001956662068	0.002410854699
	0.002307454923	0.002472845237	0.0006538653903	0.001420243013	0.0008932423477
	0.002419273505	0.001496785806	0.001496785806	0.0008930425839	0.001120500075
	0.001286836501	0.001956662068	0.000688151827	0.0008201127025	0.0007358018112
	0.002236665079	0.002182696047	0.002236665079	0.002326627582	0.002329286433
	0.00161596885	0.001082652953	0.001914458953	0.0007828940063	0.002211114182
	0.002628784883	0.002211114182	0.00237103956	0.002598735311	0.002412661019
	0.001777902546	0.001777902546	0.00238726755	0.002670534742	0.001949454125
	0.001877415212	0.003311406821	0.002639448406	0.003311406821	0.002670534742
	0.002719152832	0.003171209024	0.002307454923	0.002307454923	0.002040637169
	0.0007932369482	0.0006457181211	0.0008201127025	0.002419273505	0.001496785806
	0.001463759798	0.0009056149686	0.001150102013	0.001268461789	0.001708893755
	0.000696028437	0.0008201127025	0.0007358018112	0.003163628154	0.002326627582
	0.002892872687	0.002326627582	0.002356886485	0.002271192953	0.001565504623
	0.0008623046339	0.001035974462	0.001082652953	0.0006169327693	0.002211114182
	0.001808412343	0.002342229374	0.002413805264	0.001393062878	0.001289973712
	0.0007932369482	0.002670534742	0.001289973712	0.001364189564	0.001595072754
	0.002639448406	0.002639448406	0.002483965041	0.002743027025	0.002483965041
	0.002033403331	0.001856358226	0.001856358226	0.001797077119	0.0005867912607
	0.0009056149686	0.001892331188	0.001708893755	0.001474020681	0.0008877014672
	0.001133332426	0.001133332426	0.001635694646	0.0006055295483	0.0007117334208
	0.0007117334208	0.002892872687	0.002714017052	0.002892872687	0.002714017052
	0.002334503142	0.002044671999	0.002044671999	0.001393062878	0.001035974462
	0.0006169327693	0.0005482734527	0.001707661463	0.002004803783	0.002004803783
	0.001690260963	0.001393062878	0.0008675254988	0.0005867912607	0.001637456328
	0.0009295047542	0.001595072754	0.00217867973	0.001939567452	0.002033403331
	0.002011181496	0.002033403331	0.001129021953	0.001856358226	0.001797077119
	0.001797077119	0.0004598600126	0.0008877014672	0.001326211548	0.001267270154
	0.0008519021638	0.001133332426	0.001326211548	0.001615998887	0.0006155358737
	0.0006644410677	0.0006644410677	0.003911253652	0.002714017052	0.003911253652
	0.002334503142	0.002334503142	0.002044671999	0.002042828082	0.000838561564
	0.0007430233956	0.0004356728973	0.0004356728973	0.001690260963	0.001650476498
	0.001567705482	0.000838561564	0.0009295047542	0.001399723068	0.001017485113
	0.001129021953	0.001667458062	0.001956881245	0.001129021953	0.001622314415
	0.001480872881	0.001408882415	0.001297943315	0.0004598600126	0.0008519021638
	0.001112159199	0.0009488662272	0.0008760342644	0.001112159199	0.001224785522
	0.001224785522	0.00052012081	0.0006773310747	0.0006276682042	0.003911253652
	0.002840869455	0.003366656245	0.002326510724	0.002042828082	0.0020458389
	0.002042828082	0.000838561564	0.0004554374538	0.0004356728973	0.001567705482
	0.001650476498	0.001379338083	0.0007013718844	0.0006524061749	0.0007065672216
	0.0008992780114	0.000894915344	0.001297943315	0.001191886142	0.001408882415
	0.001297943315	0.0003884298397	0.0007610055707	0.0007132043463	0.0007674948199
	0.0009232390177	0.0009896439319	0.001101985574	0.000940500178	0.00052012081
	0.0006293915271	0.0005152398861	0.004185133652	0.002577589481	0.003597840719
	0.002577589481	0.002214147975	0.001764525351	0.002214147975	0.0005774432645
	0.0004995736185	0.0003933942349	0.0003933942349	0.001254749881	0.001254749881
	0.0009611069379	0.0005774432645	0.0007065672216	0.0006644940558	0.0007357837293
	0.001122416738	0.0008697055949	0.0008815145182	0.0003884298397	0.0007132043463
	0.0006248793482	0.0007285695234	0.0007774907283	0.0007807290854	0.0008218751276
	0.0008815145182	0.0004064346943	0.0005467067113	0.0004356126499	0.003597840719
	0.002562994023	0.003597840719	0.002562994023	0.002214147975	0.001720296845
	0.001776327714	0.0005774432645	0.0004569361519	0.0003927798045	0.001254749881
	0.001272987954	0.0006678460082	0.0008889869067	0.0004057653078	0.0005961259388
	0.0005335535196	0.0006274254216	0.0008815145182	0.0003954813736	0.0006248793482
	0.0006248793482	0.0005897928847	0.0006495337613	0.0006767776696	0.0006401819657
	0.0006401819657	0.0003427606806	0.0003879477361	0.0003879477361	0.004443756743
	0.003618037603	0.003587122289	0.002552167567	0.002085756324	0.001776327714
	0.002085756324	0.0004971634979	0.0003927798045	0.0003927798045	0.0006169847929
	0.001459528962	0.001012544817	0.0008369145483	0.0003954813736	0.0004466456407
	0.0005375168304	0.0005375168304	0.0003954813736	0.0005899480176	0.0005897928847
	0.0005897928847	0.000593439548	0.0004815409199	0.0006401819657	0.0005290699259
	0.0002862699099	0.0003879477361	0.0002862699099	0.004443756743	0.003587122289
	0.003587122289	0.002432707294	0.002085756324	0.001459528962	0.001498259762
	0.001278345369	0.0004397428131	0.000557391889	0.0004397428131	0.0008369145483
	0.00134441924	0.001012544817	0.0004436775406	0.0004466456407	0.0004466456407
	0.0005375168304	0.000380394822	0.0004484335246	0.0004705751195	0.0004705751195
	0.0004815409199	0.0004815409199	0.0004336992786	0.0003626464581	0.0002318430204
	0.0003501438488	0.0002318430204	0.00355605978	0.003552987519	0.003552987519
	0.00240420307	0.00240420307	0.001498259762	0.00209542555	0.001055091132
	0.001278345369	0.0005999445618	0.0008063066558	0.0005750096284	0.0004470749826
	0.0003646148105	0.0003626464581	0.0003646148105	0.0003501438488	0.0003432654824
	0.0004328880772	0.0003575328874	0.0003432654824	0.0003478677512	0.0003954737424
	0.0003626464581	0.0002318430204	0.0003127495969	0.0002002192969	0.004284216034
	0.003446556406	0.003446556406	0.002499413086	0.001256265768	0.00193330054
	0.001011451914	0.001281949324	0.001011451914	0.0005750096284	0.0005581931162
	0.0004412595548	0.0003646148105	0.0002631286069	0.0003432654824	0.0002631286069
	0.0003575328874	0.0003639874282	0.0003478677512	0.0003375771338	0.0001583820205
	0.0002002192969	0.0002002192969	0.004004972705	0.002860957696	0.003395233551
	0.00236312706	0.002860957696	0.001316850936	0.002016301411	0.001095128726
	0.001095128726	0.0007361398049	0.0007361398049	0.0005728653908	0.0005728653908
	0.0002136786039	0.0002607215224	0.0002136786039	0.0003701053363	0.0003701053363
	0.0003039913711	0.0002607215224	0.000144561457	0.0002063424845	0.000144561457
	0.004004972705	0.002860957696	0.003768491415	0.00245572657	0.001715539735
	0.001715539735	0.002017003062	0.001095128726	0.000728018157	0.000924831025
	0.0005712374406	0.0002136786039	0.0002607215224	0.000198495127	0.000353922632
	0.0005712374406	0.0003430989637	0.000144561457	0.0001835518141	0.0001663126868
	0.003768491415	0.00245572657	0.003097272058	0.001471193129	0.001715539735
	0.002017003062	0.000924831025	0.0007435674973	0.000924831025	0.0007435674973
	0.0001835518141	0.0002763223111	0.0002746445977	0.0003430989637	0.0003556763718
	0.0002763223111	0.0007435674973	0.0001577580308	0.0002568267407	0.0002043240255
	0.003605511064	0.002226195397	0.003046705001	0.003046705001	0.001471193129
	0.001581693764	0.002253797163	0.0009561152959	0.000772967821	0.0005824455402
	0.0002568267407	0.0004230573961	0.0004230573961	0.001164718441	0.0009209270137
	0.0002043240255	0.0002568267407	0.0002712540008	0.003188323598	0.002253797163
	0.002443155228	0.001494020001	0.001874377557	0.002105406848	0.001224166152
	0.0005824455402	0.0004648968888	0.0004230573961	0.001494020001	0.001164718441
	0.0008681801725	0.0007566046026	0.00035462175	0.00035462175	0.003188323598
	0.002731310175	0.002605318601	0.001593973835	0.002041074918	0.001175620878
	0.001122001757	0.0004648968888	0.001122001757	0.0007566046026	0.00035462175
	0.0003790855737	0.002614958044	0.002605318601	0.002208131104	0.001678239111
	0.00188483852	0.001319028093	0.001122001757	0.0008588958726	0.0006440637268
	0.0005164852554	0.0005164852554	0.002805360305	0.002659365083	0.002208131104
	0.00188483852	0.001320081492	0.001320081492	0.0007075010874	0.0008655169528
	0.0008655169528	0.002659365083	0.002453236978	0.002042995073	0.001544580901
	0.001115182804	0.0008655169528	0.002531460804	0.002453897072	0.001785540643
	0.001115182804	0.001115182804	0.002453897072	0.002453897072	0.001785540643
	0.001852540435	0.003089546334	0.001852540435	0.003690688062	0.002216451979
	0.001523912284	0.002169843368	0.002169843368	0.001750961344	0.002444171436
	0.002491290241	0.0002057601262	0.001750961344	0.00329789822	0.005006670424
	0.00329789822	0.00302178252	0.003170530034	0.003387323196	0.003410678462
	0.003868345441	0.002490333171	0.001234428244	0.00243221172	0.002077758447
	0.002444171436	0.002444171436	0.0002057601262	0.0001501826865	0.001672495763
	0.001637948944	0.001688184145	0.001688184145	0.00527458836	0.001744821166
	0.003576560477	0.001545232661	0.00409863264	0.00329789822	0.00302178252
	0.00302178252	0.003387323196	0.003387323196	0.002970371512	0.00243221172
	0.002490333171	0.002143388838	0.00183092335	0.00243221172	0.002010333445
	0.001900439617	0.001855266614	0.001672495763	0.001672495763	0.0006266747572
	0.001637948944	0.001693632317	0.001827660193	0.00122257746	0.001377389845
	0.001688184145	0.001229992491	0.003922781117	0.006989975985	0.003400165295
	0.003400165295	0.003576560477	0.003533860925	0.003922781117	0.003522013837
	0.002228003794	0.003376602346	0.002899977871	0.00300341457	0.00302503462
	0.00300341457	0.001971844213	0.002215778288	0.002118594855	0.002228003794
	0.00183092335	0.00183092335	0.001693632317	0.001696915134	0.001710245216
	0.001710245216	0.001113527037	0.001626587735	0.0015677184	0.001182069073
	0.001078572136	0.0005014833489	0.0008094561277	0.001113527037	0.001377389845
	0.001229992491	0.001182069073	0.003856656602	0.003517361833	0.003607285692
	0.006039168381	0.002589908731	0.002802906656	0.003522013837	0.006252198645
	0.003137863399	0.003522013837	0.002403416969	0.002802906656	0.002403416969
	0.00300341457	0.002811976622	0.002215778288	0.002039575761	0.001827069812
	0.001709803056	0.001709803056	0.001696915134	0.001549390268	0.001442649887
	0.001710245216	0.001549390268	0.001314087578	0.000412642101	0.001035686369
	0.001182069073	0.001035686369	0.001356635619	0.001174154112	0.001184352408
	0.001174154112	0.001153275083	0.001040148715	0.008476695446	0.003856656602
	0.003856656602	0.003489544299	0.002941864912	0.002589908731	0.002589908731
	0.003362001678	0.003033238876	0.003033238876	0.003360866602	0.003362001678
	0.002587421754	0.002039575761	0.002401208425	0.002401208425	0.001968199335
	0.002310288589	0.001827069812	0.001827855872	0.001827855872	0.001620576226
	0.001702668695	0.00149130328	0.001549390268	0.001314087578	0.001314087578
	0.001552240062	0.00141798554	0.0003910577468	0.0008679382997	0.000893169087
	0.0009781897667	0.001011479646	0.00113487302	0.001066692907	0.001090045312
	0.001186699443	0.001174154112	0.001011479646	0.001040148715	0.003877398312
	0.003532112539	0.003062934504	0.002401093245	0.002913914302	0.002717560813
	0.003362001678	0.002903882661	0.003033238876	0.002401093245	0.002615039352
	0.001968199335	0.001968199335	0.002131247339	0.002081356895	0.001957355553
	0.001707749941	0.001577913196	0.001777128171	0.001783708275	0.00149130328
	0.001352413395	0.001282120049	0.00125645878	0.001135523286	0.001135523286
	0.0008679382997	0.0009273409295	0.0008679382997	0.0009489763311	0.001018985203
	0.001760562942	0.000893169087	0.000893169087	0.0009328390187	0.001135760328
	0.001045325487	0.001096902359	0.0009678549744	0.001049430617	0.003532112539
	0.00181381822	0.003877398312	0.002820759344	0.003195121832	0.003062934504
	0.003062934504	0.002340991785	0.002131247339	0.002340991785	0.002059844947
	0.002615039352	0.00226210205	0.002615039352	0.001772444227	0.001772444227
	0.001937112027	0.001914972284	0.001577913196	0.001577913196	0.00159081414
	0.00159081414	0.00134952879	0.001352413395	0.001260885238	0.001135181867
	0.001007367153	0.001135523286	0.0008750791846	0.0008750791846	0.001037672347
	0.001222149528	0.001073088644	0.001206397219	0.001214852145	0.0009328390187
	0.0008430367052	0.0009328390187	0.0008945209279	0.0009972733489	0.0009972733489
	0.001007367153	0.00100751733	0.001033319588	0.001049430617	0.002798317922
	0.002491595299	0.00181381822	0.002820759344	0.001267972889	0.002612506517
	0.00153651359	0.002343973579	0.002343973579	0.001952015141	0.002110186663
	0.001937112027	0.002340991785	0.002135474556	0.001959884614	0.002111501279
	0.002111501279	0.001772444227	0.001850704044	0.001937112027	0.00140272611
	0.001304269331	0.001473035098	0.001473035098	0.001130085841	0.00120857425
	0.001136459507	0.001135181867	0.001052102611	0.0008430367052	0.0008750791846
	0.001037672347	0.001037672347	0.00104850379	0.0009225315695	0.00153004828
	0.001379961598	0.001476340687	0.001033319588	0.0008945209279	0.0008945209279
	0.0009883094072	0.0009883094072	0.0009972733489	0.00100751733	0.0009462918775
	0.0009645119729	0.002376251827	0.002263636369	0.002539414649	0.002514995877
	0.002514995877	0.00220929536	0.001480951139	0.002263636369	0.001833581266
	0.001952015141	0.001952015141	0.001627118201	0.001791526426	0.001711645816
	0.001711645816	0.001662540629	0.001569565975	0.001642382565	0.001304269331
	0.001304269331	0.001473035098	0.001441261726	0.001240291712	0.001130085841
	0.001117711044	0.001035811706	0.001043036848	0.0009601691321	0.001029622966
	0.00105064957	0.001234882362	0.001065940559	0.001123079583	0.001379571592
	0.001771006639	0.001476340687	0.0009103180796	0.0009818913556	0.0009376889931
	0.0009597009251	0.0009597009251	0.0009533852948	0.0009462918775	0.0009462918775
	0.002451022138	0.002376251827	0.002263636369	0.002110401286	0.002514995877
	0.002220955305	0.002220955305	0.00117037831	0.001779128636	0.001727972477
	0.001727972477	0.001662540629	0.001569565975	0.001585710764	0.001711645816
	0.001452377087	0.00145661961	0.001441261726	0.0010968608	0.0010968608
	0.001221216322	0.001308818992	0.001214822487	0.00102830024	0.001117711044
	0.0009517472762	0.0009601691321	0.001041979847	0.001116813806	0.001234882362
	0.001234882362	0.001123079583	0.001039738173	0.001425536313	0.001838152741
	0.001838152741	0.0001760341605	0.0009818913556	0.0009103180796	0.0009818913556
	0.001039738173	0.0009434596606	0.0009597009251	0.0009533852948	0.0009220555515
	0.002674523549	0.002451022138	0.00276496474	0.001779128636	0.001883959314
	0.002042544263	0.002279748846	0.002042544263	0.002220955305	0.00117037831
	0.00145661961	0.001779128636	0.001727972477	0.001387415882	0.001441277919
	0.001284188557	0.001392622121	0.001392622121	0.001179093776	0.001075679097
	0.00101442311	0.001130345685	0.001110984938	0.001179093776	0.001130345685
	0.0009753508959	0.0009793766239	0.0009517472762	0.0009283898141	0.001046260803
	0.001116813806	0.001196873328	0.001063263222	0.001039738173	0.001298829845
	0.0001590575057	0.001541886628	0.001838152741	0.001928500247	0.001029119732
	0.0009443566179	0.001026849356	0.0009871481389	0.0009370569633	0.0009231025658
	0.0009123155758	0.0009514880985	0.002129021683	0.002279748846	0.002129021683
	0.002855857153	0.001518314904	0.001675206229	0.001675206229	0.001680268435
	0.001693753983	0.001614644127	0.001473455254	0.001011832463	0.001387415882
	0.001518314904	0.001387415882	0.001284188557	0.001284188557	0.001392622121
	0.001210980578	0.001255366128	0.001179093776	0.001011832463	0.00101442311
	0.001130345685	0.001034746063	0.001181441767	0.001050948652	0.0009383275807
	0.0009383275807	0.0009283898141	0.0009283898141	0.001102523451	0.001192003995
	0.001289929897	0.001087452554	0.001063263222	0.001289929897	0.00146577318
	0.002783248525	0.00183786513	0.001541886628	0.001877171437	0.0009765926645
	0.0009514880985	0.00103947987	0.0009765926645	0.0009280446563	0.0009123155758
	0.0009123155758	0.0009280446563	0.002129021683	0.001984500668	0.001984500668
	0.002667902877	0.001518314904	0.001675206229	0.001652823524	0.001473455254
	0.001429117929	0.001473455254	0.001011832463	0.0009745317347	0.001255457321
	0.00126493946	0.00128065734	0.00126493946	0.001292961996	0.001210980578
	0.00117357062	0.001184127926	0.0009745317347	0.0009194505414	0.0009672644739
	0.001050948652	0.0009731471472	0.001050948652	0.0009083489196	0.0008979301807
	0.0008979301807	0.00111438438	0.001206935838	0.001206935838	0.001149970582
	0.001334203724	0.001425726686	0.001606026788	0.002783248525	0.002783248525
	0.002014021089	0.001877171437	0.001093301817	0.0009765926645	0.00101729134
	0.0009852465764	0.0009280446563	0.0009121689267	0.0009438922313	0.001559666911
	0.001652823524	0.001747968941	0.00196771521	0.003164737028	0.002667902877
	0.001765614282	0.00128065734	0.001327967126	0.001398319525	0.001398319525
	0.001468430939	0.0009952724577	0.001255457321	0.001193080316	0.001156825841
	0.001090706145	0.00115724481	0.001075110286	0.001150236501	0.001013476801
	0.0009474245899	0.0008861619896	0.000959219552	0.0009277602493	0.0009415747142
	0.0009415747142	0.0008921147498	0.0008882893149	0.0008979301807	0.00111438438
	0.00111438438	0.001205653943	0.002304045052	0.001219644858	0.00140822179
	0.001782362815	0.002304045052	0.002167121087	0.001782362815	0.003054565004
	0.001093301817	0.001007029143	0.0009930715098	0.0009858918318	0.0009324175106
	0.000913135062	0.0009509763675	0.00134997837	0.001450255777	0.001636085684
	0.001765614282	0.001131669523	0.001765614282	0.0006589503494	0.001116907334
	0.00134997837	0.001278794448	0.0009481689138	0.001109229451	0.001172985072
	0.001090706145	0.001090706145	0.001072110923	0.001011189212	0.001015769443
	0.001070164281	0.000959219552	0.0008876678141	0.0008882893149	0.000959219552
	0.0009277602493	0.0009054163793	0.0009054163793	0.000913135062	0.0008870408126
	0.0008870408126	0.001114478252	0.001132984196	0.002826279673	0.00130556983
	0.00140822179	0.00140822179	0.001782362815	0.002248931962	0.001868851769
	0.003054565004	0.00281737201	0.001280808966	0.001188505331	0.00105147751
	0.0009858918318	0.0009858918318	0.0009509763675	0.000913135062	0.0009509763675
	0.001253080865	0.001450255777	0.001450255777	0.001636085684	0.001783430998
	0.002377930653	0.0007942878429	0.001450030672	0.00224400502	0.001116907334
	0.001253080865	0.001078255883	0.0009101469296	0.001026973408	0.001018383001
	0.001106066397	0.0009678675879	0.0009140502256	0.000935582554	0.0009211351671
	0.0009574251431	0.0009574251431	0.0009211351671	0.0008754387113	0.004144715042
	0.004144715042	0.0008795993036	0.0008976746273	0.0008785415078	0.0009265895518
	0.0009054163793	0.0008753489535	0.0008959639531	0.0009056037995	0.001280808966
	0.002110204301	0.001394531712	0.00167498841	0.001572602122	0.001981205567
	0.002248931962	0.00281737201	0.002738909088	0.001280808966	0.001188505331
	0.001115619579	0.001008343813	0.0009819188641	0.0009056037995	0.000962444589
	0.001011816932	0.001253080865	0.001095686018	0.001501705967	0.00224400502
	0.001626762903	0.001630544693	0.001260319923	0.001260319923	0.002360426743
	0.00224400502	0.001078255883	0.0009917177247	0.0008718151271	0.0009761721878
	0.0009633328399	0.0009633328399	0.0009300059899	0.0008696574861	0.000935582554
	0.0008865300747	0.0009211351671	0.0008664049186	0.002815532391	0.006447139968
	0.003155768485	0.00137696481	0.0008584276304	0.0008742936715	0.0008696574861
	0.0008929148678	0.0008664049186	0.0008870697174	0.0009056037995	0.001417944473
	0.002110204301	0.001572602122	0.001572602122	0.002003329539	0.001918283329
	0.002815532391	0.002437481336	0.001283085615	0.001396323877	0.00108753443
	0.001077573479	0.001077573479	0.0009196588536	0.001055318603	0.0009874630322
	0.001095686018	0.001071289847	0.001630544693	0.001884751005	0.001789645528
	0.001260319923	0.001078939704	0.001884751005	0.0009432988741	0.001035294495
	0.0008658544718	0.000905259087	0.0008987611158	0.0008987611158	0.0008870602482
	0.0008696574861	0.0008686825011	0.0008685231296	0.0008870602482	0.0008677091877
	0.002811542248	0.005254428585	0.005254428585	0.003155768485	0.0022541638
	0.0008610686073	0.0008571424548	0.0008591269604	0.0008677091877	0.0009057601931
	0.0009377286231	0.001543905952	0.00210450454	0.001746008573	0.002003329539
	0.002003329539	0.002515101304	0.00210450454	0.001646107358	0.0012707888
	0.0012707888	0.0009377286231	0.001156233014	0.001055318603	0.001359435538
	0.001122326258	0.001045996806	0.001038586722	0.001004784517	0.001078939704
	0.001572201949	0.001572201949	0.001287103844	0.001297989809	0.001078939704
	0.0022541638	0.00177435679	0.000905259087	0.0009127319016	0.0009432988741
	0.0008597811266	0.000905259087	0.0008772713458	0.0008870602482	0.0008549426168
	0.0008549426168	0.0008566893046	0.0008685231296	0.0008677091877	0.002755266385
	0.003767240572	0.003586712367	0.002561846224	0.005384455651	0.0008371299221
	0.0008599392254	0.0008543341974	0.0008835699974	0.0008835699974	0.000936319944
	0.001718211458	0.00210450454	0.001893244651	0.001730691096	0.002607060412
	0.002067661426	0.00148321317	0.001359435538	0.001042503148	0.001359435538
	0.001123862931	0.00122859919	0.001123862931	0.001117684695	0.0009721761206
	0.0009721761206	0.0009974318409	0.001071437113	0.001572201949	0.001685921825
	0.001297989809	0.001297989809	0.001897953282	0.001685921825	0.0008846166067
	0.000913724867	0.000913724867	0.0008597811266	0.0008566144403	0.0008755789989
	0.0008772713458	0.0008696834902	0.0008549426168	0.0008566893046	0.0008604459582
	0.0008767033961	0.002607449923	0.003586712367	0.002783056556	0.002806161263
	0.00411023403	0.002214371988	0.000683398633	0.0008543341974	0.0008923700959
	0.000915086154	0.001035597699	0.001730691096	0.002067661426	0.001627115285
	0.00180894215	0.00221546051	0.002224577919	0.001455912347	0.001044679826
	0.001322417031	0.001123862931	0.001117684695	0.0009721761206	0.0009814801502
	0.001071437113	0.001184859811	0.001498013828	0.001305529122	0.002646027227
	0.002044361343	0.002044361343	0.0008960853641	0.0008938120032	0.000913724867
	0.0008841761626	0.0008566144403	0.0008566144403	0.0008755789989	0.0008690462748
	0.0008651540596	0.0008574127296	0.0008651540596	0.0008841761626	0.002806161263
	0.003285285805	0.003285285805	0.003618698853	0.006196799969	0.006196799969
	0.0007716570526	0.0007926718493	0.001908862596	0.0009275492295	0.000915086154
	0.0009991138334	0.001035597699	0.00180894215	0.00210083806	0.001588860704
	0.00180894215	0.00210083806	0.001439339521	0.001198987952	0.001322417031
	0.001198987952	0.0009814801502	0.0009814801502	0.001145116137	0.001145116137
	0.001486995423	0.001486995423	0.001913457815	0.001913457815	0.001908862596
	0.0008846234895	0.0008960853641	0.0009412603135	0.0008841761626	0.0008645590568
	0.0008642819344	0.0008696788658	0.0008846234895	0.0008651540596	0.0008762271519
	0.0009671689703	0.002529654573	0.004303203446	0.002903150574	0.003285285805
	0.003237731507	0.006786667278	0.003090187349	0.003090187349	0.002116915879
	0.0009671689703	0.0009723350639	0.001098935653	0.001098536908	0.001588860704
	0.002102662438	0.001906465826	0.001588860704	0.002529654573	0.002102662438
	0.001439339521	0.001198987952	0.001195856363	0.001063780838	0.001003155885
	0.001145116137	0.001063780838	0.001323725735	0.001486995423	0.001864620284
	0.001913457815	0.001864620284	0.0008916725888	0.0008959916732	0.0009157890476
	0.0009727307839	0.0009273813711	0.0008982928101	0.000890459618	0.0009273813711
	0.000896403663	0.0008916725888	0.000896403663	0.0009671689703	0.003524924577
	0.004071497538	0.002529654573	0.003243030063	0.002694774116	0.003524924577
	0.002116915879	0.003211062723	0.001092732795	0.001178529083	0.001092732795
	0.001712615008	0.001751529156	0.001906465826	0.00215506795	0.00215506795
	0.001555725005	0.001178035453	0.0009727307839	0.0009727307839	0.001063780838
	0.001237098362	0.001100071188	0.001387035029	0.001387035029	0.002095348006
	0.00154026455	0.001360858168	0.0008916725888	0.0009054272055	0.0009575038213
	0.0009273813711	0.0009223535605	0.0009179027759	0.0009425392541	0.000896403663
	0.0009078376702	0.0009038407037	0.001080261085	0.004146626415	0.005188599209
	0.004071497538	0.002392975578	0.00298097757	0.004723902949	0.0007148241355
	0.002402035065	0.0009179027759	0.001092732795	0.001266558435	0.001178529083
	0.001556843239	0.001722179237	0.00192013423	0.002087204481	0.002312916817
	0.001401220845	0.001008129158	0.00104312561	0.001100071188	0.001245794958
	0.001365966168	0.001580727588	0.001387035029	0.002095348006	0.001539423309
	0.0009054272055	0.0009575038213	0.0009575038213	0.0009640691346	0.0009728105026
	0.0009640691346	0.0009340649971	0.0009361679038	0.001080261085	0.004418047285
	0.004418047285	0.004418047285	0.002981882342	0.00262346686	0.003742318586
	0.000911224378	0.002198820998	0.002338549315	0.002198820998	0.001006376701
	0.001078263867	0.0009728105026	0.00136940701	0.001168542633	0.001164481103
	0.001545461072	0.001722179237	0.001882277001	0.001882277001	0.002074764635
	0.002589672171	0.00136940701	0.0009875025446	0.001096017404	0.001149356608
	0.001245794958	0.001580727588	0.001580727588	0.001539423309	0.0009623007455
	0.0009623007455	0.0009875025446	0.001006376701	0.001155958426	0.000970552632
	0.0009875510097	0.001077093589	0.004130388922	0.002951307666	0.00419096701
	0.002951307666	0.004130388922	0.005079057093	0.000911224378	0.002369000721
	0.002369000721	0.00201062126	0.0009877739123	0.001155958426	0.0009896900026
	0.001018323724	0.00136940701	0.001367453385	0.001847827658	0.001847827658
	0.002047701643	0.002649417956	0.003070928918	0.001507182454	0.001807929735
	0.001050153315	0.001225096528	0.001225096528	0.001426533324	0.001675624769
	0.0009623007455	0.001050153315	0.001017314679	0.001081292893	0.001155958426
	0.0009875510097	0.001245377273	0.004130388922	0.003390999827	0.002951307666
	0.007928497579	0.006175448529	0.002691389426	0.00176359276	0.002369000721
	0.002369053299	0.001245377273	0.0009876905846	0.001081292893	0.001351558157
	0.001507182454	0.001847827658	0.002047701643	0.002400172336	0.002973140904
	0.003070928918	0.001643587556	0.001807929735	0.001050153315	0.001225096528
	0.00176359276	0.001295272309	0.001432469213	0.0009998114279	0.001085043719
	0.001082191196	0.001081292893	0.001352519992	0.001018585495	0.001351558157
	0.003562246155	0.003390999827	0.003958305251	0.002691389426	0.001848721085
	0.001467169434	0.002616884587	0.002616884587	0.001339562546	0.001117704986
	0.001151171137	0.001632609169	0.001632609169	0.002967534777	0.002050716082
	0.002234000353	0.002514922999	0.002973140904	0.001819278246	0.001085043719
	0.0012366514	0.001467169434	0.001295272309	0.001120344807	0.001163578258
	0.00116281052	0.00115319582	0.001339562546	0.00116281052	0.001495657789
	0.003958305251	0.003562246155	0.00329196567	0.004981613413	0.000752090006
	0.001519961033	0.001519961033	0.002674998632	0.00159475371	0.001200012382
	0.001543122767	0.001373867595	0.001632609169	0.001819278246	0.00329196567
	0.002191208163	0.002191208163	0.002459838825	0.001819278246	0.001163578258
	0.0012366514	0.001371732442	0.001442698759	0.001200012382	0.00116281052
	0.00137506376	0.001271440157	0.001810165823	0.001696611554	0.00329196567
	0.00386835542	0.004284159907	0.002644401605	0.0008111847208	0.001550628716
	0.001442136833	0.00282955064	0.00282955064	0.001200012382	0.001543122767
	0.00137506376	0.003990869174	0.002044195299	0.002998479739	0.002293605593
	0.002347663019	0.002293605593	0.001378415477	0.001442136833	0.001442136833
	0.00142658704	0.00145471197	0.001369423426	0.001544668237	0.001570163006
	0.001810165823	0.001696611554	0.002998479739	0.00386835542	0.004018268692
	0.002172478931	0.002172478931	0.002268973185	0.00282955064	0.002268973185
	0.001491718636	0.001544668237	0.001528855279	0.004094056139	0.00209118962
	0.002622743503	0.002293605593	0.002503832713	0.001564297323	0.001819668547
	0.001541310464	0.001491718636	0.001528855279	0.001727044919	0.001491718636
	0.00209118962	0.001698517869	0.003215885775	0.00351094569	0.004054407267
	0.003111948946	0.002426503702	0.002268973185	0.001701266482	0.00210558486
	0.008142864269	0.00209118962	0.0026411251	0.002849813543	0.001819668547
	0.001973354336	0.001541310464	0.001789844986	0.001727044919	0.001727044919
	0.001789844986	0.002433624963	0.002102379828	0.00339194544	0.004019111749
	0.0002089338464	0.002914459124	0.00210558486	0.002328707745	0.005478363288
	0.00339194544	0.002849813543	0.002849813543	0.002508965404	0.001797396091
	0.001962469435	0.001797396091	0.001789844986	0.002270037571	0.0019463288
	0.002270037571	0.004019111749	0.0001617614656	0.002483824509	0.002483824509
	0.008005145425	0.002849381734	0.002508965404	0.002860004333	0.002305340075
	0.002243076513	0.002620318772	0.003123395122	0.002243076513	0.002345956157
	0.00415896506	0.002665020097	0.002483824509	0.00283001432	0.003111860923
	0.005654965031	0.003206770633	0.003206770633	0.002502952337	0.002243076513
	0.003173142167	0.002345956157	0.002345956157	0.00415896506	0.0003277753134
	0.002629695277	0.002156556645	0.003206770633	0.002502952337	0.002702998275
	0.002702998275	0.006845211657	0.002760554161	0.002156556645	0.003960317838
	0.002760554161	0.003098998814	0.001600690882	0.003022560982	