5884	
	1.999790271	2.000238254	2.000238254	2.00181541	2.000905595
	1.998437179	1.996010306	2.00181541	2.000468992	1.998437179
	1.998437179	1.993631711	2.001558826	2.001558826	2.001791489
	2.001067239	2.000468992	1.99860025	1.993631711	1.993631711
	2.001442626	2.002008973	2.001442626	2.004802257	2.000457822
	2.000765874	2.000765874	1.99624585	1.992041961	2.002482178
	2.004107229	2.001442626	2.004802257	2.008200839	2.005588171
	2.001412045	1.998815428	1.9959053	1.9959053	1.998032291
	1.997647511	2.000667402	1.994314872	2.008200839	2.008135318
	1.997479647	2.005588171	2.008135318	2.005588171	2.001412045
	2.001412045	2.003072714	1.9959053	1.991025305	1.990456973
	2.000570309	1.994740632	1.994314872	1.994314872	2.014263338
	2.005107001	2.023076696	1.99778777	1.982904437	2.007141568
	2.020715892	2.007141568	2.003072714	2.025906068	2.008425662
	1.995777905	1.994110926	1.988112594	1.994740632	1.99778777
	1.989242333	2.003101729	2.025411215	2.025411215	2.036293684
	1.974696688	1.977077602	2.020715892	2.020715892	2.021421786
	2.008425662	2.025906068	2.007485612	2.000351897	1.99265608
	1.988112594	2.003101729	1.996078821	1.97214226	2.028880367
	2.003157016	2.036293684	2.025411215	2.035107579	2.036293684
	2.039914774	1.977077602	1.977077602	2.037290747	2.018726949
	2.017297625	2.053387192	2.037290747	2.000351897	2.019994715
	2.000351897	1.988569555	1.988569555	2.003157016	1.992260586
	1.97214226	2.028880367	2.035107579	2.042403789	2.027354179
	2.056462498	2.056462498	1.967024931	1.952269556	2.072546065
	2.072546065	2.037290747	2.041877558	2.060640215	2.064377236
	2.03821759	2.011614704	2.011614704	2.064377236	1.997759638
	1.983756731	1.984877413	1.96160487	2.006561684	1.993172183
	2.027354179	2.072583699	2.064986744	2.033915682	2.100060209
	2.072583699	1.938455238	1.938455238	2.106066983	2.106066983
	2.100060209	2.051751021	2.064377236	2.03821759	2.027325779
	2.011614704	2.101690381	1.983756731	1.983756731	1.958318966
	1.939308859	1.967736143	1.997195258	2.006561684	2.033915682
	2.09360889	2.033915682	2.064986744	2.128377069	2.101641632
	2.153584573	1.935318289	1.91622813	2.106066983	2.151342013
	2.119245962	2.182383462	2.058820528	2.068153312	2.049985796
	2.049985796	2.012977143	2.101690381	2.101690381	1.991698859
	1.966009226	1.942377994	1.943810558	1.99860461	1.97203711
	2.025593584	2.025593584	2.101641632	2.064416985	2.064416985
	2.153584573	2.119569532	2.153584573	1.935318289	1.91622813
	2.151342013	2.182383462	2.234873662	2.20134402	2.151342013
	2.153601474	2.095442516	2.065350489	2.035496944	2.01176802
	2.114274864	2.120542797	1.983249363	1.983249363	1.942377994
	1.943810558	1.943810558	2.017969496	1.97203711	2.017969496
	2.073046098	2.119569532	2.10135584	2.04042613	2.149830464
	2.119569532	2.145676425	2.227044238	1.909232736	1.878917201
	2.234873662	2.174624415	2.20134402	2.234873662	2.20134402
	2.201621904	2.114274864	2.066864488	2.014381179	2.01176802
	2.114274864	2.156168327	1.972933028	1.972933028	1.899331173
	1.913956212	1.94588793	1.979987792	2.010797865	2.074195549
	2.10135584	2.10135584	2.04042613	2.005051141	2.199631513
	2.199631513	2.145424918	2.227044238	2.271841977	1.878917201
	1.878917201	2.285107853	2.184293197	2.223538414	2.285107853
	2.233001122	2.190475576	2.066864488	2.066864488	2.037537315
	2.034413491	2.103314413	2.184293197	2.001008803	1.91868613
	1.874692988	1.899863311	1.939352575	1.974898091	2.005051141
	2.005051141	2.074195549	2.127616442	2.075613651	2.069081057
	2.199631513	2.194949009	2.157439554	2.272033814	2.291386587
	2.291386587	1.847620049	1.899863311	1.847620049	2.331652316
	2.331652316	2.200249916	2.235075218	2.308904698	2.293670025
	2.257541168	2.257541168	2.104863704	2.037537315	2.037537315
	1.993156343	2.143652943	2.183884991	1.948379449	1.874692988
	1.874692988	1.899863311	1.959613688	1.959613688	2.016715476
	2.026503637	2.122171108	2.122171108	2.069081057	2.221454443
	2.190627994	2.190627994	2.272033814	2.337968927	2.314229737
	1.881565503	1.847620049	1.859018148	1.839877334	2.370921684
	2.370921684	2.401864954	2.364648247	2.331652316	2.311937857
	2.182992044	2.306568944	2.306568944	2.257541168	2.26352658
	2.108581733	2.072510455	2.072510455	1.948379449	2.143236596
	2.195752426	1.948379449	1.841998358	1.809066378	1.946021729
	1.972933078	1.976367697	2.016715476	2.158622355	2.053164877
	2.122171108	2.221358694	2.19110007	2.19110007	2.278204862
	2.364765842	2.278204862	2.357077745	2.397981408	1.900801435
	1.875734767	1.841758453	1.841758453	1.807254239	2.370921684
	2.409373229	2.397981408	2.401059827	2.432447619	2.37327962
	2.353981627	2.195752426	2.338770284	2.338770284	2.27985288
	2.330401338	2.108581733	2.072510455	2.023327049	2.033506115
	2.114174603	2.195752426	1.913491105	1.962111117	1.848791705
	1.846245274	1.975889237	1.99755841	1.975889237	2.062269952
	2.141731906	2.089193296	2.141731906	2.027517536	2.25613777
	2.19110007	2.357077745	2.258343108	2.311083036	2.181386096
	2.408846625	2.396970142	2.382782515	2.364549232	2.397981408
	1.937563849	1.902271288	1.868021418	1.833344938	1.833122369
	1.792314146	2.383779964	2.408846625	2.408846625	2.401059827
	2.409373229	2.401059827	2.432447619	2.37327962	2.415429589
	2.365011493	2.234083111	2.300307041	2.338770284	2.300307041
	2.110332716	2.110332716	2.019360163	2.160381903	2.210343974
	2.019360163	1.913491105	1.962111117	1.848791705	1.819105911
	1.975889237	1.99755841	2.081204856	2.141731906	2.130201123
	2.078811799	2.02406875	2.198221834	2.232148755	2.34882554
	2.258343108	2.237694993	2.208858537	2.333646185	2.333646185
	2.344760871	2.372964983	2.372964983	2.34118726	1.902271288
	1.868021418	1.868021418	1.806386271	1.821504445	1.791748939
	2.11993051	2.368900788	2.368900788	2.458674939	2.458674939
	2.479327703	2.428866177	2.459319233	2.428866177	2.367676208
	2.410665757	2.465786071	2.417512927	2.25114659	2.334747119
	2.367676208	2.367676208	2.110332716	2.019360163	2.25114659
	2.160381903	2.173379162	2.056916409	2.002072638	1.874613434
	1.947319094	1.792929706	1.699312966	1.948249141	1.987323003
	2.130201123	2.078811799	2.078811799	2.02406875	2.02406875
	1.746670817	2.060291199	2.198221834	2.310132051	2.237694993
	2.308012638	2.237694993	2.169104296	2.341012276	2.306561088
	2.306561088	2.372964983	2.310132051	1.90528229	1.865983011
	1.821504445	1.792798315	1.792798315	1.769595191	2.663626604
	1.795998885	2.212491516	2.32375237	2.368900788	2.458674939
	2.510048192	2.510048192	2.465786071	2.497202882	2.417512927
	2.410665757	2.465786071	2.417512927	2.25114659	2.334747119
	2.385033144	2.113816311	2.116330606	2.221937918	2.278749467
	2.221937918	2.056891673	2.002072638	1.85423382	1.85423382
	1.76687057	1.699312966	1.903216146	1.979882407	2.177251878
	2.130598089	2.070030011	2.046754092	2.009975425	2.551278623
	1.625248294	2.060291199	2.206411284	2.321123026	2.308012638
	2.230489378	2.258226673	2.177251878	2.177251878	2.306561088
	2.206411284	2.323424049	2.220392688	2.332559972	1.903216146
	1.852584821	1.833304961	1.792798315	1.78871813	1.769595191
	2.892592934	2.212491516	2.32375237	2.390074485	2.390074485
	2.474604843	2.493522396	2.493321713	2.493321713	2.502416305
	2.425767716	2.456863725	2.373852929	2.385033144	2.373852929
	2.116330606	2.105347042	2.318413749	2.217403294	2.056891673
	1.976636998	1.76687057	1.904572969	1.76687057	1.736988635
	1.90274937	1.922210567	2.064682939	2.140953181	2.064682939
	2.01481652	1.975332795	2.551278623	1.573216991	2.023042078
	2.068810979	2.245080944	2.255496252	2.173197756	2.116707233
	2.176404816	2.24856126	2.220392688	2.220392688	2.176404816
	1.852584821	1.875889593	1.852584821	1.80236121	1.762120485
	1.77307157	1.762120485	3.097473015	2.092790221	2.47167076
	2.47167076	2.493675177	2.514175402	2.53713388	2.495221776
	2.456863725	2.432785454	2.456863725	2.362304403	2.400604389
	2.371751992	2.280480781	2.105347042	2.105347042	2.217403294
	2.045965474	2.049398494	1.904572969	1.834043287	1.888130569
	1.736988635	1.714917806	1.875889593	1.90274937	1.944110654
	2.064682939	2.116707233	2.074636672	2.01481652	1.98648845
	1.9669378	2.340064856	1.54519053	2.068810979	2.068810979
	2.207898484	2.103512329	2.176404816	2.207898484	2.18040531
	2.152665911	1.875889593	1.86114711	1.80236121	1.80236121
	1.764346612	1.744070857	1.726886089	3.444857962	2.258515978
	2.47167076	2.493675177	2.493675177	2.495221776	2.540811574
	2.495221776	2.478782786	2.475037446	2.400604389	2.572361739
	2.280480781	2.381694555	2.381694555	2.280480781	2.43499801
	2.160264416	2.224639204	2.02551593	2.096916531	1.964153566
	1.79886944	1.79886944	2.045639616	1.797813684	1.687132174
	1.847396005	1.944110654	2.045639616	2.103512329	2.027634831
	2.002851364	1.950830625	1.9669378	2.524815304	1.545467207
	1.930382302	2.028093818	2.097845255	2.043280635	2.097845255
	2.038821461	2.186471712	2.152665911	1.847396005	1.842643939
	1.80761957	1.829233564	1.778674328	1.744070857	1.744070857
	1.719023175	3.378979037	2.29575185	2.62438192	2.621424967
	2.606327615	2.583122863	2.606327615	2.474090683	2.478782786
	2.544526319	2.546780396	2.224639204	2.328708399	2.381694555
	2.413457894	2.096916531	2.227453636	2.024945143	2.096916531
	1.964153566	2.151428574	1.79886944	1.87053237	1.671479142
	1.547040511	2.043280635	1.887334179	1.863500331	2.027634831
	2.048715563	1.96152907	1.938424028	1.903968155	2.524815304
	1.52756806	1.930382302	2.038821461	2.097845255	2.043280635
	2.084260622	2.081333838	1.829233564	1.830715885	1.788397414
	1.781793613	1.829233564	1.778674328	1.719023175	1.731933577
	1.754856025	2.474090683	3.670281868	2.486214641	2.648559148
	2.683554359	2.606327615	2.595014955	2.472320686	2.546780396
	2.348382607	2.462681657	2.328708399	2.344656772	2.328708399
	2.227453636	2.092586659	2.017911162	1.941193778	2.092586659
	1.769645417	1.769645417	1.655145662	1.655145662	2.008366531
	2.019054286	1.873529762	1.96152907	1.96152907	1.938424028
	1.860036537	2.438225711	1.582161672	1.975333005	2.043575138
	2.081333838	2.023470489	1.849100864	1.849100864	1.781793613
	1.778540725	1.781793613	1.813249062	1.739974219	1.754856025
	1.751501351	1.754856025	2.480760825	2.522504286	3.965881806
	2.802320475	2.737286768	2.737286768	2.595014955	2.595014955
	2.591659996	2.392930412	2.453636039	2.534452403	2.290720045
	2.290720045	2.224328093	2.092586659	2.010819234	1.858208899
	2.224328093	1.761777992	1.858208899	1.647272085	1.531731356
	1.94004806	1.987195852	1.925863854	1.826295953	1.94004806
	1.89752001	2.438225711	1.919603216	1.956950347	1.956950347
	1.987195852	1.799539548	1.849100864	1.769436922	1.778540725
	1.755930213	1.755930213	1.760402163	1.765249384	1.741962686
	1.709328032	1.731568962	1.757918446	2.591659996	3.965881806
	2.724613791	2.737286768	2.811458993	2.691414967	2.691414967
	2.453636039	2.534452403	2.534452403	2.481895888	2.366346348
	2.290720045	2.224328093	2.072579195	2.010819234	1.855061544
	2.073166351	1.757019913	1.855061544	1.757019913	1.528302041
	1.94004806	1.925863854	1.925863854	1.822657109	1.823553293
	1.870630782	2.802125817	1.902289415	1.923078982	1.956950347
	1.907596721	1.822657109	1.799203241	1.799203241	1.822657109
	1.739097979	1.755930213	1.765249384	1.767115925	1.738749075
	1.730555063	1.742686665	1.731568962	1.731568962	1.762914652
	2.641456241	2.708094486	3.974921744	2.734754732	2.811458993
	2.77006366	2.77006366	2.389860755	2.422922889	2.481895888
	2.641456241	2.272944899	2.348830667	2.221961649	2.089810607
	2.089810607	2.014073183	2.089997481	1.757019913	1.848062842
	2.012573625	1.64815857	1.645113312	1.923078982	1.886284396
	1.889905837	1.786231085	1.870630782	1.886284396	2.706618517
	1.931519554	1.868291127	1.931519554	1.868291127	1.767115925
	1.797148659	1.799203241	1.749820511	1.739097979	1.73275664
	1.743478397	1.738749075	1.727251298	1.733904094	1.730555063
	1.739690726	1.745987196	1.739690726	1.762914652	1.762914652
	2.660648046	2.712828268	2.81682078	4.411941686	3.186562188
	2.858436838	2.81682078	2.422922889	2.422922889	2.570872384
	2.566009927	2.404946321	2.335453009	2.31131831	2.233931145
	2.012573625	2.087706529	2.012573625	2.087706529	1.856136231
	1.760191507	1.938118573	1.667736267	1.667736267	1.915576915
	1.848086265	1.770662417	1.786231085	1.848086265	2.737610383
	1.931519554	1.868291127	1.906129112	1.743486099	1.745262481
	1.749820511	1.773823922	1.743478397	1.743478397	1.707452037
	1.720956242	1.732891267	1.708993327	1.745568133	1.753790525
	1.710337779	1.754225851	1.754225851	2.712828268	2.785279854
	2.962036008	4.483111645	3.255610016	2.962036008	2.465244113
	2.575580142	2.561955902	2.758560229	2.382729391	2.307537169
	2.233931145	2.017146249	2.087706529	2.16611522	2.170145534
	2.170145534	1.766434266	1.865017796	1.866602974	1.667736267
	1.766434266	1.691603074	1.691603074	1.849059512	1.789952359
	1.770662417	1.806034424	2.737610383	1.900973971	1.906129112
	1.849059512	1.732891267	1.695757287	1.804571613	1.772621854
	1.74021622	1.697718403	1.707452037	1.746666504	1.730732427
	1.697718403	1.720956242	1.720956242	1.754502329	1.719343416
	1.728376431	1.728376431	1.724086494	1.753474106	1.75690694
	1.757834524	1.720598577	2.789734802	2.785279854	3.160730492
	4.763620237	3.154843015	2.465244113	2.561955902	2.561955902
	2.789734802	2.575580142	2.307537169	2.30186126	2.303902069
	2.022155523	2.086263448	2.159429375	2.24373001	1.766434266
	2.036820371	1.885424694	1.885424694	1.822187148	1.822187148
	1.719409333	1.849059512	1.863567884	3.161031767	1.912333944
	1.937068857	1.695757287	1.783177022	1.695757287	1.757948088
	1.74021622	1.697718403	1.720480231	1.711007505	1.702195002
	1.702195002	1.757196186	1.757834524	1.719343416	1.728376431
	1.720480231	1.729857699	1.756407818	1.75136073	1.757834524
	2.789734802	3.036639272	3.154843015	4.763620237	2.47457441
	2.78437268	2.58222084	2.87954644	2.78437268	2.30186126
	2.30186126	2.24373001	2.036820371	2.159429375	2.159429375
	2.136319874	2.253186933	1.976444588	2.036820371	1.885424694
	1.863567884	1.615086959	1.82536451	1.848486361	1.848486361
	1.937068857	1.783177022	3.219873235	2.005689624	1.746140529
	1.79255179	1.79255179	1.740320442	1.709108631	1.73634724
	1.711007505	1.711007505	1.727459482	1.758596295	1.747063584
	1.771166788	1.723978619	1.721018728	1.748834533	1.723978619
	1.736709041	1.753398625	3.036639272	3.036639272	4.751983789
	2.47457441	2.780788146	2.47457441	2.67361499	2.926492373
	2.392817375	2.393748871	1.976444588	2.036809501	2.187230965
	2.260494847	2.140251359	2.201715611	1.996270541	1.79227854
	1.75659746	2.040205205	1.848486361	1.757791771	1.764138462
	2.037769792	1.967711869	1.868610046	3.237706321	1.704482773
	1.709108631	1.79255179	1.787280322	1.744605817	1.709108631
	1.73634724	1.721018728	1.727459482	1.774634647	1.784775606
	1.773703672	1.778094467	1.721018728	1.748834533	1.770047548
	1.783193102	1.720881342	2.926492373	3.276043842	4.751983789
	2.392817375	2.572586112	2.780788146	2.571513227	3.089579593
	2.392817375	2.32858227	2.402672451	2.095383302	2.260494847
	2.187230965	2.222575917	2.222575917	2.095383302	2.11381768
	1.832455471	1.832455471	1.917857173	2.043798006	2.057988789
	1.776562878	1.781871614	1.781871614	1.780033039	1.967711869
	1.967711869	1.850553184	3.309624251	1.744584868	1.738084045
	1.844272541	1.787280322	1.749085475	1.750614344	1.711027533
	1.711027533	1.765729604	1.743709021	1.775881619	1.774634647
	1.774634647	1.784775606	1.800272942	1.784215575	1.776695694
	1.784215575	1.794687942	1.804425003	3.31341256	3.31341256
	5.017304157	2.585024515	2.934366535	2.693518709	2.934366535
	3.083754342	2.402672451	2.356009675	2.585024515	2.221477638
	2.293981394	2.221477638	2.356009675	2.177829875	2.177829875
	1.878305217	1.878305217	1.956627879	2.081067642	2.121432002
	2.084106252	1.80691052	1.765494203	1.781871614	1.777066819
	1.81226019	1.964738787	1.874892928	1.964738787	3.67378588
	1.730797185	1.738084045	1.777058923	1.913620426	1.868672806
	1.736224676	1.773794893	1.773794893	1.780494097	1.795599409
	1.788808596	1.800272942	1.794687942	1.800356531	1.798351699
	1.755797787	1.790449716	1.826739584	3.31341256	6.088160495
	2.585024515	2.807794355	2.934366535	2.807794355	3.083754342
	2.503217118	2.503217118	2.221477638	2.250611048	2.375626736
	2.293981394	2.474514182	2.203653681	1.867234461	1.878305217
	1.883282505	2.118548144	2.171600387	2.171600387	1.812403285
	1.836389719	1.805844992	1.816110366	1.846263142	1.836610426
	1.964738787	2.065735579	3.330504217	1.777058923	1.777058923
	1.953613342	1.868672806	1.797251393	1.826739584	1.798976388
	1.795599409	1.795599409	1.763113003	1.846758735	1.86331332
	1.863696993	1.863696993	1.832987809	1.838113329	1.826739584
	1.832987809	1.81878238	1.841932726	3.095405595	4.815176319
	2.585651458	2.803442355	2.807794355	2.792475292	3.105853454
	2.503217118	2.271945784	2.341455257	2.288888086	2.375626736
	2.474514182	2.271945784	2.271945784	2.586737321	1.929106641
	2.032535668	2.032535668	2.092314526	2.202444173	2.202444173
	1.824282025	1.836389719	1.862521806	1.850210874	1.836610426
	1.864172108	1.864172108	1.882477948	2.065735579	3.330504217
	1.842869715	1.797231121	2.04218379	1.840195637	1.798976388
	1.797231121	1.840195637	1.846758735	1.878704287	1.896915676
	1.926736542	1.880419563	1.880419563	1.841932726	1.855935465
	1.903641349	1.864690434	3.151792307	4.795242039	2.79789903
	2.779763061	2.779763061	2.889618602	2.485248087	2.586737321
	2.340270304	2.373312324	2.391431628	2.485248087	2.257999833
	2.340270304	2.586737321	2.709191321	2.032202594	2.032202594
	2.032535668	2.175974892	2.175974892	2.202444173	2.27077881
	2.358174083	1.870527448	1.88888937	1.91842519	1.831731242
	1.868535994	1.899300327	1.879011591	1.91842519	1.951611876
	1.963107789	1.951611876	1.882477948	1.864172108	1.916957633
	1.882477948	2.04218379	3.234481113	1.908503106	1.855692159
	1.967133641	1.838066145	1.840195637	1.873755459	1.812756578
	1.902693514	1.947903857	1.926736542	1.896915676	1.971392349
	1.880419563	1.893628755	1.903641349	1.94409366	3.089209183
	4.628973287	2.761378306	2.863130959	2.979996679	2.485248087
	2.579212002	2.445986286	2.445986286	2.495570381	2.505983758
	2.312896322	2.579212002	2.632104884	2.590658869	2.166038723
	2.032202594	1.988945185	2.166038723	2.175974892	2.334410422
	2.253080247	2.312896322	2.358174083	2.370096231	1.895049186
	1.910977852	1.920454238	1.879011591	1.878565531	1.920916951
	1.895049186	1.993977679	1.975790404	1.982389305	1.997041246
	1.935700575	1.963107789	1.949579104	1.963107789	1.996985033
	1.993977679	1.939661419	1.916957633	1.916957633	1.963056853
	1.980376784	3.336733455	1.854813906	1.925765253	1.925765253
	1.865177627	1.873755459	1.873755459	1.883327855	1.939661419
	1.947903857	1.99862992	1.971392349	1.957222604	1.950981862
	1.957222604	1.94409366	3.107356234	4.628973287	2.863130959
	2.761378306	2.979996679	2.559960587	2.445986286	2.490060725
	2.559960587	2.670885618	2.670885618	2.598201578	2.198816614
	2.200110394	2.162376194	2.131546556	2.351698754	2.236529495
	2.315898618	2.315898618	2.370096231	2.458022736	2.370096231
	1.895049186	1.910977852	1.926117987	1.892877372	1.949719951
	1.970748857	1.939376396	1.993977679	1.987661513	1.993497054
	1.983221435	1.949579104	1.973973605	1.951920615	2.003899116
	2.003899116	2.000835716	2.000811634	2.001808614	1.993052027
	1.997139916	1.993050484	1.979665508	1.978831478	1.978831478
	1.951403717	3.109400909	1.865177627	1.925765253	1.865177627
	1.884229384	1.953986805	1.921022983	2.001911382	1.993050484
	2.042093008	2.020185054	1.957222604	1.995536373	2.011710159
	3.044962701	4.582279602	2.858429109	2.730434416	2.834482595
	2.559960587	2.458022736	2.490060725	2.682749741	2.598201578
	2.598201578	2.198816614	2.198816614	2.233369139	2.203779692
	2.178880225	2.351698754	2.351698754	2.331210566	2.331210566
	2.493739041	2.413053587	2.461074933	1.956563403	1.956563403
	1.947920709	1.949719951	1.982353651	1.970748857	1.950432921
	1.997930381	1.988015795	1.988015795	1.984804508	1.967933444
	1.967933444	1.996903896	2.000835716	1.999761624	2.001808614
	2.001956676	2.000509971	2.001956676	1.997897174	1.997139916
	1.998680545	1.993050484	1.995400826	1.978831478	2.005053437
	1.899285089	3.109400909	1.916539093	1.907282092	1.916539093
	1.995536373	2.007321645	2.007321645	1.959182683	2.020185054
	2.042093008	2.017561735	2.042093008	2.059668586	2.059668586
	1.998950175	2.834482595	4.391030104	2.751267392	2.730434416
	2.748223708	2.624560905	2.538447417	2.624560905	2.582207328
	2.414910089	2.648079005	2.324479528	2.299024406	2.241415113
	2.207770467	2.228656246	2.219441244	2.406015997	2.338409223
	2.331210566	2.538447417	2.467116107	2.470449762	1.956563403
	1.98878266	1.98878266	1.982353651	1.982353651	2.035115751
	1.977746591	1.999842401	1.999842401	1.984804508	1.976642719
	1.98432264	1.996903896	1.998680545	1.99779888	1.998654037
	1.999513355	2.001956676	1.999444495	2.004693291	1.998680545
	2.030286677	2.035115751	2.072177734	1.740660108	2.986228232
	1.916539093	1.960961204	1.959182683	2.051034113	2.007321645
	2.015827565	2.073471655	2.05156932	2.093589644	2.093589644
	2.059668586	2.077640838	2.658888339	3.919872279	2.722938173
	2.630837757	2.748223708	2.582207328	2.547843765	2.566010069
	2.531590301	2.434948155	2.434948155	2.605389303	2.324479528
	2.324479528	2.299024406	2.30718879	2.228656246	2.219441244
	2.219441244	2.630837757	2.406015997	2.391840997	2.547843765
	2.496834826	2.508135632	1.977746591	2.01303844	1.993163679
	2.081679889	2.051741256	1.989892172	2.051741256	1.999847899
	1.999842401	1.996472362	1.996472362	2.01746454	2.009680253
	2.004280617	2.002948761	1.998654037	1.998654037	2.004801647
	2.001469666	2.001469666	2.004693291	2.005456462	2.009680253
	2.072177734	2.072177734	1.740660108	2.699483635	1.990319025
	1.951571729	1.990319025	2.09692176	2.051034113	2.023126897
	2.106043135	2.122085942	2.111794379	2.118781211	2.157010824
	2.12919336	2.658888339	3.651280715	2.630837757	2.588254131
	2.566010069	2.566010069	2.417673322	2.508135632	2.474074486
	2.474074486	2.573462856	2.392428337	2.392428337	2.35173013
	2.334779295	2.335762219	2.315300771	2.316339347	2.572652767
	2.439765176	2.439765176	2.537529213	2.502082099	2.508135632
	2.012236687	2.12216917	2.01303844	2.014039953	2.084377966
	2.051741256	2.033942667	2.033942667	2.012236687	2.030600005
	2.035279763	2.01746454	2.021397957	2.024799898	1.994525475
	1.998556712	2.006270833	1.998556712	2.005456462	2.013353707
	2.021397957	2.013353707	2.122085942	1.951571729	3.013939802
	1.990319025	1.902895898	2.016331069	2.12919336	2.09692176
	2.054749129	2.149356707	2.14508487	2.111794379	2.188728912
	2.188728912	2.168244101	2.664415082	3.565244017	2.638293176
	2.588254131	2.549272809	2.533236639	2.528996729	2.474074486
	2.456840981	2.456840981	2.549272809	2.391846071	2.392428337
	2.35173013	2.35173013	2.334779295	2.315300771	2.359428
	2.315300771	2.499626864	2.439765176	2.537529213	2.526566749
	2.511704731	2.526566749	2.151840287	2.151840287	2.027742358
	2.032866674	2.12216917	2.069997935	2.069997935	2.093000818
	2.06176474	2.065889811	2.168230669	2.035279763	2.065921961
	2.035279763	2.021397957	1.994647453	1.999609567	2.003496884
	2.009452062	2.027465566	2.015887972	2.024798187	2.024798187
	2.183821662	1.902895898	2.72958126	2.016331069	1.859059907
	2.016331069	2.08694821	2.167021299	2.167021299	2.081690923
	2.183821662	2.191541242	2.220501332	2.233923666	2.200320466
	2.409541599	3.323434503	2.499626864	2.491396336	2.533236639
	2.533236639	2.499598146	2.463872824	2.477953768	2.482370924
	2.448383775	2.395006083	2.395006083	2.414880073	2.400254479
	2.395114291	2.401061188	2.359428	2.482370924	2.472359948
	2.448383775	2.509941562	2.526566749	2.499598146	2.485362235
	2.505744739	2.209245264	2.168230669	2.042952862	2.042952862
	2.153857322	2.069997935	2.093000818	2.152141075	2.054166933
	2.054166933	2.079114241	2.06847982	2.054519146	1.999609567
	2.001261651	2.010795785	2.006431979	2.034839592	2.027465566
	2.025018538	2.025018538	2.209245264	2.223865371	1.554297633
	2.72958126	1.975329048	1.880384488	2.100170689	2.241878228
	2.177978708	2.210125181	2.223865371	2.220501332	2.220501332
	2.24137149	2.238550418	3.047367177	2.379418745	2.379418745
	2.518721505	2.461712963	2.493946252	2.477953768	2.482370924
	2.437013494	2.419739266	2.419739266	2.439758299	2.432609564
	2.430893314	2.395114291	2.429848958	2.430552874	2.473788998
	2.457624522	2.466202166	2.513255997	2.518721505	2.513255997
	2.488189202	2.47488125	2.482366509	2.209245264	2.191414286
	2.078269406	2.152141075	2.138311311	2.178803981	2.178803981
	2.099849416	2.077303873	2.131031917	2.099849416	2.068711592
	2.001261651	2.001261651	2.064043043	2.020920115	2.032074859
	2.025018538	2.271248381	2.263494288	2.263494288	1.469657628
	2.541473637	1.975329048	1.926910241	2.071122057	2.24137149
	2.210125181	2.197117426	2.284769551	2.282682993	2.24137149
	1.955467057	3.047367177	2.379418745	2.20209229	2.449258775
	2.474377104	2.479598096	2.412284626	2.457546506	2.457546506
	2.456738927	2.464790234	2.460885762	2.430893314	2.430893314
	2.459173362	2.30398462	2.46603251	2.476239564	2.46603251
	2.513255997	2.449258775	2.477949136	2.461559534	2.461559534
	2.482366509	2.26444689	2.251717052	2.09890517	2.09890517
	2.203892769	2.169005487	2.191881508	2.099849416	2.143506784
	2.135420662	2.086425239	2.004507322	2.006354168	2.006354168
	2.064043043	2.064043043	2.020920115	2.032074859	2.271248381
	2.325825609	2.325825609	2.271248381	1.926910241	2.320899903
	2.028897041	1.965982272	2.226353806	2.276154755	2.268524381
	2.226353806	2.284769551	2.312519201	2.312519201	2.20209229
	2.682016502	2.219673682	2.219673682	2.402271111	2.466147562
	2.464723095	2.366756244	2.476239564	2.477531125	2.500990189
	2.484152713	2.507125626	2.483598823	2.498866537	2.495228453
	2.30398462	2.456112175	2.469728481	2.476239564	2.453099523
	2.433130918	2.387450358	2.461559534	2.43848924	2.422727344
	2.464723095	2.43481577	2.251717052	2.233093401	2.09890517
	2.143198695	2.164545163	2.231105723	2.191881508	2.191881508
	2.164545163	2.086425239	2.103334246	2.005883515	2.006354168
	2.013596222	2.021812322	2.062637986	2.051874906	2.026497684
	2.311186808	2.314500948	2.340956889	2.351698323	1.965982272
	2.452319671	2.135939822	1.965982272	2.226353806	2.276154755
	2.292130126	2.292130126	2.312519201	2.320250118	1.859684117
	2.595866913	2.219673682	1.996447603	2.366756244	2.466147562
	2.366756244	2.469728481	2.477531125	2.484152713	2.537828727
	2.531821221	2.483598823	2.553858664	2.483598823	2.477831112
	2.481231024	2.233198803	2.453099523	2.469728481	2.453099523
	2.423077271	2.395528139	2.340961315	2.404251807	2.395528139
	2.380572062	2.3985471	2.43481577	2.304621252	2.252090231
	2.252090231	2.110196288	2.143198695	2.18075385	2.201274024
	2.201274024	2.127609608	2.103334246	2.083438335	2.083438335
	2.008194737	2.008194737	2.0158439	2.0158439	2.070462863
	2.048318498	2.060007521	2.304621252	2.35134571	2.334546079
	2.384657632	2.351698323	1.539535638	2.388819655	2.055334083
	2.079957723	2.223452639	2.326883916	2.354843787	2.352552645
	2.348348092	2.393872858	2.384932196	1.996447603	2.595866913
	2.035651281	2.035651281	2.220309639	2.217169052	2.437018705
	2.47484602	2.492063985	2.498999434	2.551627957	2.578482428
	2.578482428	2.575544987	2.497614255	2.499735198	2.481231024
	2.481231024	2.042485854	2.423077271	2.459053156	2.437018705
	2.423077271	2.395528139	2.336265225	2.328039291	2.355174952
	2.380572062	2.3985471	2.343423974	2.319278197	2.282856799
	2.243292103	2.282856799	2.168454599	2.18075385	2.18075385
	2.135761166	2.135761166	2.09024451	2.343237023	2.008397432
	2.008397432	2.0158439	2.025814277	2.046080306	2.046080306
	2.09024451	2.384657632	2.35134571	2.368081446	2.396061172
	2.396061172	1.646311802	2.604149832	2.223452639	2.223452639
	2.362432114	2.393872858	2.420455821	2.393872858	2.406179222
	1.906061886	1.906061886	2.646850667	2.042485854	2.124125699
	2.217169052	2.432039671	2.448076588	2.500726823	2.506438526
	2.635210334	2.578482428	2.624544024	2.575544987	2.575544987
	2.502773924	2.459053156	1.987604903	2.124125699	2.402976248
	2.459053156	2.402976248	2.349549938	2.318488632	2.221199568
	2.118164932	2.221199568	2.318488632	2.338397642	2.294945053
	2.343423974	2.343423974	2.311760675	2.282856799	2.253621323
	2.253621323	2.193604656	2.220576712	2.135761166	2.183520609
	2.09024451	2.368081446	2.347146517	2.003263428	2.005783234
	2.017153409	2.046080306	2.059507473	2.059507473	2.115383382
	2.423249529	2.368081446	2.396061172	2.42664577	2.106544568
	2.76418135	2.170853625	2.170853625	2.362432114	2.406179222
	2.440029523	2.422193822	2.436478037	2.440029523	1.906061886
	1.90399298	2.442551847	1.987604903	2.124125699	2.376064712
	2.540946341	2.540946341	2.659741222	2.659741222	2.664166216
	2.58441548	2.5672187	2.513476317	2.454474257	2.481410195
	1.987604903	2.046134765	2.34919066	2.349549938	2.454474257
	2.396769713	2.376064712	2.34919066	2.345412184	2.253251638
	2.118164932	2.221199568	2.118723694	2.286196893	2.320903198
	2.171681473	2.271049625	2.271049625	2.311760675	2.272043304
	2.247582223	2.220866382	2.220866382	2.141171861	2.199482281
	2.155532824	2.364716642	2.347146517	2.000069982	2.017153409
	2.017153409	2.035546901	2.061094523	2.063552222	2.115383382
	2.428121396	2.431902306	2.431902306	2.426498732	1.786694654
	2.840093023	2.21946787	2.332385379	2.347872744	2.452929699
	2.451770523	2.439768069	2.451770523	1.409805599	1.739964854
	2.239134339	1.801488878	1.94596363	2.540946341	2.551368333
	2.719938462	2.659741222	2.656364992	2.624433675	2.624433675
	2.616322075	2.571147915	2.545529456	2.46285224	2.454474257
	2.403554619	1.92326056	1.941437564	2.325879446	2.314086587
	2.337562331	2.338116395	2.317317343	2.220795368	2.049059654
	2.180772626	2.180772626	2.171681473	2.23371733	2.171681473
	2.271049625	2.214209849	2.299172291	2.272043304	2.247582223
	2.247582223	2.209585375	2.155532824	2.155532824	2.365416357
	2.365416357	2.001669347	2.001669347	2.035546901	2.035546901
	2.061094523	2.089203584	2.127388181	2.431902306	2.432218294
	2.432218294	1.786694654	3.206633682	2.309320864	2.322343282
	2.460896867	2.44545719	2.451770523	2.505840939	2.498602754
	1.382217633	1.782912172	2.148389346	1.845752635	1.941437564
	2.545529456	2.783587642	2.783587642	2.717936431	2.776639394
	2.713568161	2.486164381	2.616322075	2.550410196	2.550410196
	2.403554619	2.403554619	2.335187172	1.790031186	1.774070822
	2.265712973	2.317317343	2.338116395	2.338116395	2.169416537
	2.169416537	2.049059654	2.049059654	2.118646545	2.111933272
	2.111933272	2.151690033	2.151690033	2.139001824	2.190137188
	2.329444856	2.246023488	2.246023488	2.163239727	2.383715767
	2.398693133	2.367358798	1.986587802	1.993799558	2.008696482
	2.026789078	2.089203584	2.089203584	2.171993041	2.46055179
	2.484773609	2.433224031	2.449248315	1.934296876	3.206633682
	2.309320864	2.468536732	2.450705842	2.504671951	2.498602754
	2.56777732	1.350331485	1.624844217	2.148389346	1.673111145
	1.796541276	2.439140635	2.155938855	2.886102437	2.783587642
	2.78812774	2.776639394	1.856373274	2.713568161	2.706936643
	2.490413861	2.595351789	2.538530339	2.394572678	2.365466972
	2.335187172	1.790031186	1.790031186	2.155938855	2.249132934
	2.268956919	2.169416537	2.049670627	2.070267411	1.893010715
	2.034800721	2.044878767	2.036333807	2.151690033	2.070267411
	2.23770736	2.283608656	2.246023488	2.171993041	2.386893087
	2.373537126	2.289512423	1.982107638	1.982107638	1.989600708
	2.026789078	2.063852334	2.138217492	2.143235546	2.388549602
	2.490206437	2.507592593	2.488567395	2.154168269	3.484373168
	2.468536732	2.468536732	2.581820532	2.55765584	2.575828311
	2.557208921	2.581603079	1.359234787	1.673111145	2.147572954
	1.673111145	1.796541276	1.856373274	2.155938855	2.180027847
	2.840460548	2.885720504	2.885720504	2.768552365	2.706936643
	1.893010715	2.59875378	2.59875378	2.394572678	2.538530339
	2.538530339	2.326681997	2.282408848	2.282408848	1.703130365
	1.62058208	2.091857641	2.180027847	2.036753029	1.994715003
	2.036753029	1.982827587	1.982827587	1.922260525	1.962667633
	1.94762797	1.97611157	2.227224932	2.252248023	2.227224932
	2.337793503	2.388549602	2.289512423	2.388549602	1.967060308
	1.989600708	1.989600708	2.057591875	2.057591875	2.102808579
	2.14355651	2.557208921	2.428409479	2.428409479	2.154168269
	4.412772176	2.637860691	2.581820532	2.581820532	2.575828311
	2.557208921	2.502445119	2.538950672	2.632863706	1.284765222
	1.525197996	2.336759749	1.614842311	1.703130365	1.786829305
	1.745226646	2.061025937	2.214219244	2.326681997	3.029831303
	2.986064868	2.97190304	2.97190304	2.728983998	2.705124918
	1.922260525	2.59875378	2.363320176	2.463816338	2.326681997
	2.189568755	2.107906693	1.61460861	1.574044691	2.053431746
	2.019833306	2.036753029	1.97746821	1.909912259	1.97611157
	1.935901976	1.922260525	1.920481103	1.97611157	1.738153519
	2.396362979	2.181431726	2.227224932	2.337793503	2.283757233
	2.396362979	1.950020973	1.975459796	1.975459796	2.005665133
	2.005665133	2.14355651	2.14355651	2.441232244	2.428409479
	2.512174412	2.637860691	3.765428373	2.5931534	2.685081083
	2.618866362	2.538950672	2.508382796	2.508382796	2.648409826
	1.320462767	1.525197996	2.128866999	1.574044691	1.645430291
	1.645800325	1.738153519	2.053431746	2.141702895	2.265244599
	2.265244599	1.548900308	3.995199378	3.060137214	3.20547329
	2.867495847	3.060137214	2.631640503	2.631640503	2.523045501
	1.812535566	2.463816338	2.189568755	2.189568755	2.012193482
	2.012193482	1.574044691	2.053431746	1.973285675	1.952234574
	1.9637005	1.916365067	1.909912259	1.839042921	1.886635757
	1.871166596	1.793133087	1.885240231	1.738153519	2.388122664
	2.234309089	2.234309089	2.275129428	2.281000483	2.358942475
	1.908606364	1.905032359	1.942374696	2.005665133	1.988144664
	2.089175933	2.193631454	2.193631454	2.421303562	2.421303562
	2.478954039	2.755071472	3.765428373	2.783159075	2.685081083
	2.818337759	2.648409826	2.564713659	2.478954039	2.508382796
	2.693787341	1.320462767	1.525872218	2.128866999	1.527403354
	1.600392111	1.645800325	1.645800325	1.600392111	2.265244599
	2.296442222	1.793133087	1.548900308	2.523045501	3.995199378
	3.995199378	3.060137214	3.195172079	2.63918324	2.856158372
	2.631640503	2.326455058	1.699618767	2.296442222	2.084032651
	2.075721417	1.985240927	1.939035268	1.939035268	1.527403354
	1.889624501	1.863313602	1.848306598	1.828306323	1.916365067
	1.839042921	1.839042921	1.866363031	1.817350054	1.793133087
	1.624755859	2.358942475	2.262410791	2.262410791	2.358942475
	1.844016532	1.844016532	1.942374696	1.988144664	2.033996264
	2.033996264	2.200830664	2.144082587	2.421303562	2.478954039
	2.793074774	4.237754654	2.783159075	2.809192375	2.461637795
	2.809192375	2.612866301	2.612866301	2.572698806	2.515930781
	2.660723818	1.417145479	1.525872218	2.258723001	1.48514936
	1.600392111	1.537693956	1.49574307	1.529424992	1.479810435
	2.296442222	1.708319487	1.511859622	2.389711321	4.715159196
	3.478649958	3.190143066	2.856158372	2.776884874	2.495450902
	2.570891599	2.495450902	2.389711321	2.326455058	1.645822996
	2.178815329	2.035143312	1.999707113	1.999707113	1.957860158
	1.939035268	1.823307716	1.424372993	1.416709867	1.889624501
	1.791994993	1.769195777	1.828306323	1.805803771	1.767186691
	1.742717745	1.686135521	1.783625617	1.645822996	1.672286753
	1.686135521	1.624755859	1.49574307	2.370857527	2.332462783
	2.255297058	1.844016532	1.924960511	1.976086795	2.255297058
	1.976086795	2.017960412	2.084818183	2.084818183	2.328896293
	2.316408454	2.793074774	4.237754654	2.956781609	2.961866602
	2.461848324	2.486243662	2.694467192	2.612866301	2.518175483
	2.694467192	1.361526199	1.482077809	2.258723001	1.424372993
	1.46604011	1.451624076	1.49574307	1.479810435	2.791269446
	2.791269446	2.396371511	2.495450902	2.443553294	2.331562735
	2.203107302	2.160351238	1.565544303	2.012882698	2.038586151
	1.999707113	1.852594943	1.801861758	1.802355944	1.416709867
	1.416709867	1.406194084	1.791994993	1.769195777	1.769195777
	1.728555913	1.73342923	1.742717745	1.625136041	1.686135521
	1.649016735	1.522389671	1.672286753	1.522389671	1.366925421
	2.328896293	2.255297058	1.805525148	2.201123965	1.824130467
	1.957963221	2.201123965	2.017960412	2.011678707	2.084818183
	2.404495574	2.316408454	2.316408454	3.304414314	4.89328072
	2.956781609	2.857650293	2.545309245	2.404495574	2.780484145
	2.545309245	2.718891966	1.323058558	1.414570951	2.425296034
	1.414570951	1.4182959	1.406194084	1.398078751	2.396371511
	2.140167503	2.284838292	2.443553294	2.106346318	2.140167503
	1.565544303	1.9215461	1.962907663	1.903080993	1.802355944
	1.787225692	1.802355944	1.356021883	1.361235458	1.356021883
	1.406194084	1.744702231	1.723006477	1.649980666	1.66025058
	1.629894406	1.629894406	1.600681462	1.600613321	1.542383209
	1.534904128	1.522389671	1.511073696	1.4182959	1.31906025
	1.39137554	2.256696667	2.204907621	1.822006932	2.128600594
	1.791884165	1.887435345	2.133043054	2.011678707	2.011678707
	2.332445702	2.342065877	2.322155195	2.260761498	3.164725809
	4.89328072	3.047542643	2.798329418	2.797748156	3.047542643
	2.545309245	2.485305674	2.485305674	2.718891966	2.638617529
	2.706074945	1.361175441	1.391583235	2.467675912	1.391583235
	1.398078751	1.361099056	1.398078751	2.051496119	2.187000011
	2.106346318	2.041961391	2.041961391	1.4699891	1.9215461
	1.9215461	1.666974963	1.813869286	1.765067723	1.732866753
	1.78321994	1.313774823	1.356021883	1.3687916	1.282305927
	1.303681858	1.294844141	1.630536746	1.649980666	1.649980666
	1.600681462	1.567092781	1.567092781	1.600681462	1.542383209
	1.482721722	1.521358847	1.4699891	1.457584674	1.358865427
	1.294844141	1.269979649	1.358865427	2.204907621	2.128600594
	1.791884165	2.128600594	1.791884165	1.863164252	1.917769641
	1.917769641	2.342065877	2.342065877	2.260761498	2.205783676
	3.208020805	4.939707697	3.032800045	2.797748156	2.964383936
	2.41002851	2.646724852	2.485305674	2.41002851	2.477537066
	2.646724852	2.601151503	2.722882829	1.379092753	1.391583235
	2.416441462	1.3687916	1.288686538	1.288686538	1.4699891
	1.865738896	1.666974963	1.620130814	1.815787204	1.768130075
	1.717755314	1.307273453	1.341717398	1.253035881	1.2623627
	1.303681858	1.294844141	1.572918519	1.630536746	1.645226284
	1.487528889	1.458781237	1.448837271	1.492262197	1.484616736
	1.472429763	1.454398344	1.412946743	1.457584674	1.457584674
	1.358865427	1.269979649	1.253035881	1.299083801	2.188562581
	2.063830199	1.761649981	1.985173818	1.765588713	1.845635238
	1.917769641	2.183693672	2.116283185	2.205783676	3.296693919
	4.939707697	3.296693919	2.964383936	2.852367192	2.275732359
	2.347232403	2.526907328	2.439197447	2.526907328	2.744985541
	1.379092753	1.489360249	2.501133131	1.383198966	1.360315477
	1.27250337	1.288686538	1.269068637	1.317275065	1.253035881
	1.273062034	1.272442145	1.524077475	1.536907719	1.487528889
	1.454398344	1.398347781	1.389668684	1.472429763	1.421230497
	1.454398344	1.381180193	1.381180193	1.342610788	1.299083801
	1.222491321	1.218411788	1.236809925	1.232046927	1.228169089
	1.296860372	2.059177538	2.059177538	1.648753655	1.901904288
	1.8191794	1.821442904	2.196321432	2.184723843	2.116283185
	2.045483637	5.387126205	3.296693919	3.64400381	3.166453798
	2.983606275	2.852367192	2.730045574	2.275732359	2.349580156
	2.526645278	2.439197447	2.526645278	1.383198966	1.467050478
	2.162076942	1.383823487	1.283290295	1.222380383	1.225639542
	1.232046927	1.211580789	1.479385311	1.433560551	1.398347781
	1.389668684	1.389668684	1.174752968	1.368117336	1.310226092
	1.401966682	1.328163613	1.328163613	1.243494169	1.184403907
	1.236809925	1.290475242	1.210628339	1.187795984	1.210628339
	1.243094313	1.182510666	1.222380383	2.045483637	1.873646037
	1.610533503	1.801434145	1.801434145	2.196450062	2.126248349
	2.126248349	2.046239613	2.03480812	5.387126205	3.105866248
	3.869480075	3.105866248	3.105571804	2.841809469	2.730045574
	2.730045574	2.269685754	2.442769916	2.530128317	2.346043669
	2.442769916	2.526645278	1.383823487	1.437952634	2.103708225
	1.357646689	1.189780002	1.189780002	1.394384918	1.390841965
	1.160210355	1.187795984	1.310226092	1.310226092	1.308582465
	1.238166975	1.273150326	1.202832892	1.159204863	1.171253153
	1.290475242	1.210628339	1.231236569	1.187795984	1.20395444
	1.150872231	1.155135233	1.873646037	1.873646037	1.681347692
	1.780851357	2.196450062	2.196450062	2.000868704	2.000868704
	2.000868704	5.118036302	3.330589749	3.173126378	3.105866248
	2.957146418	2.975311466	2.858212022	2.743762114	2.628270947
	2.269685754	2.628270947	2.449691364	2.449691364	1.385923741
	1.502539058	2.496010875	1.385923741	2.496010875	1.171253153
	1.307132634	1.158461821	1.160210355	1.150998789	1.307132634
	1.273150326	1.308582465	1.238839597	1.235752533	1.203320326
	1.143062978	1.241704755	1.231236569	1.231236569	1.179779503
	1.141582108	1.149920622	1.153803898	1.148524454	1.148524454
	1.869422476	1.77723992	1.671343529	1.664145646	2.204029645
	2.1239058	1.958183641	1.958183641	5.088731186	3.330589749
	2.988687019	2.957146418	2.953567832	2.746274999	2.743762114
	2.544172442	2.279327859	2.374400501	2.449691364	2.204029645
	1.385923741	1.415059147	1.415059147	1.314883911	1.314883911
	1.381902757	2.428518558	1.121195984	1.158461821	1.136329032
	1.269348807	1.235752533	1.174195671	1.235752533	1.149264389
	1.121195984	1.119418297	1.179779503	1.289932056	1.243028924
	1.243028924	1.126106726	1.132814197	1.143360693	1.149920622
	1.128432115	1.134768012	1.148524454	1.862327712	1.655978663
	1.529513051	1.529513051	2.204029645	2.038644675	2.126688335
	1.958183641	2.033824728	1.87437817	5.244336073	3.285669865
	3.127733271	2.953202184	2.988687019	2.746274999	2.746274999
	2.755348974	2.545077763	2.378962938	2.293842193	2.378962938
	2.293842193	1.441912279	1.290964083	1.360950926	1.441912279
	1.361500652	2.428518558	1.113274185	1.128064792	1.200998562
	1.175673883	1.17483121	1.133730078	1.119418297	1.119418297
	1.126106726	1.10849998	1.177573859	1.247517176	1.247517176
	1.12083485	1.143360693	1.144654625	1.159770661	1.133730078
	1.129583992	1.128432115	1.107751445	1.655804345	1.652076099
	1.529513051	2.063221787	1.880630782	2.038644675	2.0640842
	1.880630782	1.787773272	4.702215303	3.146263441	3.209703223
	2.807823837	2.807823837	2.807823837	2.739304361	2.646685821
	2.554571403	2.378962938	2.481759638	2.293842193	2.240618046
	2.241753707	2.380757528	2.439761204	1.360950926	1.313629988
	1.401892908	1.342234235	1.403389598	1.361500652	1.106011646
	1.17483121	1.133730078	1.116531815	1.105945145	1.09852709
	1.215448897	1.247517176	1.232186441	1.106011646	1.126880296
	1.144654625	1.144654625	1.201458966	1.116768996	1.110605511
	1.106644162	1.107751445	1.65146557	1.65146557	1.98099375
	1.880630782	1.964683733	1.787773272	1.787773272	2.094827784
	4.702215303	3.146263441	4.268858035	4.005121734	3.146263441
	2.799479946	2.799479946	2.80813967	2.817507215	2.6472844
	2.668006951	2.496678189	2.496678189	2.400199011	2.240618046
	2.26047557	2.191515739	4.005121734	2.426342801	1.506800974
	1.468753112	2.141635817	1.342234235	1.403389598	1.351221097
	1.346509729	1.403389598	1.468753112	1.106011646	1.116531815
	1.09852709	1.274789555	1.215448897	1.232186441	1.10712458
	1.201458966	1.115204399	1.103771171	1.115204399	1.126880296
	1.148466913	1.170787518	1.201458966	1.10849996	1.10712458
	1.102145085	1.526711365	1.794316852	1.98099375	1.908389026
	1.701181054	2.025202437	2.122340335	3.066689847	2.955351624
	2.937198122	2.870968063	2.955351624	2.799479946	2.721505392
	2.745913065	2.729388525	2.601521075	2.515952267	2.515952267
	2.400199011	2.26047557	2.283768643	2.122340335	2.536834307
	3.475438817	2.141635817	2.122173035	2.194687238	2.220634924
	2.253359028	2.397723675	2.311234014	1.506800974	1.503014597
	1.468753112	1.504146523	1.325834549	1.403552629	1.370709311
	1.411876328	1.102174681	1.273867553	1.235195992	1.281019177
	1.104781617	1.235195992	1.115204399	1.110228416	1.150441021
	1.157310928	1.185582645	1.215732243	1.206941728	1.104781617
	1.102174681	1.580358048	1.908389026	1.908389026	1.701181054
	1.944019945	2.025202437	2.122340335	2.87708326	2.727393947
	2.870968063	2.627885638	2.727393947	2.680086331	2.673037982
	2.601521075	2.601521075	2.503216632	2.407322982	2.407322982
	2.283768643	2.212418697	2.151517882	3.226082873	3.111050159
	2.603621786	2.334059893	2.603621786	2.46715503	2.334059893
	2.613205899	2.316046156	1.484430136	1.54275579	1.633511248
	1.340228109	1.43154503	1.369306093	1.360777744	1.504146523
	1.526969105	1.456337479	1.554230342	1.346452158	1.346452158
	1.39372234	1.408882924	1.478130686	1.102174681	1.314179596
	1.235195992	1.104781617	1.234070631	1.13087516	1.124654679
	1.157310928	1.150441021	1.208378582	1.218949453	1.28299163
	1.107574571	1.108466893	1.727909679	1.944019945	1.732607235
	2.048308145	2.048308145	2.154989709	2.688022144	2.727393947
	2.648594026	2.627885638	2.729306663	2.665181064	2.680086331
	2.547174831	2.547174831	2.471730069	2.407322982	2.295862807
	2.295862807	2.219752965	2.154989709	2.476180391	1.95803182
	1.845157593	1.499053751	2.123346856	1.584176735	2.428402863
	2.476180391	1.838466977	1.554230342	1.628346255	1.633511248
	1.78007657	1.738768669	1.738768669	1.526969105	1.526969105
	1.53737445	1.63068161	1.355464694	1.346452158	1.369107788
	1.408882924	1.408882924	1.478130686	1.108466893	1.314179596
	1.111476944	1.28299163	2.556212668	1.138574094	1.172826252
	1.143603891	1.209865157	1.321530605	1.248509098	1.115750126
	1.137700809	1.125978623	1.662143383	1.98859781	1.662143383
	1.98859781	2.09539744	2.64763527	2.64763527	2.648594026
	2.614321706	2.665181064	2.665181064	2.61821259	2.446056229
	2.442668324	2.386088691	2.180538537	2.350346479	2.287613736
	2.180538537	2.337627887	2.24144828	2.150079906	1.838466977
	2.038630593	2.507976063	2.421008448	1.95212189	1.628346255
	1.757520497	1.794982703	1.78007657	1.95212189	1.53737445
	1.557478388	1.53737445	1.532969989	1.700058862	1.389954207
	1.363806432	1.39269668	1.465556399	1.532969989	2.478161067
	1.137700809	2.556212668	1.338702685	2.556212668	1.138574094
	1.191445388	1.209001141	1.239746664	1.364041406	1.284731341
	1.125978623	1.137700809	1.125978623	1.662143383	1.943539065
	1.811274778	1.943539065	2.207917623	2.64763527	2.667883417
	2.614321706	2.515539271	2.624323683	2.537354043	2.624323683
	2.442668324	2.350346479	2.457188423	2.297469265	2.350346479
	2.207917623	2.421008448	2.24144828	2.089849952	2.150079906
	2.098433078	2.421008448	1.95212189	1.795987085	1.795987085
	1.926995913	1.937323174	1.686433125	1.634706515	1.532969989
	1.700058862	1.766999868	1.457809647	1.457809647	1.381655709
	1.550704121	2.481014205	1.19131752	2.537354043	1.381655709
	1.381655709	2.509616509	1.364041406	1.19131752	1.191445388
	1.239746664	1.239746664	1.342668917	1.143789438	1.162826053
	1.161384394	1.715793283	1.943539065	1.856525569	1.98621558
	2.187180219	2.580432531	2.637195257	2.590040618	2.594382368
	2.481014205	2.592957357	2.589233687	2.537354043	2.592957357
	2.45665605	2.42103262	2.297469265	2.349190443	2.263772752
	2.322315757	2.243525788	2.114628948	2.114628948	2.098433078
	2.392750168	2.017847343	1.795987085	1.88462108	2.017847343
	1.749416715	1.550704121	1.766999868	1.766999868	1.496534035
	1.506291727	1.511025888	1.648023414	2.481014205	2.443208024
	1.19131752	1.444927795	1.444927795	2.45665605	1.274277393
	1.443580537	1.256882839	1.265480733	1.312368316	1.18899177
	1.189354764	1.217117611	1.770678761	2.022478343	2.022478343
	2.186556908	2.187180219	2.53941857	2.590040618	2.556585717
	2.500308948	2.592957357	2.538324173	2.569952457	2.45665605
	2.42103262	2.42103262	2.343761118	2.302970213	2.311819039
	2.311819039	2.177813298	2.244903957	2.370458189	2.114612331
	2.017847343	1.88462108	1.990072107	1.738340383	1.749416715
	1.648023414	1.824137482	1.911790346	1.621367637	1.577844334
	1.511025888	1.511025888	1.648023414	2.463836149	2.362044244
	1.217173474	1.443580537	2.509327721	1.312368316	1.367877762
	1.443580537	1.256882839	1.347034362	1.399568575	1.483765684
	1.218604315	1.217173474	1.250204394	1.835066922	2.022478343
	2.019127182	2.170357565	2.170357565	2.500308948	2.53941857
	2.569966097	2.463836149	2.569952457	2.509327721	2.540573308
	2.432736727	2.431687796	2.399086135	2.343761118	2.302970213
	2.297986782	2.197682624	2.177813298	2.177813298	2.297986782
	2.08241692	1.99334233	2.08241692	2.197682624	1.768318048
	1.684084607	1.910595715	1.910595715	1.99334233	1.644171454
	1.574618446	1.644171454	2.463836149	2.355817483	1.217173474
	1.399568575	1.483765684	1.299594796	1.404339064	1.399568575
	1.588606329	1.250315565	1.250204394	1.253394381	1.89901322
	2.116678491	2.069682573	2.170357565	2.27974534	2.494963845
	2.526482215	2.544000307	2.494963845	2.51570878	2.518394478
	2.47506948	2.532081096	2.405962383	2.405962383	2.408838551
	2.370177259	2.297986782	2.234989917	2.344246869	2.065760558
	2.132117619	2.29834035	1.684084607	1.817567507	1.72786182
	1.910595715	2.034347742	2.034347742	1.588606329	1.644171454
	1.680957929	1.819057166	2.447104304	2.410419846	1.299594796
	2.446200921	1.515120883	1.515120883	1.34823321	1.404339064
	1.468463422	1.588606329	1.253394381	1.336238016	1.332617535
	2.069682573	2.203275214	2.069682573	2.241671373	2.27974534
	2.540194501	2.518281737	2.532081096	2.498379321	2.510697318
	2.457767647	2.510697318	2.346692008	2.405962383	2.370177259
	2.344246869	2.344246869	2.200323369	2.111945665	2.29834035
	2.244013539	1.86891262	1.883363314	1.86891262	2.111945665
	1.966134304	2.034347742	1.680957929	1.680957929	1.796916768
	2.396493167	2.468082896	1.336238016	2.446200921	1.515120883
	1.522600883	1.393785774	1.492036696	1.536818279	1.622857404
	1.288152341	1.336238016	1.332617535	2.098739706	2.241671373
	2.178862235	2.241671373	2.33951754	2.390696455	2.512497731
	2.500858327	2.504819155	2.518281737	2.475482546	2.510697318
	2.503971736	2.397272035	2.4247301	2.50101359	2.300394338
	2.396493167	2.111945665	2.300394338	2.262678185	2.235820034
	1.883363314	1.883363314	2.008673637	2.087111493	2.008673637
	2.00721917	1.760990025	1.760990025	1.836363455	2.38745251
	1.393785774	2.486845727	1.622857404	1.56157106	1.433937746
	1.539549519	1.539549519	1.645056764	1.330747624	1.375599414
	1.375599414	2.178862235	2.251056129	2.178862235	2.251056129
	2.359033401	2.428036158	2.428036158	2.50101359	2.504819155
	2.475482546	2.448902878	2.504858825	2.454552788	2.454552788
	2.490122909	2.50101359	2.348108524	2.38745251	2.198914324
	2.321576544	2.235820034	1.920121323	1.991800136	2.00721917
	2.063763029	2.00721917	2.172275431	1.760990025	1.836363455
	1.836363455	2.386507196	1.433937746	1.62996125	1.698725659
	1.478632537	1.539549519	1.62996125	1.757102008	1.370499563
	1.419024928	1.419024928	2.220339073	2.251056129	2.220339073
	2.359033401	2.359033401	2.428036158	2.427497297	2.487467925
	2.486697006	2.4343478	2.4343478	2.490122909	2.473652334
	2.48138521	2.487467925	2.321576544	2.175795917	2.245607283
	2.172275431	2.028625946	2.033332415	2.172275431	2.114217306
	1.756458631	1.895690738	2.01249757	2.386507196	1.478632537
	1.682551541	1.550939076	1.595842705	1.682551541	1.746301064
	1.746301064	1.458360205	1.515088408	1.466682154	2.220339073
	2.289854814	2.27903843	2.396752737	2.427497297	2.43839513
	2.427497297	2.487467925	2.437386296	2.4343478	2.48138521
	2.473652334	2.482939466	2.476381093	2.337628535	2.269572351
	2.206377427	2.204209357	2.01249757	2.140365801	1.895690738
	2.01249757	2.37496484	1.584423534	1.589791589	1.653840266
	1.697230102	1.773929513	1.803264959	1.941216754	1.458360205
	1.526625873	1.515342949	2.275831205	2.378362216	2.369367176
	2.378362216	2.443224138	2.464850933	2.443224138	2.465123553
	2.449743888	2.404492088	2.404492088	2.484773156	2.484773156
	2.484350775	2.465123553	2.269572351	2.231316099	2.156105437
	2.071324734	2.068297005	2.010324877	2.37496484	1.589791589
	1.641440344	1.698811389	1.774115967	1.850195885	1.907076096
	2.010324877	1.557344729	1.626114333	1.614038474	2.369367176
	2.406312082	2.369367176	2.406312082	2.443224138	2.473976493
	2.495490373	2.465123553	2.43275407	2.403002047	2.484773156
	2.499007949	2.466214149	2.485071671	2.318704193	2.212709681
	2.206932864	2.130786928	2.010324877	2.34210092	1.641440344
	1.641440344	1.761577801	1.827059003	1.887210046	2.029579378
	2.029579378	1.601690079	1.617582416	1.617582416	2.417252723
	2.408028434	2.445305068	2.43721248	2.495364029	2.495490373
	2.495364029	2.436159627	2.403002047	2.403002047	2.478719278
	2.508933296	2.500052269	2.491720861	2.34210092	2.244736511
	2.164066853	2.164066853	2.34210092	1.684680958	1.761577801
	1.761577801	1.84093563	1.971238123	2.029579378	2.125291766
	1.651946877	1.617582416	1.651946877	2.417252723	2.445305068
	2.445305068	2.505072418	2.495364029	2.508933296	2.534985753
	2.539738072	2.426473487	2.45454669	2.426473487	2.491720861
	2.522355995	2.500052269	2.407055583	2.244736511	2.244736511
	2.164066853	2.368727634	1.751844493	1.822105018	1.822105018
	1.971238123	1.971238123	2.062406851	2.217008836	1.702538877
	1.736450618	1.702538877	2.480424133	2.480640132	2.480640132
	2.526782083	2.526782083	2.534985753	2.526857096	2.534085308
	2.539738072	2.459429129	2.498665368	2.460031444	2.392400428
	2.319415986	2.217008836	2.319415986	1.736450618	1.991309306
	1.865754213	2.285561011	1.991309306	2.059943935	2.140331953
	2.217008836	1.702538877	1.784516898	1.81769351	2.491588106
	2.51575076	2.51575076	2.578660751	2.556610886	2.575444649
	2.535484675	2.551273588	2.535484675	2.460031444	2.437645741
	2.387273554	2.319415986	1.911744474	1.991309306	1.911744474
	2.285561011	2.285805948	2.059943935	2.167819234	1.805532499
	1.81769351	1.81769351	2.552496032	2.566633683	2.541614752
	2.613383003	2.566633683	2.587336865	2.641870502	2.578638871
	2.578638871	2.506359139	2.506359139	2.435420319	2.435420319
	1.959937781	2.091999644	1.959937781	2.295983549	2.295983549
	2.191337202	2.091999644	1.86278805	1.887017278	1.86278805
	2.552496032	2.566633683	2.582919475	2.64559166	2.630947067
	2.630947067	2.673135257	2.578638871	2.489534696	2.558950837
	2.415151559	1.959937781	2.091999644	1.972954287	2.262620547
	2.415151559	2.23621514	1.86278805	1.96105365	1.933084393
	2.582919475	2.64559166	2.621456034	2.674701871	2.630947067
	2.673135257	2.558950837	2.487312813	2.558950837	2.487312813
	1.96105365	2.135356335	2.110342844	2.23621514	2.245443372
	2.135356335	2.487312813	1.918349356	2.073760758	1.984366324
	2.613894706	2.686406961	2.647711278	2.647711278	2.674701871
	2.727095114	2.744689259	2.575077146	2.506879291	2.375434639
	2.073760758	2.265809931	2.265809931	2.659205085	2.558425388
	1.984366324	2.073760758	2.044743022	2.678785549	2.744689259
	2.787942045	2.713333667	2.730682291	2.799839421	2.614177356
	2.375434639	2.255220727	2.265809931	2.713333667	2.659205085
	2.49844492	2.408587805	2.11633083	2.11633083	2.678785549
	2.746736713	2.822803362	2.720619713	2.845552535	2.655571326
	2.614212084	2.255220727	2.614212084	2.408587805	2.11633083
	2.113523084	2.817502178	2.822803362	3.002677919	2.829063203
	2.958639435	2.698704231	2.614212084	2.472430598	2.300385615
	2.197298153	2.197298153	2.790816079	2.881375853	3.002677919
	2.958639435	2.70296294	2.70296294	2.333081836	2.418683383
	2.418683383	2.881375853	3.069679654	3.194796973	2.859943613
	2.574020548	2.418683383	3.010550642	3.459560854	3.056044951
	2.574020548	2.574020548	3.459560854	3.459560854	3.056044951
	3.190505419	4.0411142	3.190505419	4.709982674	1.185315196
	1.128128007	1.468382961	1.468382961	0.6322188595	1.492047352
	0.7382091366	0.6525176595	0.6322188595	1.607554652	1.007081485
	1.607554652	1.49157491	1.286794401	1.499158229	1.496079207
	1.120995989	1.504890692	1.152161834	1.506980435	1.508723034
	1.492047352	1.492047352	0.6525176595	0.6959453954	1.569158561
	1.513025799	1.357974799	1.357974799	1.343674429	1.421838016
	1.483431598	1.295601375	1.610479583	1.607554652	1.49157491
	1.49157491	1.499158229	1.499158229	1.499490763	1.506980435
	1.504890692	1.507821169	1.517156761	1.506980435	1.526227431
	1.512554355	1.5139355	1.569158561	1.569158561	0.7704948729
	1.513025799	1.537082225	0.7545497249	1.504782524	1.501576775
	1.357974799	1.522746331	1.341721222	1.693325678	1.357041659
	1.357041659	1.483431598	1.435904707	1.341721222	1.467029126
	1.508868555	1.505867699	1.50812107	1.507751625	1.495171084
	1.507751625	1.517492734	1.508954468	1.508598898	1.508868555
	1.517156761	1.517156761	1.537082225	1.528547176	1.55573146
	1.55573146	1.509388051	1.541382634	1.544770002	1.518123497
	1.518944096	0.8256021881	0.8359281378	1.509388051	1.501576775
	1.522746331	1.518123497	1.543798212	1.345782579	1.517362074
	1.641809515	1.50129271	1.512324953	1.467029126	1.534498631
	1.449096583	1.467029126	1.510666738	1.512324953	1.510666738
	1.507751625	1.504488011	1.508954468	1.510523694	1.515936904
	1.521206007	1.521206007	1.528547176	1.532460364	1.541985708
	1.55573146	1.532460364	1.536414431	0.8156082126	1.540016845
	1.518123497	1.540016845	1.539505225	1.516926211	1.523347262
	1.516926211	1.524381599	1.539809622	1.070097257	1.543798212
	1.543798212	1.506479649	1.481583587	1.50129271	1.50129271
	1.491867934	1.475362445	1.475362445	1.468462755	1.491867934
	1.49275037	1.510523694	1.508706221	1.508706221	1.512041518
	1.512711715	1.515936904	1.514043624	1.514043624	1.526635144
	1.519651522	1.528708531	1.532460364	1.536414431	1.536414431
	1.537329866	1.52770935	0.8408439477	1.305911163	1.567382262
	1.555930991	1.560650041	1.527375326	1.52292873	1.518843398
	1.513145743	1.516926211	1.560650041	1.539809622	0.8519610368
	1.490742825	1.475636034	1.493833915	1.491185233	1.50327525
	1.491867934	1.482862019	1.475362445	1.493833915	1.486716815
	1.512041518	1.512041518	1.503548959	1.511265847	1.511673024
	1.516949942	1.522428656	1.512329768	1.516843038	1.528708531
	1.526657626	1.533511082	1.532546836	1.530214365	1.530214365
	1.305911163	1.537529418	1.305911163	1.54485546	1.527695079
	0.908947214	1.567382262	1.567382262	1.552348689	1.527444636
	1.521500094	1.526909054	1.548502859	1.54063161	1.490742825
	1.23359246	0.8519610368	1.433222064	1.463302007	1.475636034
	1.475636034	1.497271565	1.503548959	1.497271565	1.493605173
	1.486716815	1.476419633	1.486716815	1.512799905	1.512799905
	1.502843973	1.508352946	1.522428656	1.522428656	1.515555229
	1.515555229	1.528901929	1.526657626	1.533225553	1.530041767
	1.528956185	1.530214365	1.510298599	1.510298599	1.553972467
	1.660818073	1.532793448	1.5101986	0.6892999529	1.552348689
	1.52671241	1.552348689	1.546303127	1.5307747	1.5307747
	1.528956185	1.537019772	1.555613093	1.54063161	1.474204669
	1.449558658	1.23359246	1.433222064	0.6620109981	1.428932803
	1.518806355	1.455062823	1.455062823	1.474626319	1.4607869
	1.502843973	1.497271565	1.496859216	1.492146888	1.485810413
	1.485810413	1.512799905	1.510393694	1.502843973	1.519007713
	1.521884892	1.512638451	1.512638451	1.528598651	1.524430001
	1.530821877	1.530041767	1.528528946	1.52671241	1.510298599
	1.553972467	1.553972467	1.535485824	1.542479044	1.545042061
	1.52457816	0.7087675813	1.555613093	1.546303127	1.546303127
	1.529789784	1.529789784	1.5307747	1.537019772	1.540831931
	1.550133022	1.448957368	1.451501855	1.452811214	1.392737608
	1.392737608	1.429228884	1.515888102	1.451501855	1.459131466
	1.474626319	1.474626319	1.502952083	1.494903236	1.489869526
	1.489869526	1.480720042	1.50101551	1.510588891	1.521884892
	1.521884892	1.512638451	1.505918208	1.514000419	1.528598651
	1.526248436	1.529635568	1.528933442	1.531097013	1.556806132
	1.53638153	1.517230302	1.51787803	1.549976726	1.517564942
	1.514659547	0.7087675813	1.54211647	1.541558009	1.546870094
	1.53566792	1.53566792	1.538693939	1.540831931	1.540831931
	1.42510328	1.448957368	1.451501855	1.438170822	1.392737608
	1.431862408	1.431862408	1.517628918	1.454492304	1.468583229
	1.468583229	1.480720042	1.50101551	1.495247814	1.489869526
	1.48816825	1.480160046	1.505918208	1.520189557	1.520189557
	1.509559622	1.501045418	1.509233907	1.52224701	1.526248436
	1.529072798	1.531097013	1.540744403	1.521473649	1.517230302
	1.517230302	1.549976726	1.539970121	1.521351812	1.536395727
	1.536395727	0.702243238	1.541558009	1.54211647	1.541558009
	1.539970121	1.533564697	1.53566792	1.538693939	1.540737962
	1.404834038	1.42510328	1.380191012	1.454492304	1.446455747
	1.437452834	1.408054766	1.437452834	1.431862408	1.517628918
	1.480160046	1.454492304	1.468583229	1.470024039	1.495542917
	1.489721798	1.484581367	1.484581367	1.496498818	1.516311359
	1.518972032	1.508944748	1.504272584	1.496498818	1.508944748
	1.522170474	1.526894933	1.529072798	1.530468469	1.532884505
	1.521473649	1.520737188	1.535013101	1.539970121	1.519056533
	0.6608776399	1.502613003	1.536395727	1.5334247	1.542917513
	1.543143206	1.529742968	1.533026746	1.53688448	1.531831302
	1.529724017	1.536234198	1.36422074	1.408054766	1.36422074
	1.350812544	1.453738566	1.440279155	1.440279155	1.394596809
	1.409666038	1.421942556	1.407121372	1.515319998	1.470024039
	1.453738566	1.470024039	1.489721798	1.489721798	1.484581367
	1.479525284	1.471750348	1.496498818	1.515319998	1.518972032
	1.508944748	1.502844576	1.495605308	1.507606912	1.525584782
	1.525584782	1.530468469	1.530468469	1.525064977	1.52119503
	1.5186025	1.52563295	1.535013101	1.5186025	1.507366929
	1.495563886	1.559286423	1.502613003	1.521623582	1.533317182
	1.536234198	1.530644496	1.533317182	1.53143164	1.529724017
	1.529724017	1.53143164	1.36422074	1.334816059	1.334816059
	1.314404395	1.453738566	1.440279155	1.379396375	1.407121372
	1.419078449	1.407121372	1.515319998	1.51554326	1.46394926
	1.459071359	1.440942609	1.459071359	1.491069319	1.479525284
	1.469131743	1.490634998	1.51554326	1.516104627	1.494143617
	1.507606912	1.500923266	1.507606912	1.522932164	1.523447046
	1.523447046	1.522148071	1.522739262	1.522739262	1.521745201
	1.515298808	1.510601671	1.509470849	1.495563886	1.495563886
	1.499095182	1.521623582	1.52147797	1.533317182	1.529696041
	1.533704366	1.53143164	1.52758657	1.528828128	1.382683624
	1.379396375	1.37320976	1.343010484	1.211405514	1.314404395
	1.37235492	1.440942609	1.425090476	1.405214235	1.405214235
	1.421130954	1.511237066	1.46394926	1.442650134	1.451669138
	1.443218292	1.482336986	1.472266443	1.46748478	1.484415554
	1.51504075	1.517623537	1.489217402	1.498722394	1.505048685
	1.505048685	1.522009573	1.519351267	1.523447046	1.522148071
	1.522148071	1.519598607	1.481138753	1.518588712	1.51276858
	1.510786454	1.481138753	1.506813339	1.510786454	0.7742340626
	1.52147797	1.52459602	1.528216063	1.522671226	1.522622973
	1.523333508	1.523807577	1.397425968	1.383358134	1.375904311
	1.37235492	0.6424631866	1.37235492	0.5506805133	1.421986917
	1.397425968	1.409239646	1.510016013	1.432568194	1.461951636
	1.443218292	1.443218292	1.479766309	1.477080833	1.45448195
	1.465226358	1.489217402	1.511798473	1.519351267	1.489217402
	1.498722394	1.503403809	1.503403809	1.523333508	1.520425009
	1.520425009	1.522657656	1.522809254	1.372012903	1.514913847
	1.51276858	1.51276858	1.510786454	1.493011188	1.51315606
	0.7742340626	1.45749776	1.515132576	1.515938211	1.521470091
	1.522671226	1.522671226	1.523807577	1.523333508	1.523807577
	1.403154342	1.383358134	1.383358134	1.375904311	1.373495544
	1.419511352	0.7916298878	1.374811229	1.309297057	1.421986917
	1.403154342	1.416475797	1.508501658	1.432317342	1.445959631
	1.443406893	1.450495404	1.483071636	1.460434432	1.474764254
	1.467559137	1.467559137	1.474764254	1.512355689	0.8336190291
	0.8336190291	1.517081646	1.50169129	1.484631525	1.495520442
	1.503403809	1.508509787	1.520600822	1.510585558	1.515132576
	1.474705681	1.513662926	1.507205439	1.510519876	1.503777276
	1.493011188	1.45749776	1.47115518	1.515132576	1.515938211
	1.518796314	1.523556678	1.521478737	1.510585558	1.518755117
	1.51039497	1.403154342	1.38838061	1.383722829	1.309297057
	1.367347651	1.305772661	1.362178032	1.362178032	1.258366816
	1.309297057	1.416475797	1.42264205	1.510071182	1.434442008
	1.440048439	1.440048439	1.446669211	1.486329227	1.460434432
	1.466471577	1.474764254	1.503826034	1.471685594	0.9294178075
	1.42490944	0.6161935894	1.498613743	1.50021157	1.486329227
	1.496795072	1.503826034	1.51016982	1.510585558	1.51254099
	1.474705681	1.510519876	1.510519876	1.494936165	1.501281529
	1.471685594	1.480475094	1.513134242	1.509457842	1.516023751
	1.512569327	1.512569327	1.5120646	1.505944786	1.506385231
	1.38838061	1.366056844	1.305772661	1.282115312	1.355960215
	1.362178032	1.369679888	1.282115312	1.410631888	1.404967752
	1.506624422	1.425651871	1.441182095	1.441182095	1.458028165
	1.486329227	1.471666493	1.464752117	1.458028165	1.497654809
	1.467710006	0.9625578069	0.9625578069	1.42490944	1.271695913
	1.501823708	1.493618945	1.483623066	1.497654809	1.507611974
	1.505620698	1.509070467	1.490284405	1.507452218	1.494936165
	1.494936165	1.480005606	1.490284405	1.501158955	1.511305004
	1.511305004	1.505620698	1.511261797	1.505944786	1.504081103
	1.502746797	1.502538276	1.382473454	1.392505665	1.369679888
	1.304985679	1.304985679	1.340590739	1.340492753	1.369679888
	1.271695913	1.302122447	1.425651871	1.420039471	1.410631888
	1.492033729	1.425651871	1.448177109	1.458028165	1.477811368
	1.477811368	1.470749105	1.464752117	1.497654809	1.469835324
	1.168111546	1.48867216	1.470667361	1.05435121	0.6218950632
	1.495451543	1.488623904	1.49477605	1.49477605	1.498268367
	1.502963966	1.490284405	1.500079202	1.498017389	1.479762234
	1.493115197	1.502002467	1.504081103	1.498051346	1.504081103
	1.50336391	1.50212256	1.50336391	1.500422374	1.389994728
	1.389994728	1.375046201	1.364182652	1.304985679	1.323843361
	1.340492753	1.340492753	1.315328428	1.323843361	1.428524698
	1.409383437	1.409383437	1.492033729	1.471235793	1.436656594
	1.448177109	1.455825269	1.477811368	1.470749105	1.452243909
	1.485457852	1.471139641	1.48867216	1.457822524	1.484115326
	1.481990843	1.379621523	0.6229857261	1.488623904	1.482823394
	1.491803826	1.491872394	1.498017389	1.493115197	1.498333684
	1.4947929	1.486407771	1.486896006	1.498101148	1.496787565
	1.498787136	1.50336391	1.500422374	1.389994728	1.381393264
	1.364182652	1.356889817	1.33658045	1.349240196	1.343720499
	1.328175023	1.328175023	1.411026979	1.412948843	1.409383437
	1.476293964	1.471235793	1.471235793	1.436656594	1.442558843
	1.450831286	1.456542681	1.450831286	1.476293964	1.484115326
	1.479941468	1.479941468	1.48096223	1.156374291	1.156374291
	0.6408054703	0.5332541381	1.277781077	1.478737581	1.491803826
	1.487089702	1.491872394	1.4947929	1.487110954	1.495521003
	1.4947929	1.487110954	1.495949834	1.492684809	1.498787136
	1.492684809	1.381393264	1.381393264	1.359270449	1.359270449
	1.339317841	1.339317841	1.316917424	1.316917424	1.277781077
	1.420939232	1.411026979	1.39309449	1.476293964	1.47262819
	1.465366145	1.438334271	1.420939232	1.450831286	1.455411827
	1.475255923	1.481547113	1.495769963	1.480999176	1.479941468
	1.477412927	1.517568947	1.237651747	1.237651747	1.257511904
	1.475255923	1.480129295	1.485024365	1.490279478	1.495521003
	1.487061198	1.489961472	1.495521003	1.481547113	1.487061198
	1.495949834	1.492684809	1.492629577	1.367554202	1.378009872
	1.359270449	1.367554202	1.339353104	1.339317841	1.298024852
	1.316917424	1.298024852	1.426880859	1.418135837	1.402478963
	1.38386812	1.46513311	1.465375421	1.460254465	1.46513311
	1.44697126	1.426880859	1.44697126	1.475255923	1.46048934
	1.483664033	1.481547113	1.475429544	1.479245193	1.46048934
	1.257511904	1.382946144	1.478044776	1.48207676	1.478044776
	1.490186042	1.491538199	1.489961472	1.482622034	1.482622034
	1.488438182	1.487563843	1.38386812	1.38386812	1.367554202
	1.340814926	1.366147411	1.333784909	1.333784909	1.323047509
	1.309979474	1.300289087	1.426880859	1.41498614	1.398177522
	1.46513311	1.458848278	1.447088726	1.468395905	1.44697126
	1.428595791	1.435503174	1.471444102	1.471372234	1.490307708
	1.483664033	1.480796158	1.47628931	1.357234861	0.6201192264
	1.284699791	1.447088726	1.478044776	1.479610686	1.48207676
	1.483778564	1.485456412	1.484282718	1.481877134	1.481439002
	1.482283356	1.382383208	1.373242783	1.366147411	1.355174427
	1.334149125	1.343506323	1.333784909	1.323047509	1.332238373
	1.41498614	1.398177522	1.398177522	1.462100929	1.443065254
	1.462100929	1.440303652	1.428546997	1.471444102	1.469735527
	1.469735527	1.469735527	1.487874171	1.483250408	1.351760175
	0.6270687069	1.277087685	1.327446719	1.277087685	1.451461931
	1.464624056	1.443065254	1.478437371	1.476183642	1.476070512
	1.482673679	1.485456412	1.480091367	1.480091367	1.479420968
	1.480262695	1.478437371	1.388440258	1.3702003	1.361716438
	1.355174427	1.343506323	1.343506323	1.332238373	1.406394376
	1.406394376	1.388440258	1.451461931	1.455813732	1.43333008
	1.411787503	1.463597487	1.495233833	1.486838892	1.509287953
	1.486838892	1.495233833	1.321513344	0.6270687069	1.264475573
	1.264475573	1.297682759	1.436457867	1.455813732	1.40540931
	1.44044403	1.478437371	1.472869403	1.477252995	1.477252995
	1.476655862	1.475751484	1.474498173	1.469179789	1.473884989
	1.381257089	1.357722613	1.357722613	1.343486971	1.333851177
	1.406394376	1.381257089	1.424167079	1.439737079	1.455813732
	1.411787503	1.461338151	1.495233833	1.472449259	1.486838892
	1.648086558	1.614931056	1.265051903	1.311521528	1.264475573
	1.271800678	1.461338151	1.406725661	1.439737079	1.464789686
	1.469179789	1.477252995	1.476655862	1.47367021	1.473869439
	1.474498173	1.46776205	1.473884989	1.381257089	1.357722613
	1.311521528	1.344640432	1.34297597	1.39587474	1.375786795
	1.431014183	1.439737079	1.453217524	1.412214756	1.464789686
	1.477955806	1.472449259	1.366272751	1.265051903	1.30236675
	1.322300995	1.255797398	1.255797398	1.454037757	1.401014742
	1.430283947	1.463422418	1.463422418	1.477150316	1.469944193
	1.470704326	1.472058033	1.473869439	1.466163186	1.375786795
	1.364240458	1.322300995	1.344640432	1.388745739	1.376864642
	1.421027048	1.43969102	1.454037757	1.421027048	1.459737739
	1.366272751	1.477955806	1.476170081	1.299798308	0.5474682058
	1.315305342	1.315305342	1.133050929	1.313673795	1.400704745
	1.443551042	1.436068192	1.463422418	1.466163186	1.476170081
	1.46636581	1.46636581	1.468170897	1.466163186	1.376864642
	1.364240458	1.337391391	1.394345983	1.400704745	1.421027048
	1.438109404	1.420831676	1.45194908	1.451251298	1.476170081
	1.469935573	1.463798711	1.218976124	0.6681456597	1.340619542
	1.353284319	1.393513489	1.393513489	1.400704745	1.443551042
	1.438109404	1.206738655	1.454948361	1.465920982	1.461689315
	1.467939519	1.461689315	1.365775425	1.353284319	1.353284319
	1.393133712	1.405306946	1.429359085	1.441618346	1.419254913
	1.45194908	1.451251298	1.465920982	1.469935573	1.441813167
	1.183541694	1.183541694	1.367767249	1.393513489	1.367767249
	1.404173528	1.441618346	1.426091929	1.156781697	1.449756091
	1.463516911	1.461689315	1.457589319	1.382055878	1.373666443
	1.395066558	1.404173528	1.426091929	1.4266596	1.404173528
	1.449756091	1.437152652	1.457027795	1.459197669	1.472567492
	1.293385308	1.331391885	1.367767249	1.321393631	1.3569094
	1.186326935	1.449756091	1.451097306	1.450586462	1.373666443
	1.365711694	1.395066558	1.410285674	1.4266596	1.4266596
	1.410285674	1.438583128	1.430951421	1.457150434	1.460231951
	0.5669807306	1.356673713	1.3569094	1.352947562	1.470426128
	1.457150434	1.450586462	1.450586462	1.437272567	1.385885814
	1.375993582	1.385885814	1.410285674	1.425597848	1.413126807
	1.425597848	1.460231951	0.5942971769	1.355591174	1.355591174
	1.145552764	1.443671777	1.437272567	1.40384464	1.402527026
	1.411081085	1.42897038	1.433372242	1.411081085	1.415837088
	1.49866471	1.372922559	1.355591174	1.403205303	1.445313748
	0.9488188078	1.425129153	1.425129153	1.406023523	1.411081085
	1.433641871	1.415837088	1.415837088	1.49866471	0.7071310761
	1.39969309	1.380687471	1.425129153	1.406023523	1.415995121
	1.415995121	0.9028677983	1.389444743	1.380687471	1.443405735
	1.389444743	0.817224436	0.6961857543	0.7217903047	