5884	
	2.944755551e-12	7.610800878e-12	7.610800878e-12	2.193090154e-11	1.563105201e-11
	1.944937544e-10	4.549161048e-11	2.193090154e-11	7.753664377e-10	1.944937544e-10
	1.944937544e-10	1.463034582e-09	2.964045898e-09	2.964045898e-09	9.882672458e-11
	6.498570571e-10	7.753664377e-10	4.131994746e-09	1.463034582e-09	1.463034582e-09
	8.09052203e-09	4.144426136e-09	8.09052203e-09	5.98134875e-11	1.182155707e-09
	5.410704773e-09	5.410704773e-09	8.609106317e-09	3.683720973e-08	3.557307338e-09
	1.886292811e-08	8.09052203e-09	5.98134875e-11	1.16269927e-09	5.608511877e-09
	1.318488074e-08	1.232572222e-08	5.852777329e-08	5.852777329e-08	1.924900994e-08
	3.207217869e-08	2.567685087e-08	5.098966049e-08	1.16269927e-09	1.257873805e-10
	6.977339773e-08	5.608511877e-09	1.257873805e-10	5.608511877e-09	1.318488074e-08
	1.318488074e-08	3.014374617e-08	5.852777329e-08	8.352616199e-08	2.623897508e-07
	2.014435374e-08	3.323484288e-08	5.098966049e-08	5.098966049e-08	2.052405357e-09
	1.774378511e-08	1.408668737e-09	6.174263412e-08	1.134181038e-07	1.27771731e-08
	2.083623585e-08	1.27771731e-08	3.014374617e-08	1.210239908e-08	7.256764079e-08
	1.088379746e-07	2.57015996e-07	3.912944617e-07	3.323484288e-08	6.174263412e-08
	1.002317744e-07	3.121529257e-08	3.442978347e-09	3.442978347e-09	7.762442245e-09
	1.554612701e-07	2.023436321e-07	2.083623585e-08	2.083623585e-08	3.679834482e-08
	7.256764079e-08	1.210239908e-08	1.749506238e-07	2.745636025e-07	3.825467116e-07
	3.912944617e-07	3.121529257e-08	5.640589684e-08	1.285547402e-07	1.548669104e-08
	4.669160703e-08	7.762442245e-09	3.442978347e-09	4.783046847e-09	7.762442245e-09
	3.146022998e-09	2.023436321e-07	2.023436321e-07	6.913144546e-08	7.248973777e-08
	1.814782387e-07	5.591542873e-08	6.913144546e-08	2.745636025e-07	2.308904277e-07
	2.745636025e-07	5.181052676e-07	5.181052676e-07	4.669160703e-08	7.665038959e-08
	1.285547402e-07	1.548669104e-08	4.783046847e-09	1.179981801e-08	3.551493766e-08
	8.088763437e-09	8.088763437e-09	1.815007917e-07	2.291278873e-07	5.221807253e-08
	5.221807253e-08	6.913144546e-08	1.272060368e-07	1.104822038e-07	8.693475362e-08
	2.222372881e-07	3.54381914e-07	3.54381914e-07	8.693475362e-08	4.576031825e-07
	6.648238871e-07	6.27697216e-07	2.144917417e-07	6.425424015e-08	1.088065917e-07
	3.551493766e-08	3.537167004e-09	1.777441572e-08	7.354010911e-08	2.400332821e-08
	3.537167004e-09	2.59672309e-07	2.59672309e-07	1.232097446e-07	1.232097446e-07
	2.400332821e-08	1.234343623e-07	8.693475362e-08	2.222372881e-07	3.043712704e-07
	3.54381914e-07	1.836604122e-07	6.648238871e-07	6.648238871e-07	1.05446595e-06
	2.167041804e-07	1.436952584e-07	1.082702408e-07	6.425424015e-08	7.354010911e-08
	1.162150731e-08	7.354010911e-08	1.777441572e-08	2.137218491e-08	2.153578649e-08
	1.834477725e-08	2.712119955e-07	3.422013424e-07	1.232097446e-07	1.878910103e-07
	5.691629834e-08	4.100292283e-08	2.568552526e-07	2.492677984e-07	3.401134414e-07
	3.401134414e-07	4.235975553e-07	1.836604122e-07	1.836604122e-07	6.7090276e-07
	8.746627773e-07	1.186824231e-06	2.515373918e-07	1.552448383e-07	1.642328558e-07
	1.153574294e-07	1.153574294e-07	2.153578649e-08	6.304754674e-08	6.304754674e-08
	1.834477725e-08	4.84305227e-08	1.834477725e-08	2.712119955e-07	3.422013424e-07
	1.878910103e-07	4.100292283e-08	7.225907961e-08	1.617749295e-07	1.878910103e-07
	1.930225944e-07	2.62107565e-07	4.382390264e-07	4.544892693e-07	6.182187775e-07
	3.441782521e-07	2.663958343e-07	7.475854682e-07	7.475854682e-07	1.186824231e-06
	2.515373918e-07	2.515373918e-07	1.541976697e-07	1.642328558e-07	1.541976697e-07
	1.025532885e-07	4.84305227e-08	1.300744472e-07	2.446180343e-07	1.861051135e-08
	4.84305227e-08	5.56301476e-08	3.163488316e-08	2.486086395e-07	3.173472041e-07
	7.225907961e-08	3.838984517e-07	1.617749295e-07	7.225907961e-08	1.617749295e-07
	3.758651426e-07	3.441782521e-07	5.386321194e-07	6.154305137e-07	6.182187775e-07
	3.441782521e-07	5.099575864e-07	8.147673602e-07	8.147673602e-07	1.284624243e-06
	2.713542542e-07	2.693747887e-07	2.166151072e-07	2.149825447e-07	1.694958636e-07
	1.300744472e-07	1.300744472e-07	2.446180343e-07	2.665763157e-07	6.251661677e-08
	6.251661677e-08	1.620166863e-07	3.163488316e-08	4.912946583e-08	3.173472041e-07
	3.173472041e-07	1.069779696e-07	5.275293367e-07	2.521954432e-07	1.069779696e-07
	3.977029905e-07	5.612608058e-07	5.386321194e-07	5.386321194e-07	7.003402116e-07
	6.666460717e-07	5.712945725e-07	5.275293367e-07	7.446913752e-07	1.012550836e-06
	1.234611394e-06	2.739037264e-07	2.455162913e-07	2.801385093e-07	2.665763157e-07
	2.665763157e-07	1.694958636e-07	3.200080894e-07	2.129546708e-07	2.923349296e-07
	6.251661677e-08	1.658956705e-07	2.766072669e-07	8.688759756e-08	6.971785282e-08
	6.971785282e-08	2.484556525e-07	2.739037264e-07	2.484556525e-07	1.413122952e-07
	1.413122952e-07	6.794201104e-07	4.132177507e-07	1.461666965e-07	3.824680483e-07
	5.801493037e-07	5.801493037e-07	6.652557998e-07	7.003402116e-07	7.003402116e-07
	7.952407159e-07	7.021329607e-07	8.178041009e-07	8.758936638e-07	1.234611394e-06
	1.234611394e-06	2.739037264e-07	2.829202921e-07	2.829202921e-07	4.788522743e-07
	3.994512614e-07	3.039187533e-07	3.039187533e-07	2.923349296e-07	1.680209873e-07
	2.9291368e-07	2.9291368e-07	8.688759756e-08	1.02755469e-07	1.756637671e-07
	2.549282843e-07	2.484556525e-07	2.212177899e-07	2.318775145e-07	1.336220228e-07
	1.336220228e-07	1.865465107e-07	2.3022388e-07	1.413122952e-07	3.599226508e-07
	8.095023283e-07	6.726486212e-07	6.726486212e-07	5.801493037e-07	1.034577972e-06
	7.572768252e-07	7.816963139e-07	7.816963139e-07	8.758936638e-07	8.49773433e-07
	1.049546525e-06	8.758936638e-07	1.156389806e-06	1.029014669e-06	3.096169094e-07
	4.181862812e-07	4.104470008e-07	4.788522743e-07	5.944499319e-07	4.893328445e-07
	3.039187533e-07	3.705929874e-07	5.1886148e-07	5.1886148e-07	4.192964882e-07
	3.701728728e-07	4.192964882e-07	3.917042539e-07	7.149161458e-07	2.907007435e-07
	2.265008221e-07	1.903478504e-07	1.903478504e-07	1.709066009e-07	1.336220228e-07
	6.049891006e-07	7.149161458e-07	2.478015366e-07	3.094158121e-07	5.943579673e-07
	2.47543495e-07	1.049546525e-06	1.041373346e-06	1.041373346e-06	1.380468632e-06
	9.345348424e-07	7.572768252e-07	7.816963139e-07	8.387123422e-07	8.268727552e-07
	9.374571857e-07	1.049546525e-06	8.303573686e-07	8.233181354e-07	8.460128242e-07
	8.373429701e-07	4.507003277e-07	5.123166567e-07	4.507003277e-07	7.606941512e-07
	7.856911388e-07	4.516056675e-07	7.856911388e-07	6.601858971e-07	6.870750555e-07
	5.1886148e-07	3.917042539e-07	8.710476633e-07	3.209045181e-07	7.052629281e-07
	1.584549968e-06	1.340397208e-06	1.058795046e-06	6.268734118e-07	7.149161458e-07
	4.270845988e-07	3.330877272e-07	2.405853134e-07	1.747747165e-07	1.590272825e-07
	1.258379672e-07	1.556804644e-06	1.584549968e-06	1.584549968e-06	2.478015366e-07
	6.049891006e-07	2.478015366e-07	3.094158121e-07	5.943579673e-07	4.173387476e-07
	9.865920072e-07	1.283012736e-06	1.273343742e-06	1.041373346e-06	1.273343742e-06
	9.946151662e-07	9.946151662e-07	8.972826997e-07	1.162573595e-06	1.391737532e-06
	8.972826997e-07	8.303573686e-07	8.233181354e-07	8.460128242e-07	7.547977288e-07
	4.507003277e-07	5.123166567e-07	9.914696326e-07	7.856911388e-07	1.055363597e-06
	8.904813864e-07	8.601292176e-07	3.740373202e-06	1.214678415e-06	8.392882567e-07
	8.710476633e-07	1.31987429e-06	1.096925254e-06	3.087544107e-06	3.087544107e-06
	2.470713402e-06	1.981777292e-06	1.981777292e-06	1.029847089e-06	3.330877272e-07
	2.405853134e-07	2.405853134e-07	1.313360594e-07	1.302082753e-07	8.535520557e-08
	4.44614121e-06	2.982013406e-06	2.982013406e-06	1.654704755e-06	1.654704755e-06
	8.917268568e-07	3.472930032e-07	4.176433297e-07	3.472930032e-07	1.712773718e-06
	1.067068655e-06	8.582496198e-07	1.454283601e-06	1.549570463e-06	1.70852678e-06
	1.712773718e-06	1.712773718e-06	9.946151662e-07	8.972826997e-07	1.549570463e-06
	1.162573595e-06	1.418593199e-06	1.007980657e-06	8.880136875e-07	7.118347098e-07
	7.980181751e-07	6.907182204e-07	7.903334462e-07	5.716012383e-07	5.20625107e-07
	1.055363597e-06	8.904813864e-07	8.904813864e-07	8.601292176e-07	8.601292176e-07
	1.684421681e-05	4.258869516e-06	3.740373202e-06	1.29652139e-06	1.31987429e-06
	1.598991924e-06	1.31987429e-06	1.385282429e-06	3.642491357e-06	3.178871356e-06
	3.178871356e-06	1.981777292e-06	1.29652139e-06	3.928003358e-07	2.058344606e-07
	1.302082753e-07	6.841038092e-08	6.841038092e-08	2.841289648e-08	8.671102623e-06
	2.351066095e-05	9.80748256e-06	6.372878497e-06	2.982013406e-06	1.654704755e-06
	6.877392211e-07	6.877392211e-07	8.582496198e-07	5.952096629e-07	1.454283601e-06
	1.067068655e-06	8.582496198e-07	1.454283601e-06	1.549570463e-06	1.70852678e-06
	2.121246838e-06	1.086980938e-06	1.181009821e-06	1.812244451e-06	2.109785518e-06
	1.812244451e-06	1.060131114e-06	8.880136875e-07	6.488766089e-07	6.488766089e-07
	6.668414456e-07	7.903334462e-07	3.267820223e-07	7.749940325e-07	1.658847274e-06
	1.122983899e-06	1.399523806e-06	9.77653472e-07	7.748879929e-07	2.057444399e-06
	9.760154609e-06	4.258869516e-06	3.073148746e-06	1.929851106e-06	1.598991924e-06
	1.223877335e-06	1.427836913e-06	1.658847274e-06	1.658847274e-06	3.178871356e-06
	3.073148746e-06	3.059336646e-06	2.604810649e-06	2.244700187e-06	3.267820223e-07
	2.101667893e-07	1.619633743e-07	6.841038092e-08	5.926116886e-08	2.841289648e-08
	3.373048837e-05	9.80748256e-06	6.372878497e-06	2.38870045e-06	2.38870045e-06
	8.012221668e-07	5.643024368e-07	7.055989082e-07	7.055989082e-07	1.592640395e-06
	1.618192151e-06	1.743294802e-06	2.622188418e-06	2.121246838e-06	2.622188418e-06
	1.181009821e-06	1.279263805e-06	2.367212085e-06	1.835415248e-06	1.060131114e-06
	7.79667972e-07	6.668414456e-07	6.376832111e-07	6.668414456e-07	7.081663203e-07
	4.19740418e-07	4.140207781e-07	1.197524824e-06	1.803428793e-06	1.197524824e-06
	9.135046479e-07	8.650406333e-07	2.057444399e-06	3.418402696e-06	2.89566498e-06
	2.114091738e-06	2.41724825e-06	1.989070528e-06	2.502140822e-06	1.91009941e-06
	2.54728469e-06	3.279171668e-06	2.604810649e-06	2.604810649e-06	2.54728469e-06
	2.101667893e-07	3.183533499e-07	2.101667893e-07	8.377695693e-08	1.345659539e-08
	2.617531702e-08	1.345659539e-08	4.823425897e-05	3.468700388e-05	4.859286258e-06
	4.859286258e-06	1.236912641e-06	5.43060076e-07	4.567081415e-07	1.003309848e-06
	1.743294802e-06	2.426713537e-06	1.743294802e-06	2.642573111e-06	2.721060999e-06
	2.848148525e-06	2.32099358e-06	1.279263805e-06	1.279263805e-06	1.835415248e-06
	9.93452197e-07	1.034090454e-06	6.376832111e-07	6.058687547e-07	5.895168051e-07
	7.081663203e-07	8.131208431e-07	3.183533499e-07	4.19740418e-07	5.43681598e-07
	1.197524824e-06	1.91009941e-06	1.609637686e-06	9.135046479e-07	1.019642168e-06
	7.664873225e-07	6.507911703e-07	5.918330546e-07	2.114091738e-06	2.114091738e-06
	2.14974428e-06	1.827410969e-06	2.54728469e-06	2.14974428e-06	2.436395425e-06
	2.351839272e-06	3.183533499e-07	2.034678639e-07	8.377695693e-08	8.377695693e-08
	1.676092287e-08	2.412246269e-08	1.693315621e-08	6.680005291e-05	3.456072898e-05
	4.859286258e-06	1.236912641e-06	1.236912641e-06	1.003309848e-06	4.470880892e-07
	1.003309848e-06	2.138552782e-06	2.241675533e-06	2.721060999e-06	1.369332545e-06
	2.32099358e-06	3.255499644e-06	3.255499644e-06	2.32099358e-06	3.390497169e-06
	1.649798859e-06	2.148664676e-06	9.041945184e-07	1.223737319e-06	6.747190286e-07
	6.29391967e-07	6.29391967e-07	1.463596137e-06	6.342304641e-07	1.01483903e-06
	2.307090976e-07	5.43681598e-07	1.463596137e-06	1.827410969e-06	1.242325367e-06
	1.137732563e-06	8.622622496e-07	7.664873225e-07	6.479756595e-06	2.415214802e-06
	1.148355248e-06	1.562896932e-06	1.660573667e-06	1.395365382e-06	1.660573667e-06
	1.365464898e-06	2.424790319e-06	2.351839272e-06	2.307090976e-07	1.913064613e-07
	1.125850879e-07	2.599010225e-07	5.216157684e-08	2.412246269e-08	2.412246269e-08
	1.206687283e-08	4.842996977e-05	2.803850657e-05	2.978552484e-06	9.339406359e-07
	3.083031741e-07	6.610447052e-07	3.083031741e-07	3.380199669e-06	2.138552782e-06
	2.256460284e-06	1.305715418e-06	2.148664676e-06	2.925785867e-06	3.255499644e-06
	3.621614825e-06	1.223737319e-06	2.190349378e-06	8.516368544e-07	1.223737319e-06
	6.747190286e-07	1.475867013e-06	6.29391967e-07	5.725600967e-07	1.232325924e-06
	2.442845497e-06	1.395365382e-06	3.219000337e-07	3.559243678e-07	1.242325367e-06
	1.227491943e-06	9.729534778e-07	6.970616049e-07	5.203401918e-07	6.479756595e-06
	6.544207279e-06	1.148355248e-06	1.365464898e-06	1.660573667e-06	1.395365382e-06
	1.33766518e-06	1.724603279e-06	2.599010225e-07	1.678278716e-07	1.233874043e-07
	8.156909104e-08	2.599010225e-07	5.216157684e-08	1.206687283e-08	1.860912047e-08
	5.672466941e-10	3.380199669e-06	4.288404099e-05	2.276490113e-05	3.38497604e-06
	2.155863289e-06	3.083031741e-07	9.288759335e-07	2.963067684e-06	1.305715418e-06
	3.054600599e-06	3.733713894e-06	2.925785867e-06	3.11672708e-06	2.925785867e-06
	2.190349378e-06	1.107153777e-06	7.559434243e-07	5.934092897e-07	1.107153777e-06
	8.211092446e-07	8.211092446e-07	1.51344161e-06	1.51344161e-06	9.744679978e-07
	1.3219275e-06	4.344979736e-07	9.729534778e-07	9.729534778e-07	6.970616049e-07
	5.412104778e-07	2.593860378e-05	5.394615714e-06	9.736097342e-07	1.279453144e-06
	1.724603279e-06	1.087898098e-06	3.117535674e-07	3.117535674e-07	8.156909104e-08
	1.402505037e-07	8.156909104e-08	2.838463353e-07	2.171064084e-08	5.672466941e-10
	2.361888773e-08	5.672466941e-10	3.256993901e-06	3.229734717e-06	3.58244009e-05
	4.582919049e-06	1.386133225e-06	1.386133225e-06	9.288759335e-07	9.288759335e-07
	2.338862118e-06	3.359174594e-06	3.741970089e-06	2.944099847e-06	2.63983527e-06
	2.63983527e-06	1.9788891e-06	1.107153777e-06	7.211922135e-07	6.180130905e-07
	1.9788891e-06	9.393922649e-07	6.180130905e-07	1.794735827e-06	3.349824721e-06
	6.101344248e-07	8.72258858e-07	7.394320014e-07	4.518887171e-07	6.101344248e-07
	5.821891653e-07	2.593860378e-05	2.784683393e-06	1.906533545e-06	1.906533545e-06
	8.72258858e-07	6.587530663e-07	3.117535674e-07	7.809425222e-07	1.402505037e-07
	1.064509667e-07	1.064509667e-07	3.942790068e-07	1.203944846e-07	1.48090078e-08
	6.992574075e-09	9.848074356e-09	9.225478159e-10	2.338862118e-06	3.58244009e-05
	2.083855874e-06	1.386133225e-06	8.179127864e-07	8.546675625e-07	8.546675625e-07
	3.741970089e-06	2.944099847e-06	2.944099847e-06	3.29484422e-06	3.310719892e-06
	2.63983527e-06	1.9788891e-06	8.589976686e-07	7.211922135e-07	6.576693146e-07
	8.650100733e-07	1.089861314e-06	6.576693146e-07	1.089861314e-06	3.74726089e-06
	6.101344248e-07	7.394320014e-07	7.394320014e-07	1.016605225e-06	6.969701745e-07
	6.797470324e-07	5.031357447e-05	3.567786882e-06	1.315934132e-06	1.906533545e-06
	2.374172029e-06	1.016605225e-06	7.241433453e-07	7.241433453e-07	1.016605225e-06
	5.397074503e-07	1.064509667e-07	1.203944846e-07	6.833062973e-07	1.207418934e-07
	6.571580746e-08	2.581517444e-08	9.848074356e-09	9.848074356e-09	4.745399185e-09
	2.643671223e-06	1.275319354e-06	3.298698406e-05	1.235941726e-05	8.179127864e-07
	3.438557892e-07	3.438557892e-07	3.392293081e-06	3.324737179e-06	3.29484422e-06
	2.643671223e-06	2.281316293e-06	2.863618801e-06	1.86384241e-06	8.827930342e-07
	8.827930342e-07	6.476124348e-07	8.943233567e-07	1.089861314e-06	8.006339303e-07
	6.196210922e-07	2.228183765e-06	2.259081755e-06	1.315934132e-06	8.212145501e-07
	9.189968693e-07	2.138270578e-06	6.797470324e-07	8.212145501e-07	4.095895153e-05
	7.992537703e-06	2.82192022e-06	7.992537703e-06	2.82192022e-06	6.833062973e-07
	1.342368635e-06	7.241433453e-07	3.279545846e-06	5.397074503e-07	3.250699709e-07
	5.724764804e-07	1.207418934e-07	1.460302768e-06	1.390715987e-08	6.571580746e-08
	1.232937974e-08	2.334140881e-09	1.232937974e-08	4.745399185e-09	4.745399185e-09
	3.326787215e-06	2.891075319e-06	7.918237745e-07	1.398195629e-05	7.168781574e-06
	5.377742465e-07	7.918237745e-07	3.324737179e-06	3.324737179e-06	3.633985698e-06
	3.915642404e-06	3.326357918e-06	2.518025483e-06	2.373080222e-06	1.684920983e-06
	6.196210922e-07	8.232806774e-07	6.196210922e-07	8.232806774e-07	8.183651041e-07
	1.305201376e-06	6.337407914e-07	2.204719164e-06	2.204719164e-06	2.55331382e-06
	1.737922397e-06	3.401131844e-06	2.138270578e-06	1.737922397e-06	4.43795337e-05
	7.992537703e-06	2.82192022e-06	6.865680611e-06	1.675018222e-06	5.20912144e-06
	3.279545846e-06	2.693641707e-06	5.724764804e-07	5.724764804e-07	3.936945578e-07
	1.160859764e-06	1.798218863e-06	3.853814068e-08	7.951014513e-09	4.357007199e-09
	8.192729162e-09	7.615928332e-09	7.615928332e-09	2.891075319e-06	2.001386005e-06
	5.415019455e-07	8.109581977e-06	5.722234713e-06	5.415019455e-07	3.356252623e-06
	3.90862927e-06	3.714577385e-06	2.46301407e-06	2.650472816e-06	2.205960485e-06
	1.684920983e-06	6.223011573e-07	8.232806774e-07	1.086933771e-06	1.105817427e-06
	1.105817427e-06	1.376261823e-06	8.490400907e-07	8.483999245e-07	2.204719164e-06
	1.376261823e-06	2.234145074e-06	2.234145074e-06	6.781371151e-06	4.350210654e-06
	3.401131844e-06	3.924056907e-06	4.43795337e-05	8.060849918e-06	6.865680611e-06
	6.781371151e-06	1.798218863e-06	4.088762823e-06	6.289116064e-06	5.299318662e-06
	4.007879193e-06	2.457398458e-06	3.936945578e-07	9.165613823e-08	5.994622994e-07
	2.457398458e-06	1.160859764e-06	1.160859764e-06	4.525913866e-09	5.755785093e-08
	4.973170142e-08	4.973170142e-08	1.778116676e-08	2.335848848e-08	7.272287972e-08
	6.021330767e-08	2.682636824e-08	2.434476936e-06	2.001386005e-06	8.721059093e-07
	6.682962724e-06	1.377823677e-06	3.356252623e-06	3.714577385e-06	3.714577385e-06
	2.434476936e-06	3.90862927e-06	2.205960485e-06	1.954438519e-06	1.987655208e-06
	6.169837912e-07	7.49738672e-07	9.986591936e-07	1.475312647e-06	1.376261823e-06
	6.361250708e-07	8.788098564e-07	8.788098564e-07	1.241138666e-06	1.241138666e-06
	2.061226562e-06	6.781371151e-06	9.717867293e-06	3.805332648e-05	1.321427514e-05
	1.427117154e-05	4.088762823e-06	8.82811799e-06	4.088762823e-06	7.916474239e-06
	4.007879193e-06	2.457398458e-06	2.570996367e-07	5.326793278e-07	1.262899501e-06
	1.262899501e-06	3.207675991e-08	6.021330767e-08	5.755785093e-08	4.973170142e-08
	2.570996367e-07	3.506789925e-08	2.499501628e-08	6.412499731e-08	6.021330767e-08
	2.434476936e-06	1.17858673e-06	1.377823677e-06	6.682962724e-06	3.155410933e-06
	3.401113407e-06	4.087800081e-06	1.762765658e-06	3.401113407e-06	1.954438519e-06
	1.954438519e-06	1.475312647e-06	6.361250708e-07	9.986591936e-07	9.986591936e-07
	8.619273899e-07	1.518818746e-06	6.751348738e-07	6.361250708e-07	8.788098564e-07
	9.717867293e-06	3.335604008e-06	1.233655458e-06	1.162479798e-06	1.162479798e-06
	1.427117154e-05	8.82811799e-06	2.91965023e-05	1.615767904e-05	2.854492497e-06
	8.542541587e-06	8.542541587e-06	4.854405899e-06	2.3484607e-06	8.589344773e-07
	5.326793278e-07	5.326793278e-07	2.696754029e-07	1.948108506e-07	2.076545527e-07
	5.412732267e-07	9.386236588e-08	1.545955333e-07	2.237700909e-07	9.386236588e-08
	8.118800476e-08	1.314929503e-07	1.17858673e-06	1.17858673e-06	1.293189219e-05
	3.155410933e-06	3.096331622e-06	3.155410933e-06	3.617937225e-06	2.273147157e-06
	2.58967398e-06	2.601110749e-06	6.751348738e-07	6.330983258e-07	1.081099055e-06
	1.529847543e-06	8.898012922e-07	1.192522558e-06	6.899244935e-07	1.609326526e-06
	1.806538181e-06	7.441109249e-07	1.162479798e-06	1.753039407e-07	3.757700293e-07
	1.81351875e-05	1.728183639e-05	1.251575132e-05	2.156467343e-05	4.42535116e-06
	2.3484607e-06	8.542541587e-06	1.021403929e-05	6.455206742e-06	2.3484607e-06
	8.589344773e-07	1.545955333e-07	2.696754029e-07	8.753403429e-07	7.258264927e-07
	7.727072027e-07	3.343079755e-07	1.545955333e-07	2.237700909e-07	1.685212148e-07
	1.001940179e-06	1.864672714e-07	2.273147157e-06	2.296552701e-06	1.293189219e-05
	2.58967398e-06	3.621803956e-06	3.096331622e-06	3.699410054e-06	2.0057161e-06
	2.58967398e-06	2.056743309e-06	2.666120509e-06	7.983632448e-07	1.529847543e-06
	1.081099055e-06	1.314121253e-06	1.314121253e-06	7.983632448e-07	8.662341555e-07
	1.419241719e-06	1.419241719e-06	1.00387868e-06	7.479598993e-07	7.900131784e-07
	5.970540342e-07	1.135989354e-06	1.135989354e-06	9.09898854e-07	1.728183639e-05
	1.728183639e-05	1.526857445e-05	2.855404865e-05	1.346851633e-06	3.806996467e-06
	1.380045231e-05	1.021403929e-05	7.509980893e-06	9.53182314e-07	1.814164432e-07
	1.814164432e-07	2.160324191e-07	2.517315663e-07	7.689308608e-07	8.753403429e-07
	8.753403429e-07	7.258264927e-07	1.335352647e-06	7.994019278e-07	2.368388348e-07
	7.994019278e-07	1.212793179e-06	3.999794349e-07	3.36018884e-06	3.36018884e-06
	3.412683344e-05	3.950088144e-06	2.369808143e-06	4.144538715e-06	2.369808143e-06
	2.331419687e-06	2.666120509e-06	2.412606314e-06	3.950088144e-06	1.317309021e-06
	1.895724598e-06	1.317309021e-06	2.412606314e-06	1.085136879e-06	1.085136879e-06
	1.264108149e-06	1.264108149e-06	9.609009002e-07	8.490608385e-07	9.099319049e-07
	8.621334819e-07	2.329098186e-06	9.684722531e-07	1.135989354e-06	1.738791803e-06
	1.591309509e-06	2.10356452e-05	1.771381947e-05	2.10356452e-05	3.218116692e-05
	2.513029462e-06	3.806996467e-06	4.820518519e-06	1.786636535e-05	1.032633606e-05
	1.308394597e-07	2.180648466e-07	2.180648466e-07	3.680016127e-07	8.01900141e-07
	1.087369914e-06	1.335352647e-06	1.212793179e-06	1.723493213e-06	1.420900382e-06
	7.382030094e-07	1.828475557e-06	1.656390521e-06	3.36018884e-06	6.716390735e-05
	3.950088144e-06	3.839437683e-06	2.369808143e-06	3.839437683e-06	2.331419687e-06
	3.646601849e-06	3.646601849e-06	1.317309021e-06	1.482172257e-06	2.665111714e-06
	1.895724598e-06	3.741919074e-06	1.258118661e-06	1.502131829e-06	1.264108149e-06
	1.249255763e-06	9.514513168e-07	1.09977099e-06	1.09977099e-06	2.706631969e-06
	2.688849034e-06	1.435635064e-06	2.109072154e-06	2.454599937e-06	2.481983407e-06
	2.10356452e-05	2.139033489e-05	4.021485589e-05	4.820518519e-06	4.820518519e-06
	2.133560936e-05	1.032633606e-05	8.554061446e-07	1.656390521e-06	1.249350579e-06
	8.01900141e-07	8.01900141e-07	3.064418244e-07	2.788693746e-06	3.696173642e-06
	4.469489634e-06	4.469489634e-06	2.827323222e-06	3.191768451e-06	1.656390521e-06
	2.827323222e-06	2.372287934e-06	4.127652492e-06	2.669770925e-06	2.659132481e-05
	4.024524173e-06	4.139152921e-06	3.839437683e-06	3.437439366e-06	2.529601725e-06
	3.646601849e-06	1.783006629e-06	2.471840673e-06	1.92306691e-06	2.665111714e-06
	3.741919074e-06	1.783006629e-06	1.783006629e-06	4.169415028e-06	1.424789625e-06
	1.001794257e-06	1.001794257e-06	9.680054172e-07	1.217637525e-06	1.217637525e-06
	2.942655255e-06	2.688849034e-06	2.656193543e-06	3.466343843e-06	2.481983407e-06
	3.227382333e-06	3.227382333e-06	3.32882446e-06	2.139033489e-05	4.021485589e-05
	1.380026154e-05	1.323336368e-06	2.545615065e-05	7.834593636e-07	1.249350579e-06
	1.323336368e-06	7.834593636e-07	2.788693746e-06	3.250531507e-06	5.044819487e-06
	5.839795849e-06	6.396793536e-06	6.396793536e-06	4.127652492e-06	2.393615154e-06
	8.436688028e-06	6.268005156e-06	2.284699953e-06	4.049230771e-05	4.232732731e-06
	3.427105121e-06	3.427105121e-06	2.64406672e-06	3.819315221e-06	4.169415028e-06
	2.393834776e-06	2.683481906e-06	2.885202095e-06	3.819315221e-06	1.491763429e-06
	2.393834776e-06	4.169415028e-06	4.84239841e-06	1.229336097e-06	1.229336097e-06
	1.001794257e-06	1.134860113e-06	1.134860113e-06	1.217637525e-06	1.57586149e-06
	2.482235247e-06	3.549873037e-06	3.529795403e-06	3.745060704e-06	3.145958635e-06
	3.017629941e-06	2.796717685e-06	2.938950849e-06	3.745060704e-06	2.711980422e-06
	1.777323202e-06	2.711980422e-06	3.32882446e-06	3.227382333e-06	3.302962878e-06
	3.32882446e-06	2.545615065e-05	4.327987405e-05	1.562915926e-05	5.62002542e-06
	2.087440499e-05	6.817985545e-07	7.834593636e-07	2.98238341e-06	5.4791921e-07
	4.084566192e-06	7.703097362e-06	5.839795849e-06	5.044819487e-06	8.860588294e-06
	6.396793536e-06	4.582286488e-06	8.436688028e-06	9.512745331e-06	2.058638778e-06
	1.100188868e-05	3.215647468e-06	1.579706435e-06	1.521064259e-06	3.819315221e-06
	4.573063324e-06	3.216473587e-06	3.216473587e-06	3.832614111e-06	4.065331354e-06
	1.956875528e-06	4.573063324e-06	4.627603487e-06	4.461586996e-06	1.166593632e-06
	1.229336097e-06	1.479256934e-06	1.166593632e-06	1.134860113e-06	1.953624308e-06
	1.422503798e-06	1.956875528e-06	2.482235247e-06	2.331004928e-06	2.897832655e-06
	2.770147992e-06	3.128291644e-06	2.938950849e-06	2.759431349e-06	3.849707504e-06
	2.897832655e-06	3.097380512e-07	1.701687512e-06	8.687645279e-07	4.004183864e-07
	2.772993646e-06	1.777323202e-06	2.446013807e-06	1.777323202e-06	1.741124978e-07
	3.097380512e-07	5.572870287e-06	3.302962878e-06	3.302962878e-06	5.730668598e-06
	3.408226572e-05	5.698038623e-05	1.549235545e-06	9.28463771e-06	9.28463771e-06
	3.198742333e-07	2.98238341e-06	2.98238341e-06	5.454493546e-07	5.572870287e-06
	7.703097362e-06	1.040209921e-05	8.860588294e-06	1.004826856e-05	9.328530851e-06
	1.004826856e-05	9.512745331e-06	1.556442385e-06	1.100188868e-05	1.579706435e-06
	3.215647468e-06	1.521064259e-06	4.190835015e-06	3.216473587e-06	3.302130082e-06
	4.190835015e-06	4.455045849e-06	4.455045849e-06	3.658742983e-06	1.277121781e-06
	1.264707243e-06	1.328478092e-06	1.503508931e-06	1.961648746e-06	1.327795307e-06
	1.599514906e-06	1.599514906e-06	2.331004928e-06	3.209472121e-06	2.331004928e-06
	2.897832655e-06	2.770147992e-06	2.500746429e-06	2.871826986e-06	3.282010547e-06
	3.449313676e-06	2.331006935e-06	3.097380512e-07	7.054446223e-07	4.468601382e-07
	9.381460142e-07	2.446013807e-06	1.261985036e-06	1.775560591e-06	1.323682319e-08
	1.323682319e-08	1.892010104e-09	7.307766836e-09	2.536303434e-08	2.062181528e-07
	8.760089454e-08	6.544411863e-06	5.162650393e-06	4.702212885e-06	4.702212885e-06
	2.232146945e-05	0.0001124876598	3.198742333e-07	9.28463771e-06	3.198742333e-07
	2.818069567e-06	9.816803342e-06	1.71704884e-06	1.130118693e-05	6.544411863e-06
	1.383009769e-05	1.574189042e-05	1.004826856e-05	1.332270801e-05	1.8666095e-05
	1.431535569e-06	8.218605146e-06	2.441318934e-06	2.650128069e-06	1.06456641e-06
	4.190835015e-06	3.209472121e-06	3.302130082e-06	3.922349897e-06	3.658742983e-06
	3.658742983e-06	1.277121781e-06	1.277121781e-06	1.353322838e-06	1.441919841e-06
	1.666129972e-06	1.961648746e-06	1.961648746e-06	1.620470136e-06	1.620470136e-06
	2.965594581e-06	2.531543029e-06	2.731042183e-06	2.466393683e-06	2.466393683e-06
	1.947901983e-06	3.282010547e-06	3.336337826e-06	3.449313676e-06	2.057185265e-06
	2.33853207e-07	7.17073902e-07	7.17073902e-07	8.49763476e-07	1.088847887e-06
	1.088847887e-06	1.597924575e-07	1.892010104e-09	2.042277458e-11	2.536303434e-08
	4.164490974e-11	1.555239493e-09	4.164490974e-11	4.086993144e-08	8.760089454e-08
	7.867205021e-08	6.544411863e-06	4.701360111e-06	4.702212885e-06	6.432020939e-06
	4.714719444e-05	0.0001124876598	3.654395297e-07	8.913577493e-06	3.654395297e-07
	1.332270801e-05	1.368714336e-05	1.368714336e-05	5.024996624e-06	1.574189042e-05
	1.383009769e-05	9.500740353e-06	1.383009769e-05	1.764099813e-05	1.764099813e-05
	1.902428047e-05	1.06456641e-06	7.721047488e-06	8.674094936e-07	2.650128069e-06
	1.024812343e-06	3.394938058e-06	3.26923828e-06	3.394938058e-06	2.974103666e-06
	2.249449029e-06	2.41635317e-06	1.484199035e-06	1.429788513e-06	1.399615082e-06
	1.464531585e-06	1.851703555e-06	2.280011389e-06	1.910200432e-06	1.640356992e-06
	1.620470136e-06	3.26923828e-06	2.960169892e-06	2.779829793e-06	2.466393683e-06
	1.614023819e-06	1.614023819e-06	3.336337826e-06	3.336337826e-06	4.518065958e-06
	1.861705635e-06	3.347410695e-07	3.347410695e-07	8.49763476e-07	1.169180658e-06
	8.041615565e-07	1.597924575e-07	7.867205021e-08	3.267687454e-09	9.721285998e-10
	3.18094715e-08	4.164490974e-11	3.261409365e-09	6.584492951e-10	7.867205021e-08
	8.288072842e-06	4.518065958e-06	6.978035857e-06	2.755046515e-05	0.0001433303993
	3.654395297e-07	9.965628824e-07	5.024996624e-06	1.94278604e-05	1.368714336e-05
	1.39287769e-05	9.630162111e-06	1.496973938e-05	1.556815901e-05	1.556815901e-05
	1.764099813e-05	2.582430327e-05	7.079982287e-06	1.710735973e-05	1.099866142e-06
	1.110142614e-06	1.024812343e-06	2.974103666e-06	2.622819768e-06	2.102505317e-06
	2.73796182e-06	2.000301773e-06	2.000301773e-06	1.570480715e-06	1.484199035e-06
	1.484199035e-06	1.429788513e-06	1.533241204e-06	1.851703555e-06	2.280011389e-06
	2.280011389e-06	1.110142614e-06	1.910200432e-06	1.624263455e-06	2.622819768e-06
	2.327086945e-06	2.037767775e-06	1.861705635e-06	1.566142682e-06	1.276193395e-06
	3.959664387e-06	2.757314306e-06	2.478249471e-06	2.757314306e-06	2.024200392e-06
	3.347410695e-07	5.164673844e-07	5.164673844e-07	4.881668101e-07	2.244426867e-10
	1.139613452e-07	4.936440323e-08	9.721285998e-10	9.721285998e-10	2.261431042e-08
	2.065761784e-08	2.065761784e-08	6.584492951e-10	4.238748996e-08	2.244426867e-10
	6.978035857e-06	6.978035857e-06	2.755046515e-05	8.300717706e-05	4.758746829e-06
	4.194044373e-06	4.758746829e-06	2.45097432e-05	1.94278604e-05	1.644773591e-05
	1.052612099e-05	6.933338428e-06	2.186394854e-05	1.525603692e-05	1.420168359e-05
	2.847146123e-05	7.079982287e-06	2.643277241e-05	1.110142614e-06	1.570971534e-06
	2.102505317e-06	2.102505317e-06	1.775943943e-06	2.037767775e-06	1.994369276e-06
	1.994369276e-06	1.446291564e-06	1.435545134e-06	1.435545134e-06	1.464249308e-06
	1.577855696e-06	1.560294914e-06	2.113729262e-06	2.639204558e-06	9.850328802e-07
	1.485669895e-06	1.485669895e-06	1.551000214e-06	1.75129777e-06	2.037767775e-06
	1.408430572e-07	3.071020442e-06	1.566142682e-06	1.196993873e-06	3.587749593e-06
	2.757314306e-06	1.737008006e-06	1.737008006e-06	1.408430572e-07	6.195388567e-07
	1.826363638e-07	4.881668101e-07	1.99704191e-08	1.200682576e-08	1.033146102e-08
	7.945166791e-08	1.276522505e-07	7.945166791e-08	4.238748996e-08	3.862985398e-08
	1.99704191e-08	3.862985398e-08	6.933338428e-06	4.194044373e-06	9.655033772e-05
	4.758746829e-06	9.1215583e-07	1.416498479e-05	2.847146123e-05	2.45097432e-05
	2.331896972e-05	9.371358223e-06	1.063596945e-05	2.186394854e-05	1.71037435e-05
	1.71037435e-05	2.457242334e-05	1.519734522e-05	3.02850919e-05	1.109678037e-06
	1.570971534e-06	1.032202606e-06	1.062895563e-06	1.91439424e-06	1.994369276e-06
	1.762932896e-06	1.762932896e-06	1.032202606e-06	1.477346134e-06	1.435545134e-06
	1.464249308e-06	1.464249308e-06	1.577855696e-06	2.113729262e-06	2.739938933e-06
	2.113729262e-06	6.782247901e-07	1.485669895e-06	1.551000214e-06	1.429532905e-06
	1.738389101e-06	1.429532905e-06	3.816473532e-06	3.816473532e-06	1.087325163e-08
	9.701706105e-10	3.071020442e-06	7.666317554e-07	7.666317554e-07	1.601008039e-06
	1.39844415e-06	1.39978041e-06	1.768982273e-06	1.826363638e-07	5.266393384e-07
	1.826363638e-07	1.99704191e-08	1.007929034e-07	2.342774326e-07	3.003546456e-07
	4.889090528e-07	4.053242133e-07	2.257874359e-07	2.595266215e-07	2.595266215e-07
	1.001578694e-05	9.1215583e-07	2.593698187e-05	1.416498479e-05	1.490786833e-06
	1.416498479e-05	2.469340615e-05	2.850476071e-05	2.850476071e-05	3.083323076e-05
	1.001578694e-05	2.349645236e-05	1.69110309e-05	1.601506595e-05	3.177008532e-05
	1.19520728e-05	2.293464388e-05	6.782247901e-07	2.612774343e-06	1.062895563e-06
	1.062895563e-06	1.415023178e-06	1.465774458e-06	1.289882899e-06	6.09045645e-07
	1.306178131e-06	1.407119642e-06	1.407119642e-06	1.324854092e-06	2.783334764e-06
	1.629249451e-06	1.630402727e-06	2.739938933e-06	6.09045645e-07	1.096162134e-06
	1.306178131e-06	1.087576842e-06	1.429532905e-06	1.415023178e-06	7.521714087e-07
	9.56477856e-07	3.880905804e-06	1.768982273e-06	3.425075246e-08	3.425075246e-08
	1.236870713e-06	7.666317554e-07	1.601008039e-06	5.261264393e-07	1.03671578e-08
	1.03671578e-08	3.005118021e-07	1.845781767e-07	3.414456931e-07	2.342774326e-07
	6.066714233e-07	8.601473303e-07	6.021700201e-07	6.499416063e-07	4.053242133e-07
	9.620355828e-07	9.620355828e-07	3.880905804e-06	1.123329757e-05	8.64131944e-06
	2.593698187e-05	1.822236932e-05	4.496158359e-06	2.723972488e-05	3.276849407e-05
	3.989552987e-05	4.327799512e-05	1.123329757e-05	1.69110309e-05	1.69110309e-05
	2.382509821e-05	1.602203728e-05	2.059256904e-05	2.290453173e-06	2.290453173e-06
	5.798270557e-07	5.258425837e-07	1.175792427e-06	1.289882899e-06	6.09045645e-07
	1.32012054e-06	1.351128546e-06	1.351128546e-06	1.299559179e-06	2.297589524e-06
	2.291306563e-06	1.629249451e-06	1.900006848e-06	1.480502478e-06	1.14427907e-06
	1.151484091e-06	9.25075839e-07	6.003286579e-07	5.798270557e-07	6.003286579e-07
	6.409029698e-07	6.858396766e-07	6.740381187e-07	3.880905804e-06	8.706540902e-07
	3.638427968e-07	5.261264393e-07	2.627149227e-07	4.129137086e-07	4.129137086e-07
	1.886867196e-08	3.305896099e-07	8.680719521e-08	1.886867196e-08	6.548735589e-07
	6.066714233e-07	6.066714233e-07	1.123733097e-06	1.500568278e-06	1.360604394e-06
	9.620355828e-07	3.026338293e-06	8.976448531e-06	8.976448531e-06	8.216381508e-07
	2.330075287e-05	1.822236932e-05	1.931228791e-05	2.831816228e-05	2.382509821e-05
	4.327799512e-05	3.56100643e-05	1.206518406e-05	2.407262581e-05	2.382509821e-05
	1.400190844e-05	2.059256904e-05	2.290453173e-06	4.784545143e-06	6.954675369e-07
	7.6382016e-07	8.793515542e-07	8.346232452e-07	1.074000095e-06	1.074000095e-06
	1.138248634e-06	2.279681924e-06	1.236872508e-06	2.291306563e-06	2.291306563e-06
	1.617209769e-06	2.459407476e-06	7.873326702e-07	9.010608055e-07	7.873326702e-07
	6.003286579e-07	6.954675369e-07	4.959845485e-07	4.69931801e-07	4.69931801e-07
	6.740381187e-07	9.214621519e-07	4.432329384e-07	6.903218512e-07	6.903218512e-07
	4.619818128e-08	9.034863169e-08	1.500032898e-08	1.886867196e-08	9.35832567e-09
	2.788053548e-07	1.111091182e-06	1.050186035e-06	1.886119504e-06	1.886119504e-06
	1.123733097e-06	1.123733097e-06	1.500568278e-06	1.360604394e-06	3.026338293e-06
	6.472072955e-06	6.472072955e-06	3.026338293e-06	1.931228791e-05	1.348425623e-06
	4.038627866e-05	3.779918857e-05	5.261636515e-05	2.522289163e-05	4.62294993e-05
	5.261636515e-05	1.206518406e-05	1.492528085e-05	1.492528085e-05	4.784545143e-06
	1.962958989e-05	3.408456012e-06	3.408456012e-06	1.107092216e-06	7.109730351e-07
	6.497018736e-07	1.967244306e-06	9.010608055e-07	9.69188763e-07	2.750998743e-06
	1.061840614e-06	1.934032725e-06	1.382924448e-06	1.648287137e-06	1.373844094e-06
	2.459407476e-06	6.192253581e-07	7.475656538e-07	9.010608055e-07	5.005865011e-07
	6.242855504e-07	7.159706037e-07	4.69931801e-07	4.290461026e-07	4.074010924e-07
	6.497018736e-07	4.213673206e-07	4.432329384e-07	3.263286441e-08	6.903218512e-07
	8.361615933e-07	3.366351669e-07	2.378753727e-08	1.500032898e-08	1.500032898e-08
	3.366351669e-07	1.111091182e-06	1.709583219e-06	1.808246013e-06	1.886119504e-06
	1.94879584e-06	2.495707744e-06	1.905803951e-06	2.640806179e-06	1.90673905e-06
	2.93297866e-08	3.41240944e-06	5.025153603e-06	2.84414593e-06	3.779918857e-05
	1.511227809e-05	4.974061481e-05	3.779918857e-05	5.261636515e-05	2.522289163e-05
	3.944630929e-05	3.944630929e-05	1.492528085e-05	1.678460456e-05	1.45142749e-05
	9.636339193e-06	3.408456012e-06	4.662260052e-06	1.967244306e-06	7.109730351e-07
	1.967244306e-06	7.475656538e-07	9.69188763e-07	1.061840614e-06	2.660778238e-06
	2.286418042e-06	1.382924448e-06	1.608866746e-06	1.382924448e-06	1.615112436e-06
	7.773181974e-07	3.540342596e-06	5.005865011e-07	7.475656538e-07	5.005865011e-07
	3.898531267e-07	8.739863713e-07	1.341723925e-06	4.354266077e-07	8.739863713e-07
	4.655899541e-07	3.818334617e-07	4.213673206e-07	4.15999768e-08	1.65024308e-07
	1.65024308e-07	1.07001495e-06	8.361615933e-07	8.154557403e-07	3.036884397e-07
	3.036884397e-07	1.840300026e-06	1.709583219e-06	3.416002713e-06	3.416002713e-06
	2.91264287e-06	2.91264287e-06	4.150849725e-06	4.150849725e-06	2.525112961e-06
	2.414098558e-06	3.500923941e-06	4.15999768e-08	9.007628776e-08	8.712470487e-07
	4.462269571e-06	2.84414593e-06	8.475057585e-05	0.0001146635839	5.907397786e-05
	4.746532791e-05	4.857810901e-05	2.255889959e-05	1.897273578e-05	1.677608235e-05
	9.357400653e-06	1.037103659e-05	2.479291206e-05	4.662260052e-06	9.636339193e-06
	4.054723288e-06	4.054723288e-06	2.640223363e-06	3.226480957e-06	4.656665276e-07
	6.081961077e-07	7.82866163e-07	1.034801173e-06	2.229407518e-06	1.960494769e-06
	1.960494769e-06	1.381338687e-06	1.229948828e-06	1.393284783e-06	7.773181974e-07
	7.773181974e-07	4.149680549e-06	3.898531267e-07	5.53610545e-07	4.656665276e-07
	3.898531267e-07	8.739863713e-07	1.494646543e-06	8.95590623e-07	7.965739739e-07
	4.655899541e-07	3.818334617e-07	4.117882524e-07	5.110919936e-07	1.539222522e-06
	1.132070483e-06	1.539222522e-06	2.344918784e-06	8.154557403e-07	8.154557403e-07
	3.510404287e-06	3.510404287e-06	3.909053778e-06	1.425914487e-06	4.1733633e-06
	4.1733633e-06	4.150849725e-06	3.854745848e-06	4.324791538e-06	4.324791538e-06
	3.909053778e-06	4.462269571e-06	9.007628776e-08	2.656291604e-07	3.690845531e-07
	3.690845531e-07	0.0001424514428	6.945984638e-05	4.857810901e-05	4.857810901e-05
	4.206653399e-05	1.037103659e-05	6.952481047e-06	1.037103659e-05	2.278793343e-05
	5.154357001e-06	5.154357001e-06	3.6879208e-06	4.149680549e-06	3.152363796e-06
	3.226480957e-06	3.958164516e-07	4.570637184e-07	9.25583592e-07	1.029464793e-06
	2.017453989e-06	1.960494769e-06	1.661768912e-06	1.381338687e-06	1.381338687e-06
	7.550379548e-07	5.53610545e-07	4.110231998e-06	3.152363796e-06	3.390120566e-07
	5.53610545e-07	3.390120566e-07	3.395565358e-07	8.860162097e-07	2.004298768e-06
	3.073633316e-06	2.004298768e-06	8.860162097e-07	5.467950537e-07	7.099279902e-07
	4.117882524e-07	4.117882524e-07	2.305443267e-06	1.539222522e-06	2.190356168e-06
	2.190356168e-06	2.960862583e-06	2.541824608e-06	3.510404287e-06	4.307817916e-06
	3.909053778e-06	2.656291604e-07	3.366585165e-06	5.979220575e-06	7.466118324e-06
	6.414844305e-06	4.324791538e-06	6.439215093e-06	6.439215093e-06	5.83185958e-06
	1.025633933e-07	2.656291604e-07	3.690845531e-07	2.174573354e-06	7.719628233e-05
	0.0002600162497	6.871970171e-05	6.871970171e-05	4.206653399e-05	2.278793343e-05
	1.079933062e-05	9.420436058e-07	1.123435474e-06	1.079933062e-05	5.154357001e-06
	4.212762099e-06	2.353665383e-06	4.110231998e-06	3.152363796e-06	2.943406132e-07
	8.230729724e-07	8.230729724e-07	2.017279837e-06	2.017279837e-06	1.609720393e-06
	1.421796847e-06	1.22735631e-06	6.970584678e-07	4.53495427e-07	5.578086757e-07
	4.110231998e-06	3.24989336e-06	2.993229513e-07	3.395565358e-07	4.53495427e-07
	3.233863177e-07	2.943406132e-07	2.993229513e-07	3.478216923e-07	1.618612671e-06
	3.073633316e-06	2.004298768e-06	2.583863905e-06	1.065500951e-06	5.806260042e-07
	1.302276274e-06	5.866546688e-07	5.866546688e-07	2.305443267e-06	4.819772482e-06
	5.206813442e-06	4.009403306e-06	4.009403306e-06	3.813771713e-06	4.663114361e-06
	6.846954934e-06	2.271307367e-06	3.366585165e-06	8.147519678e-06	6.414844305e-06
	6.414844305e-06	7.245983948e-06	7.00649e-06	7.124772473e-06	5.83185958e-06
	7.364924581e-08	7.611142534e-07	7.611142534e-07	4.922083084e-06	0.0002108379332
	0.0002026434361	0.0001142662318	7.250939494e-05	3.496306308e-05	2.349585179e-05
	1.130630532e-06	7.662867318e-08	1.130630532e-06	1.468512307e-06	1.770107958e-06
	4.045430559e-06	2.315339819e-06	3.196662176e-06	8.230729724e-07	9.870675859e-07
	1.908048963e-06	2.017279837e-06	2.018382695e-06	1.318226691e-06	1.318226691e-06
	1.156088453e-06	9.840753403e-07	8.200629704e-07	4.43597215e-07	4.53495427e-07
	3.308596286e-07	3.517996388e-06	3.309441904e-06	3.326211413e-07	3.139004212e-07
	2.566680504e-07	2.590639294e-07	2.639737779e-07	4.548884585e-07	3.165245105e-06
	2.042407131e-06	2.042407131e-06	1.302276274e-06	7.167556451e-07	1.302276274e-06
	5.866546688e-07	6.619730373e-07	4.010252995e-06	4.819772482e-06	5.206813442e-06
	5.206813442e-06	4.229556903e-06	6.846954934e-06	6.846954934e-06	4.867021655e-06
	4.867021655e-06	8.729702775e-06	8.729702775e-06	7.245983948e-06	7.245983948e-06
	7.00649e-06	8.130294648e-06	7.396939205e-06	7.611142534e-07	2.665654769e-06
	2.665654769e-06	0.0002108379332	0.0004198663972	7.576161584e-05	4.776294506e-05
	3.444889348e-05	1.018588699e-05	1.130630532e-06	3.707058829e-07	1.217065373e-07
	8.52518985e-07	2.322079859e-06	6.007808187e-06	2.683351568e-06	3.309441904e-06
	8.200629704e-07	1.836753363e-06	1.836753363e-06	1.438276691e-06	1.37443441e-06
	1.203674931e-06	5.430206205e-07	1.156088453e-06	6.675416522e-07	6.675416522e-07
	3.308596286e-07	3.308596286e-07	2.576476943e-07	2.452880713e-06	2.171665959e-06
	3.724938962e-07	2.639737779e-07	2.590639294e-07	2.590639294e-07	5.854586158e-07
	5.854586158e-07	3.165245105e-06	3.165245105e-06	1.85233583e-06	1.522544038e-06
	1.522544038e-06	1.151134708e-06	1.151134708e-06	6.826221632e-07	6.610467771e-06
	5.724160235e-06	8.509542801e-06	8.509542801e-06	7.823437756e-06	6.710870342e-06
	8.035656294e-06	9.138809419e-06	1.186426245e-05	1.015421699e-05	8.86378692e-06
	9.183733144e-06	8.130294648e-06	8.130294648e-06	9.319701107e-06	8.783251921e-07
	2.401106017e-06	6.232397385e-06	6.175939022e-06	0.0002220561598	0.0004198663972
	7.576161584e-05	2.710099495e-05	1.479909118e-05	2.827534136e-06	1.217065373e-07
	2.349498608e-06	1.450316333e-06	1.400138825e-06	6.007808187e-06	1.604960933e-06
	2.472237719e-06	4.41486419e-07	4.29443574e-07	1.763069967e-06	1.836753363e-06
	1.831559229e-06	1.37443441e-06	2.85549005e-06	1.203674931e-06	1.111908216e-06
	5.176977584e-07	8.18782965e-07	6.496704987e-07	3.491029998e-07	2.927743932e-07
	2.576476943e-07	2.452880713e-06	2.452880713e-06	4.29443574e-07	2.811684157e-07
	2.440725284e-07	5.854586158e-07	6.455827277e-07	1.049884884e-06	2.634653549e-06
	2.751608325e-06	1.653848787e-06	1.397560279e-06	1.151134708e-06	1.049884884e-06
	7.85331347e-06	8.717299484e-06	8.509542801e-06	9.319701107e-06	1.200038926e-05
	1.520223344e-05	1.453688866e-05	1.124571331e-05	1.124571331e-05	1.061147794e-05
	9.183733144e-06	9.365444331e-06	9.97403934e-06	1.056151765e-05	1.775361865e-05
	5.930189536e-06	6.674314657e-06	1.1169889e-05	0.0002667430448	0.0003826981917
	2.710099495e-05	2.710099495e-05	1.330433672e-06	2.482039764e-06	4.813973785e-06
	8.987737242e-06	7.944895772e-07	2.368062732e-06	1.604960933e-06	9.975206424e-06
	1.604960933e-06	2.472237719e-06	2.85549005e-06	4.29443574e-07	2.571343689e-07
	1.86357536e-06	1.754446629e-06	1.754446629e-06	1.364568847e-06	1.111908216e-06
	2.634653549e-06	7.85459366e-07	7.85459366e-07	3.491029998e-07	6.496704987e-07
	6.496704987e-07	2.75232396e-07	2.273316406e-07	2.273316406e-07	2.339132655e-06
	1.779075172e-06	4.152283797e-07	2.571343689e-07	5.509081582e-07	8.551820079e-07
	5.509081582e-07	1.124569078e-06	1.124569078e-06	2.148841963e-06	1.829827074e-06
	1.623819577e-06	1.340042016e-06	1.234530863e-05	1.040927107e-05	1.234530863e-05
	1.625536475e-05	1.775361865e-05	1.453688866e-05	1.775361865e-05	1.212976137e-05
	1.061147794e-05	1.061147794e-05	1.007837881e-05	1.007837881e-05	1.204655214e-05
	1.271185997e-05	8.987737242e-06	1.541211085e-05	1.541211085e-05	0.0002667430448
	0.0001106245082	7.217320208e-05	1.330433672e-06	1.330433672e-06	4.813973785e-06
	8.987737242e-06	2.190856141e-05	1.583007352e-05	5.201147996e-06	1.810917188e-06
	2.666639317e-06	1.892654454e-05	1.854014493e-06	2.339132655e-06	2.478033664e-06
	2.315250782e-06	3.639978816e-07	2.066207037e-07	2.75232396e-07	1.719011424e-06
	1.787455565e-06	1.571475625e-06	1.571475625e-06	1.138857466e-06	9.551718065e-07
	2.148841963e-06	7.85459366e-07	3.521302059e-07	5.230341795e-07	2.75232396e-07
	1.920371266e-07	2.421439254e-07	1.9816316e-06	1.792934699e-06	3.84397234e-07
	2.697121859e-07	5.509081582e-07	7.876730939e-07	6.960180001e-07	1.340042016e-06
	1.014800651e-06	2.148841963e-06	1.796487434e-06	1.340042016e-06	1.930602231e-06
	1.832254891e-05	1.32609259e-05	1.234530863e-05	1.625536475e-05	1.699653568e-05
	1.832254891e-05	1.246852384e-05	1.093088538e-05	1.093088538e-05	1.092996844e-05
	1.092996844e-05	1.271185997e-05	1.271185997e-05	2.167181537e-05	1.541211085e-05
	2.521989672e-05	7.217320208e-05	0.0003682977272	3.439659868e-05	3.549743549e-06
	6.39604431e-06	1.583007352e-05	2.587669948e-05	2.587669948e-05	1.061577851e-05
	5.679177206e-06	2.666639317e-06	1.385168554e-05	1.792934699e-06	1.914777294e-06
	1.899898806e-06	1.930602231e-06	3.84397234e-07	1.910201739e-07	2.514927004e-07
	2.514927004e-07	1.843880534e-06	2.081984839e-06	1.376317345e-06	1.712038728e-06
	1.229996663e-06	1.376317345e-06	8.075995375e-07	8.075995375e-07	6.416184739e-07
	1.992594562e-06	5.230341795e-07	1.920371266e-07	1.920371266e-07	2.059215225e-07
	2.059215225e-07	1.792934699e-06	3.84397234e-07	3.444320424e-07	2.759951117e-07
	5.921156556e-07	8.426357416e-07	6.960180001e-07	6.743922252e-07	1.447827163e-06
	9.773922423e-07	1.592204295e-06	1.437756224e-06	1.930602231e-06	2.460938982e-05
	1.522948368e-05	1.522948368e-05	2.004802859e-05	1.927729546e-05	2.469932887e-05
	1.506233799e-05	1.162750593e-05	1.070375261e-05	1.092996844e-05	1.086726632e-05
	1.289549528e-05	1.623872355e-05	1.623872355e-05	2.623258283e-05	2.623258283e-05
	3.338398399e-05	4.69689211e-05	0.0003682977272	9.467138694e-06	3.549743549e-06
	5.133787525e-06	1.061577851e-05	2.05264027e-05	3.338398399e-05	2.587669948e-05
	1.913002871e-05	5.679177206e-06	3.627352862e-06	1.385168554e-05	2.020473964e-06
	1.700043363e-06	1.899898806e-06	1.899898806e-06	1.700043363e-06	2.514927004e-07
	3.218057847e-07	1.592204295e-06	1.843880534e-06	6.416184739e-07	2.081984839e-06
	2.081984839e-06	1.376317345e-06	1.52537331e-06	8.429796949e-07	1.091668379e-06
	8.075995375e-07	3.858431077e-07	1.670942971e-06	3.218057847e-07	1.626423733e-07
	1.58993207e-07	1.727716006e-07	2.030928163e-07	2.030928163e-07	2.020473964e-06
	4.79464604e-07	3.883607573e-07	3.143477381e-07	5.830763121e-07	8.426357416e-07
	6.743922252e-07	6.743922252e-07	1.061017793e-06	1.368436842e-06	1.592204295e-06
	1.552867548e-06	2.469932887e-05	2.20911741e-05	2.20911741e-05	2.469932887e-05
	1.248289992e-05	1.248289992e-05	1.070375261e-05	1.086726632e-05	1.200660042e-05
	1.200660042e-05	1.914908897e-05	1.605132569e-05	2.623258283e-05	3.338398399e-05
	7.968777147e-05	0.0001088468138	9.467138694e-06	1.726916466e-06	3.752515433e-05
	1.726916466e-06	2.791828388e-05	2.791828388e-05	2.855061165e-05	3.954550925e-05
	2.650195998e-05	8.085028517e-06	3.627352862e-06	2.328829608e-05	2.440273507e-06
	1.700043363e-06	1.505728846e-06	1.584182105e-06	1.538440238e-06	1.394557994e-06
	3.218057847e-07	1.47037989e-06	2.016356117e-06	5.049153469e-07	2.439613638e-06
	1.506564754e-06	1.366578326e-06	1.091668379e-06	1.001894186e-06	6.87591025e-07
	7.854659252e-07	6.87591025e-07	5.049153469e-07	3.858431077e-07	1.427162775e-06
	2.29121536e-07	1.506949481e-07	1.447587028e-07	1.447587028e-07	1.517498482e-07
	2.030928163e-07	2.488075186e-07	2.989480343e-06	2.396607354e-06	4.79464604e-07
	3.809869842e-07	3.144795357e-07	5.830763121e-07	9.592506514e-07	8.292050708e-07
	7.395903534e-07	1.159848503e-06	1.001347488e-06	1.427162775e-06	1.304915362e-06
	1.159848503e-06	1.552867548e-06	1.584182105e-06	3.047657577e-05	2.978664725e-05
	2.266208553e-05	1.248289992e-05	9.866089228e-06	1.025128966e-05	2.266208553e-05
	1.025128966e-05	1.10823011e-05	1.406346547e-05	1.406346547e-05	2.947711679e-05
	2.85699182e-05	7.968777147e-05	0.0001088468138	4.944135554e-07	4.507726157e-07
	3.904425266e-05	4.010096628e-05	2.599193245e-05	2.791828388e-05	3.80121981e-05
	2.599193245e-05	8.573745678e-06	5.036389632e-06	2.328829608e-05	2.989480343e-06
	1.335265622e-06	1.512928442e-06	1.584182105e-06	1.394557994e-06	9.863304884e-07
	9.863304884e-07	6.144210518e-07	6.87591025e-07	6.342222871e-07	4.837077796e-07
	3.419316155e-07	2.32941364e-07	1.219863293e-06	1.55269233e-07	1.492565609e-07
	1.447587028e-07	1.634284166e-07	1.976245732e-07	2.159564607e-07	2.396607354e-06
	2.396607354e-06	1.592282088e-06	3.809869842e-07	3.144795357e-07	3.144795357e-07
	4.652799674e-07	8.82556821e-07	7.395903534e-07	5.787145527e-07	1.159848503e-06
	9.812262323e-07	1.210503063e-06	1.304915362e-06	1.210503063e-06	1.744259458e-06
	2.947711679e-05	2.266208553e-05	1.02623998e-05	1.928044503e-05	7.198826139e-06
	9.621228532e-06	1.928044503e-05	1.10823011e-05	1.077132764e-05	1.406346547e-05
	3.467660969e-05	2.85699182e-05	2.85699182e-05	2.193049901e-05	5.685585929e-06
	4.944135554e-07	7.38201787e-06	3.869610604e-05	3.467660969e-05	1.714523741e-05
	3.869610604e-05	3.653243834e-05	8.162877215e-06	5.749568806e-06	2.220066347e-05
	5.749568806e-06	1.14197286e-06	1.592282088e-06	1.165468446e-06	6.144210518e-07
	2.529044876e-07	4.729473231e-07	6.342222871e-07	2.8004124e-07	2.529044876e-07
	1.219863293e-06	1.260432745e-07	1.317435796e-07	1.424014333e-07	2.159564607e-07
	1.53977767e-07	2.159564607e-07	3.392817888e-06	2.258044334e-06	3.392817888e-06
	1.592282088e-06	2.692377588e-07	3.704842571e-07	3.387564163e-07	4.510715095e-07
	7.131112665e-07	7.131112665e-07	4.982226796e-07	1.000991115e-06	8.544582961e-07
	7.451657922e-07	1.210503063e-06	9.686156099e-07	1.14197286e-06	1.709688166e-06
	9.824502485e-07	2.422690521e-05	2.118380006e-05	7.145694391e-06	1.566158439e-05
	5.167416482e-06	7.733883306e-06	1.621676869e-05	1.077132764e-05	1.077132764e-05
	2.95750518e-05	3.128575923e-05	2.973560671e-05	2.437889987e-05	9.756286143e-07
	5.685585929e-06	3.905920622e-06	2.372914262e-05	2.976842801e-05	3.905920622e-06
	3.869610604e-05	4.201043192e-05	4.201043192e-05	3.653243834e-05	4.232166381e-05
	2.961739848e-05	9.006943497e-06	7.081001504e-06	2.166415848e-05	7.081001504e-06
	1.165468446e-06	1.492318193e-06	1.165468446e-06	1.975368402e-07	3.557769332e-07
	2.8004124e-07	1.931342011e-07	1.931342011e-07	9.705618353e-07	1.260432745e-07
	1.260432745e-07	2.027333634e-07	1.113451362e-07	1.231939177e-07	1.870552708e-07
	1.741301818e-07	9.682847113e-07	3.392817888e-06	5.88570303e-06	2.26305106e-06
	3.880699792e-06	1.454172629e-06	2.942020809e-07	3.387564163e-07	3.387564163e-07
	4.982226796e-07	6.194850721e-07	6.194850721e-07	4.982226796e-07	8.544582961e-07
	7.419603278e-07	6.438565019e-07	9.705618353e-07	7.939205546e-07	8.541469574e-07
	1.454172629e-06	1.81124252e-06	8.541469574e-07	2.118380006e-05	1.566158439e-05
	5.167416482e-06	1.566158439e-05	5.167416482e-06	6.246408278e-06	6.646699657e-06
	6.646699657e-06	3.128575923e-05	3.128575923e-05	2.437889987e-05	1.996919029e-05
	1.625902442e-06	7.214498559e-05	1.855391684e-06	2.976842801e-05	2.03320074e-05
	3.585865695e-05	4.359747764e-05	4.201043192e-05	3.585865695e-05	4.290902725e-05
	4.359747764e-05	5.154830665e-05	4.19542295e-05	9.268863037e-06	7.081001504e-06
	2.14161269e-05	5.88570303e-06	1.088664106e-06	1.088664106e-06	9.705618353e-07
	1.114727497e-07	2.027333634e-07	2.36628912e-07	1.211799496e-07	1.402502106e-07
	1.684871518e-07	8.209597859e-07	5.011720439e-06	2.113967763e-06	3.580672701e-06
	3.880699792e-06	1.454172629e-06	2.348080179e-07	2.942020809e-07	3.661984498e-07
	3.522254239e-07	5.302566786e-07	4.383739309e-07	4.605921284e-07	8.486252567e-07
	7.34248176e-07	5.394313343e-07	9.008110162e-07	7.939205546e-07	7.939205546e-07
	8.541469574e-07	1.81124252e-06	2.113967763e-06	6.88802366e-07	1.894845006e-05
	1.233908166e-05	3.416062608e-06	8.161093555e-06	3.568082257e-06	4.878627156e-06
	6.646699657e-06	1.719442113e-05	1.321545346e-05	1.996919029e-05	7.260976123e-06
	7.214498559e-05	7.260976123e-06	2.03320074e-05	3.636169442e-05	2.324569259e-05
	3.054642751e-05	4.110218745e-05	3.521430005e-05	4.110218745e-05	4.85123682e-05
	9.268863037e-06	1.031584346e-05	2.418575884e-05	8.342584014e-06	7.065121033e-06
	9.280489175e-07	1.088664106e-06	7.869956595e-07	5.102954441e-06	2.113967763e-06
	4.542365087e-06	1.206977018e-06	2.948177129e-07	3.322174105e-07	3.522254239e-07
	5.394313343e-07	3.59215643e-07	2.877277772e-07	7.34248176e-07	6.307246556e-07
	5.394313343e-07	6.746603822e-07	6.746603822e-07	7.015116714e-07	6.88802366e-07
	1.779483955e-06	1.216792745e-06	9.130748948e-07	2.454076485e-06	3.593929707e-06
	6.91842698e-07	1.135471778e-05	1.135471778e-05	1.210785218e-06	5.41721302e-06
	3.345594088e-06	3.51139989e-06	1.605535557e-05	1.742163119e-05	1.321545346e-05
	9.840473025e-06	0.0001533258013	7.260976123e-06	4.416690236e-05	1.467181974e-05
	2.435160375e-05	3.636169442e-05	4.020494385e-05	2.324569259e-05	2.814892036e-05
	4.034818393e-05	3.521430005e-05	4.034818393e-05	8.342584014e-06	1.011513705e-05
	2.34847639e-05	8.542502436e-06	5.505670881e-06	5.623526966e-07	7.151866603e-07
	2.454076485e-06	1.007291626e-06	3.142277771e-07	3.220826312e-07	3.59215643e-07
	2.877277772e-07	2.877277772e-07	1.327277222e-06	5.045011775e-07	3.823634678e-07
	4.574410242e-07	5.322523737e-07	5.322523737e-07	4.930006214e-07	9.288672613e-07
	9.130748948e-07	5.969771911e-06	3.471306077e-06	1.734781826e-06	3.471306077e-06
	4.312198099e-07	3.120957541e-07	5.623526966e-07	9.840473025e-06	3.2328369e-06
	3.382880034e-07	2.253260317e-06	2.253260317e-06	1.518976265e-05	1.255232406e-05
	1.255232406e-05	8.381683786e-06	8.5037814e-06	0.0001533258013	1.456937983e-05
	7.826672067e-05	1.456937983e-05	1.465609293e-05	3.7618647e-05	4.020494385e-05
	4.020494385e-05	2.004799442e-05	3.523287088e-05	3.941616983e-05	2.489953449e-05
	3.523287088e-05	4.034818393e-05	8.542502436e-06	1.105857255e-05	2.362407638e-05
	7.70982997e-06	4.87150273e-07	4.87150273e-07	3.836762397e-07	3.198843648e-07
	1.089530302e-06	1.734781826e-06	3.823634678e-07	3.823634678e-07	3.41509713e-07
	3.541020164e-07	3.545026965e-07	2.933341581e-07	6.311501299e-07	5.101554046e-07
	5.969771911e-06	3.471306077e-06	3.500871982e-06	1.734781826e-06	2.988639898e-07
	1.847340976e-07	2.350091139e-07	3.2328369e-06	3.2328369e-06	3.267773772e-07
	1.336856308e-06	1.518976265e-05	1.518976265e-05	5.897700805e-06	5.897700805e-06
	5.897700805e-06	0.0001968947086	1.676902104e-05	2.063149533e-05	1.456937983e-05
	2.026266763e-05	2.453800274e-05	3.08849061e-05	5.322901193e-05	4.236402195e-05
	2.004799442e-05	4.236402195e-05	3.41270954e-05	3.41270954e-05	9.343291284e-06
	1.297100817e-05	2.754167819e-05	9.343291284e-06	2.754167819e-05	5.101554046e-07
	2.863251254e-07	6.308255429e-07	1.089530302e-06	1.065740906e-06	2.863251254e-07
	3.545026965e-07	3.41509713e-07	3.139877558e-07	2.650575746e-07	2.555938006e-07
	3.362213183e-07	5.009906699e-06	3.500871982e-06	3.500871982e-06	2.130231683e-06
	7.084938083e-07	1.558083185e-07	1.92407088e-07	2.357195132e-07	2.357195132e-07
	1.930909623e-06	8.422074811e-07	1.564425425e-07	1.570379093e-07	1.427320941e-05
	9.84738309e-06	3.618341959e-06	3.618341959e-06	0.0002999017629	1.676902104e-05
	2.490973675e-05	2.026266763e-05	2.011656151e-05	4.357957547e-05	5.322901193e-05
	4.186973626e-05	2.061901691e-05	2.844703016e-05	3.41270954e-05	1.427320941e-05
	9.343291284e-06	1.494808873e-05	1.494808873e-05	8.840994905e-06	8.840994905e-06
	1.482237644e-05	3.320335884e-05	2.252465117e-07	6.308255429e-07	6.026409387e-07
	2.602611946e-07	2.650575746e-07	1.595357559e-07	2.650575746e-07	1.194761863e-07
	2.252465117e-07	1.760686685e-07	2.130231683e-06	4.751637955e-06	2.989530528e-06
	2.989530528e-06	3.061838951e-07	2.61875345e-07	4.03934086e-07	1.558083185e-07
	1.00612862e-07	1.728210253e-07	2.357195132e-07	1.487524251e-06	4.085628604e-07
	2.973261675e-06	2.973261675e-06	1.427320941e-05	5.858339135e-06	9.737556171e-06
	3.618341959e-06	6.182884495e-06	1.394018485e-06	0.0002540781539	1.171697787e-05
	1.70280696e-05	2.046585342e-05	2.490973675e-05	4.357957547e-05	4.357957547e-05
	4.691341129e-05	4.215331561e-05	2.714094806e-05	2.02521558e-05	2.714094806e-05
	2.02521558e-05	1.333127691e-05	4.597459698e-06	8.839482363e-06	1.333127691e-05
	1.578073268e-05	3.320335884e-05	1.180371458e-07	2.476671193e-07	1.826450071e-07
	1.736142015e-07	1.473966906e-07	9.415262148e-08	1.760686685e-07	1.760686685e-07
	3.061838951e-07	7.478190889e-08	1.779372896e-06	2.134777101e-06	2.134777101e-06
	1.812309465e-07	4.03934086e-07	1.093789863e-07	2.57905213e-07	9.415262148e-08
	9.205254914e-08	1.00612862e-07	6.219487503e-08	6.078147239e-07	4.465991426e-07
	2.973261675e-06	6.419057274e-06	1.359674515e-06	5.858339135e-06	6.540176236e-06
	1.359674515e-06	2.397459284e-07	2.036576104e-05	4.306295761e-06	8.997347651e-06
	2.972788246e-05	2.972788246e-05	2.972788246e-05	4.684764492e-05	4.671680497e-05
	4.204677592e-05	2.714094806e-05	3.747364041e-05	2.02521558e-05	1.6207736e-05
	1.649019688e-05	4.323739491e-05	4.477039592e-05	8.839482363e-06	5.292128731e-06
	7.857176824e-06	3.842294515e-06	5.522959839e-06	1.578073268e-05	6.282378595e-08
	1.473966906e-07	9.415262148e-08	8.347671976e-08	1.780153218e-07	9.513798549e-08
	7.286284709e-07	2.134777101e-06	1.098384316e-06	6.282378595e-08	8.919316485e-08
	1.093789863e-07	1.093789863e-07	2.090768163e-07	8.634670423e-08	1.273482924e-07
	9.489882502e-08	6.219487503e-08	6.602594254e-07	6.602594254e-07	3.524993971e-06
	1.359674515e-06	3.270407261e-06	2.397459284e-07	2.397459284e-07	7.873294821e-06
	2.036576104e-05	4.306295761e-06	2.557672342e-05	0.0001116413424	4.306295761e-06
	2.738982831e-05	2.738982831e-05	2.927281121e-05	3.164402304e-05	4.590040538e-05
	4.865165692e-05	3.870375107e-05	3.870375107e-05	2.940841651e-05	1.6207736e-05
	1.782972797e-05	1.309221896e-05	0.0001116413424	4.413540794e-05	8.168621308e-06
	8.826341857e-06	4.098642226e-05	3.842294515e-06	5.522959839e-06	2.712354552e-06
	3.931896246e-07	5.522959839e-06	8.826341857e-06	6.282378595e-08	8.347671976e-08
	9.513798549e-08	1.938318823e-06	7.286284709e-07	1.098384316e-06	8.236445082e-08
	2.090768163e-07	1.410795905e-07	1.221206598e-07	1.410795905e-07	8.919316485e-08
	1.133597738e-07	1.461407564e-07	2.090768163e-07	1.056214181e-07	8.236445082e-08
	1.143486068e-07	4.412250565e-06	2.541440924e-07	3.524993971e-06	1.781646145e-06
	3.848212997e-07	5.085111175e-06	9.226133247e-06	1.362099805e-06	5.298725748e-06
	1.739335579e-06	4.284926733e-06	5.298725748e-06	2.738982831e-05	3.078500035e-05
	3.641472488e-05	3.949216562e-05	4.428844204e-05	3.794675025e-05	3.794675025e-05
	2.940841651e-05	1.782972797e-05	2.002270675e-05	9.226133247e-06	0.0001483321773
	0.0002373247392	4.098642226e-05	4.095640541e-05	3.450841446e-05	2.387528538e-05
	6.7190957e-06	2.45360036e-06	3.257623371e-07	8.168621308e-06	4.429443012e-07
	8.826341857e-06	1.642952919e-06	1.86873764e-06	2.407061628e-07	7.914423954e-07
	2.355700455e-07	2.096636786e-07	1.903992175e-07	4.192017888e-07	6.719909145e-07
	2.004370656e-07	4.192017888e-07	1.410795905e-07	2.750678056e-07	8.054475316e-07
	7.376787909e-07	8.520546084e-07	1.399953313e-06	6.896002314e-07	2.004370656e-07
	2.096636786e-07	2.936294709e-06	1.781646145e-06	1.781646145e-06	3.848212997e-07
	2.714855007e-06	5.085111175e-06	9.226133247e-06	2.166552807e-06	1.583155977e-05
	4.284926733e-06	4.686159194e-07	1.583155977e-05	3.623645354e-05	4.677467125e-05
	4.428844204e-05	4.428844204e-05	4.05629921e-05	3.036000722e-05	3.036000722e-05
	2.002270675e-05	1.480558359e-05	1.128121145e-05	0.0002081162563	0.0004772873942
	0.000235138502	5.692040113e-05	0.000235138502	0.0001164264587	5.692040113e-05
	2.733663396e-05	0.0001130177486	1.521650288e-06	1.791426775e-06	8.734003204e-06
	2.167289786e-06	6.141846873e-05	1.133523744e-05	2.140627406e-05	1.642952919e-06
	1.876784238e-06	3.400026625e-07	4.186623155e-06	1.30780246e-06	1.30780246e-06
	3.03734695e-07	1.749994918e-06	2.798633372e-06	2.096636786e-07	1.975400884e-06
	4.192017888e-07	2.004370656e-07	1.24258728e-06	4.823152764e-07	5.318312415e-07
	7.376787909e-07	8.054475316e-07	1.711126747e-06	1.491688351e-06	2.917556407e-06
	3.295971085e-07	3.877822081e-07	1.976023323e-07	2.714855007e-06	1.822531068e-07
	6.213868073e-06	6.213868073e-06	1.148978272e-05	1.008417289e-05	1.583155977e-05
	5.054984393e-06	4.686159194e-07	1.280729507e-05	2.973417368e-05	3.623645354e-05
	3.957133943e-05	3.957133943e-05	3.533288885e-05	3.036000722e-05	2.145869033e-05
	2.145869033e-05	1.526215518e-05	1.148978272e-05	4.106411886e-05	0.0002322687718
	0.0001527984026	9.904924804e-05	6.700482053e-05	0.0001459555677	1.223505147e-05
	4.106411886e-05	5.621700702e-05	4.186623155e-06	1.259239906e-05	8.734003204e-06
	3.789356745e-05	3.158763589e-05	3.158763589e-05	1.876784238e-06	1.876784238e-06
	7.014802498e-06	1.751137801e-05	1.673167271e-06	1.30780246e-06	3.258352743e-06
	1.749994918e-06	1.749994918e-06	2.798633372e-06	3.877822081e-07	1.975400884e-06
	4.65350313e-07	2.917556407e-06	4.054384071e-05	9.735702931e-07	1.071981853e-06
	8.538754588e-07	1.790571596e-06	4.741875274e-06	2.496377269e-06	5.366537217e-07
	9.86853496e-07	7.88671197e-07	7.302642238e-07	4.24129196e-06	7.302642238e-07
	4.24129196e-06	8.507567617e-06	1.334034543e-05	1.334034543e-05	5.054984393e-06
	9.03251574e-07	2.973417368e-05	2.973417368e-05	4.357847729e-05	3.238886849e-05
	3.311103012e-05	2.821939699e-05	1.297369915e-05	2.564406431e-05	1.946933349e-05
	1.297369915e-05	6.020011939e-05	3.176063249e-05	3.945712472e-05	5.621700702e-05
	5.343634774e-05	8.384885431e-06	1.852284186e-05	4.926036719e-05	1.259239906e-05
	3.542132683e-05	3.35832938e-05	3.789356745e-05	4.926036719e-05	7.014802498e-06
	1.091886919e-05	7.014802498e-06	1.526783203e-05	2.789801693e-05	2.859255417e-06
	4.449066778e-06	6.435918136e-06	4.969339213e-06	1.526783203e-05	2.243722007e-06
	9.86853496e-07	4.054384071e-05	4.722274865e-06	4.054384071e-05	9.735702931e-07
	2.065879589e-06	1.934278988e-06	3.068033954e-06	7.145764698e-06	3.723550656e-06
	7.88671197e-07	9.86853496e-07	7.88671197e-07	7.302642238e-07	3.393593418e-06
	6.127398935e-07	3.393593418e-06	1.454987253e-05	1.334034543e-05	1.246323545e-05
	9.03251574e-07	9.828090342e-07	2.627749419e-05	3.356092889e-05	2.627749419e-05
	3.311103012e-05	2.564406431e-05	3.191472476e-05	1.955814447e-05	2.564406431e-05
	1.454987253e-05	1.852284186e-05	3.176063249e-05	5.002866812e-05	3.945712472e-05
	4.714344842e-05	1.852284186e-05	4.926036719e-05	4.086905895e-05	4.086905895e-05
	5.365564152e-05	4.704545579e-05	2.651835818e-05	2.380983833e-05	1.526783203e-05
	2.789801693e-05	3.586281718e-05	9.421311023e-06	9.421311023e-06	7.276627757e-06
	1.706808155e-05	4.444952815e-07	2.086356426e-06	3.356092889e-05	7.276627757e-06
	7.276627757e-06	3.428352448e-05	7.145764698e-06	2.086356426e-06	2.065879589e-06
	3.068033954e-06	3.068033954e-06	5.895874451e-06	1.120800668e-06	1.530852751e-06
	1.508575117e-06	2.176493816e-07	3.393593418e-06	1.586895118e-06	5.160560901e-06
	1.384766906e-05	6.545923942e-06	6.975195731e-06	5.431451043e-06	1.946086768e-05
	4.444952815e-07	2.541757605e-05	2.746688836e-05	3.356092889e-05	2.541757605e-05
	2.99159111e-05	2.893594308e-05	1.955814447e-05	2.421719228e-05	1.746719519e-05
	2.633840564e-05	2.691303212e-05	4.621633531e-05	4.621633531e-05	4.714344842e-05
	7.485260745e-06	5.218976416e-05	4.086905895e-05	4.742124675e-05	5.218976416e-05
	3.402934338e-05	1.706808155e-05	3.586281718e-05	3.586281718e-05	1.350349702e-05
	1.479968774e-05	1.376072209e-05	2.302480479e-05	4.444952815e-07	6.60739326e-06
	2.086356426e-06	1.056574193e-05	1.056574193e-05	2.99159111e-05	4.20045868e-06
	9.797088427e-06	3.651427636e-06	3.835363382e-06	5.299319164e-06	1.971626558e-06
	2.090824605e-06	2.578975937e-06	5.784773842e-07	6.847657571e-06	6.847657571e-06
	1.350240169e-05	1.384766906e-05	4.342264076e-06	5.431451043e-06	1.430717275e-05
	1.110197132e-06	2.541757605e-05	3.150313467e-05	2.615506617e-05	2.99159111e-05
	2.893594308e-05	2.893594308e-05	2.119284343e-05	1.904909489e-05	2.439119166e-05
	2.439119166e-05	3.048312133e-05	3.234103651e-05	1.358643935e-05	4.253971208e-05
	5.218976416e-05	4.742124675e-05	3.832203604e-05	3.167397926e-05	3.402934338e-05
	2.302480479e-05	4.16300234e-05	3.969862867e-05	2.023701341e-05	1.860658444e-05
	1.376072209e-05	1.376072209e-05	2.302480479e-05	1.715806661e-07	8.054321274e-06
	2.665205491e-06	9.797088427e-06	2.902952838e-05	5.299319164e-06	7.464992269e-06
	9.797088427e-06	3.651427636e-06	6.15841396e-06	7.835369269e-06	1.131464157e-05
	2.440223509e-06	2.665205491e-06	3.114615024e-06	2.069667147e-06	6.847657571e-06
	8.531541278e-06	1.342725141e-05	1.342725141e-05	1.110197132e-06	4.342264076e-06
	1.791700028e-05	1.715806661e-07	2.615506617e-05	2.902952838e-05	1.852069456e-05
	2.544121586e-05	2.446957664e-05	2.353918397e-05	2.119284343e-05	1.904909489e-05
	1.59940454e-05	2.510178552e-05	3.048312133e-05	3.048312133e-05	1.59940454e-05
	3.294011984e-05	3.432058162e-05	3.294011984e-05	2.510178552e-05	3.176493263e-05
	2.411676086e-05	3.484739095e-05	3.484739095e-05	3.432058162e-05	1.914465296e-05
	1.716069973e-05	1.914465296e-05	1.715806661e-07	5.808734718e-06	2.665205491e-06
	7.835369269e-06	1.131464157e-05	4.331776111e-06	7.158823597e-06	7.835369269e-06
	1.499551583e-05	2.878218868e-06	3.114615024e-06	2.743119958e-06	4.647127378e-06
	1.189116296e-05	1.158684091e-05	1.342725141e-05	1.774610013e-05	2.296524764e-06
	5.049636757e-06	1.616804935e-05	2.296524764e-06	2.428993711e-05	2.718751041e-05
	2.653971104e-05	1.632005259e-05	2.224587883e-05	2.224587883e-05	2.158736781e-05
	2.007153711e-05	1.59940454e-05	1.881152553e-05	8.597527329e-06	2.973093344e-05
	2.579718876e-05	1.296481125e-05	2.411676086e-05	3.390719089e-05	2.866847512e-05
	3.484739095e-05	2.871505157e-05	2.871505157e-05	1.499551583e-05	1.914465296e-05
	1.854156474e-05	2.055271709e-05	8.519561856e-08	3.615301427e-06	4.331776111e-06
	2.123313207e-05	1.08706101e-05	1.08706101e-05	5.149764895e-06	7.158823597e-06
	8.985395364e-06	1.499551583e-05	2.743119958e-06	4.611954979e-06	4.123800937e-06
	1.158684091e-05	1.501093876e-05	1.158684091e-05	1.669842764e-05	1.774610013e-05
	1.26467545e-05	6.713788307e-06	1.632005259e-05	2.636282345e-06	1.967836098e-05
	2.333295468e-05	1.967836098e-05	1.919367454e-05	2.224587883e-05	2.007153711e-05
	8.597527329e-06	8.597527329e-06	1.937910317e-05	2.287635448e-05	1.296481125e-05
	1.373354495e-05	2.90413447e-05	2.231648966e-05	2.90413447e-05	2.287635448e-05
	2.370840653e-05	2.871505157e-05	1.854156474e-05	1.854156474e-05	1.651555653e-05
	1.442422064e-06	4.292797326e-07	4.611954979e-06	2.123313207e-05	1.08706101e-05
	1.068356838e-05	5.823730405e-06	8.296598681e-06	9.484225195e-06	1.324957938e-05
	3.311569116e-06	4.611954979e-06	4.123800937e-06	1.732168081e-05	1.669842764e-05
	1.846978309e-05	1.669842764e-05	1.861780989e-05	1.877103815e-05	1.323626215e-05
	4.61041942e-06	6.785067683e-06	6.713788307e-06	2.1736914e-06	1.967836098e-05
	1.579479609e-05	1.979370213e-05	2.087503879e-05	1.122015875e-05	7.460431093e-06
	1.442422064e-06	2.287635448e-05	7.460431093e-06	8.821152504e-06	1.074603735e-05
	2.231648966e-05	2.231648966e-05	2.079133509e-05	2.360739133e-05	2.079133509e-05
	1.637231279e-05	1.473539096e-05	1.473539096e-05	1.421759974e-05	7.545791085e-07
	5.823730405e-06	1.656593776e-05	1.324957938e-05	1.110014992e-05	6.093836908e-06
	8.496792752e-06	8.496792752e-06	1.272030133e-05	3.377512863e-06	4.476431074e-06
	4.476431074e-06	1.846978309e-05	1.931853391e-05	1.846978309e-05	1.931853391e-05
	1.8658895e-05	1.723826047e-05	1.723826047e-05	1.122015875e-05	6.785067683e-06
	2.1736914e-06	2.882945784e-07	1.460685418e-05	1.734089074e-05	1.734089074e-05
	1.449791823e-05	1.122015875e-05	3.169409202e-06	7.545791085e-07	1.177590408e-05
	3.939474776e-06	1.074603735e-05	1.776837908e-05	1.540439539e-05	1.637231279e-05
	1.617381294e-05	1.637231279e-05	7.193045265e-06	1.473539096e-05	1.421759974e-05
	1.421759974e-05	2.091092384e-07	6.093836908e-06	1.018171734e-05	9.722024378e-06
	6.163563563e-06	8.496792752e-06	1.018171734e-05	1.262245908e-05	3.832322037e-06
	4.530106213e-06	4.530106213e-06	2.621420985e-05	1.931853391e-05	2.621420985e-05
	1.8658895e-05	1.8658895e-05	1.723826047e-05	1.684955235e-05	5.474789757e-06
	4.180027201e-06	5.334634929e-07	5.334634929e-07	1.449791823e-05	1.379117106e-05
	1.31585214e-05	5.474789757e-06	3.939474776e-06	9.869227347e-06	5.878939327e-06
	7.193045265e-06	1.240677698e-05	1.527385444e-05	7.193045265e-06	1.215131262e-05
	1.149805319e-05	1.041586682e-05	9.103616327e-06	2.091092384e-07	6.163563563e-06
	8.485015962e-06	7.152974455e-06	6.653707796e-06	8.485015962e-06	9.301164522e-06
	9.301164522e-06	3.726184727e-06	5.058603788e-06	4.529382775e-06	2.621420985e-05
	2.097276533e-05	2.428570034e-05	1.878087358e-05	1.684955235e-05	1.690117744e-05
	1.684955235e-05	5.474789757e-06	6.258426168e-07	5.334634929e-07	1.31585214e-05
	1.379117106e-05	1.117037803e-05	3.905781431e-06	1.620415467e-06	2.718956633e-06
	4.678729368e-06	4.646345398e-06	9.103616327e-06	7.484360848e-06	1.041586682e-05
	9.103616327e-06	5.019608729e-08	5.774875139e-06	5.396128406e-06	5.762889233e-06
	6.938223281e-06	7.274381343e-06	8.103588261e-06	6.24728709e-06	3.726184727e-06
	4.721111031e-06	3.845405188e-06	2.991062624e-05	2.038178616e-05	2.791243399e-05
	2.038178616e-05	1.799162579e-05	1.456722438e-05	1.799162579e-05	2.637064195e-06
	1.417106963e-06	1.279630615e-07	1.279630615e-07	9.832412085e-06	9.832412085e-06
	6.776192198e-06	2.637064195e-06	2.718956633e-06	2.337213934e-06	3.433904343e-06
	7.367667338e-06	5.039108102e-06	5.368585233e-06	5.019608729e-08	5.396128406e-06
	4.657093208e-06	5.378329782e-06	5.534969046e-06	5.249764284e-06	5.358850097e-06
	5.368585233e-06	3.035566076e-06	4.080472729e-06	3.221027964e-06	2.791243399e-05
	2.047622229e-05	2.791243399e-05	2.047622229e-05	1.799162579e-05	1.405499847e-05
	1.416847685e-05	2.637064195e-06	1.081312555e-06	3.232576642e-07	9.832412085e-06
	9.674453609e-06	3.466834874e-06	5.902804403e-06	2.575629514e-07	2.083444752e-06
	1.562649617e-06	2.649545374e-06	5.368585233e-06	4.664160258e-08	4.657093208e-06
	4.657093208e-06	4.025433639e-06	4.268218142e-06	4.231509313e-06	3.179457251e-06
	3.179457251e-06	2.501915241e-06	2.830596659e-06	2.830596659e-06	3.54609315e-05
	2.870133562e-05	2.8872087e-05	2.056154798e-05	1.669224238e-05	1.416847685e-05
	1.669224238e-05	1.523877768e-06	3.232576642e-07	3.232576642e-07	2.917680568e-06
	1.125097642e-05	7.050352522e-06	5.187159242e-06	4.664160258e-08	7.056412459e-07
	1.702730036e-06	1.702730036e-06	4.664160258e-08	4.299293205e-06	4.025433639e-06
	4.025433639e-06	3.723717074e-06	2.184573437e-06	3.179457251e-06	1.851503199e-06
	1.953711829e-06	2.830596659e-06	1.953711829e-06	3.54609315e-05	2.8872087e-05
	2.8872087e-05	1.951023222e-05	1.669224238e-05	1.125097642e-05	1.128000224e-05
	9.088140009e-06	8.081070328e-07	2.081782092e-06	8.081070328e-07	5.187159242e-06
	9.9270518e-06	7.050352522e-06	7.174891898e-07	7.056412459e-07	7.056412459e-07
	1.702730036e-06	1.403798491e-07	2.931898333e-06	2.815885477e-06	2.815885477e-06
	2.184573437e-06	2.184573437e-06	1.374181467e-06	1.95525379e-07	1.375359377e-06
	2.1980141e-06	1.375359377e-06	2.885166472e-05	2.883803478e-05	2.883803478e-05
	1.913330828e-05	1.913330828e-05	1.128000224e-05	1.646252025e-05	6.923170568e-06
	9.088140009e-06	2.519337126e-06	4.502580709e-06	1.962406198e-06	7.635342341e-07
	6.02264647e-08	1.95525379e-07	6.02264647e-08	2.1980141e-06	1.04563217e-06
	2.340629542e-06	6.772198358e-08	1.04563217e-06	7.522227268e-07	7.376396907e-07
	1.95525379e-07	1.375359377e-06	1.738252669e-06	7.07958701e-07	3.510367937e-05
	2.802458111e-05	2.802458111e-05	1.960038062e-05	8.641155819e-06	1.471092654e-05
	6.241006872e-06	8.713312073e-06	6.241006872e-06	1.962406198e-06	1.739894056e-06
	6.822609047e-07	6.02264647e-08	7.935084305e-07	1.04563217e-06	7.935084305e-07
	6.772198358e-08	1.833311405e-07	7.522227268e-07	2.43712666e-07	4.17035622e-07
	7.07958701e-07	7.07958701e-07	3.276038639e-05	2.279311401e-05	2.753066215e-05
	1.813282853e-05	2.279311401e-05	8.834683436e-06	1.479714085e-05	6.642441746e-06
	6.642441746e-06	3.37337443e-06	3.37337443e-06	1.802665981e-06	1.802665981e-06
	2.329631572e-07	6.225590443e-08	2.329631572e-07	2.170107036e-07	2.170107036e-07
	6.796046215e-08	6.225590443e-08	1.003263543e-07	4.703241987e-07	1.003263543e-07
	3.276038639e-05	2.279311401e-05	3.046391179e-05	1.860861869e-05	1.207552493e-05
	1.207552493e-05	1.446522985e-05	6.642441746e-06	3.099436843e-06	4.800677972e-06
	1.811708321e-06	2.329631572e-07	6.225590443e-08	7.343871244e-08	2.442779063e-07
	1.811708321e-06	3.007016911e-07	1.003263543e-07	2.727491077e-08	2.320198433e-08
	3.046391179e-05	1.860861869e-05	2.433802542e-05	9.345023276e-06	1.207552493e-05
	1.446522985e-05	4.800677972e-06	3.180794289e-06	4.800677972e-06	3.180794289e-06
	2.727491077e-08	5.352732302e-08	2.4357192e-07	3.007016911e-07	3.620200442e-07
	5.352732302e-08	3.180794289e-06	1.506920455e-08	2.707102853e-07	1.547038133e-07
	2.862433084e-05	1.623622287e-05	2.352309943e-05	2.352309943e-05	9.345023276e-06
	9.910450875e-06	1.585692223e-05	4.856192134e-06	3.367391319e-06	2.025769855e-06
	2.707102853e-07	1.009141349e-06	1.009141349e-06	6.145090005e-06	4.344853127e-06
	1.547038133e-07	2.707102853e-07	4.873256527e-07	2.394115471e-05	1.585692223e-05
	1.69241968e-05	8.903990909e-06	1.250144786e-05	1.400974914e-05	7.164510803e-06
	2.025769855e-06	1.411443844e-06	1.009141349e-06	8.903990909e-06	6.145090005e-06
	4.074422041e-06	3.345325459e-06	9.414549496e-07	9.414549496e-07	2.394115471e-05
	1.963558637e-05	1.766007834e-05	9.869769852e-06	1.294322473e-05	6.139231558e-06
	5.7549686e-06	1.411443844e-06	5.7549686e-06	3.345325459e-06	9.414549496e-07
	1.11315008e-06	1.785474704e-05	1.766007834e-05	1.301424344e-05	9.750701803e-06
	1.054569327e-05	7.246406775e-06	5.7549686e-06	4.015129131e-06	2.70798429e-06
	1.935453606e-06	1.935453606e-06	1.913816425e-05	1.685627526e-05	1.301424344e-05
	1.054569327e-05	7.0479788e-06	7.0479788e-06	3.079669719e-06	3.913507566e-06
	3.913507566e-06	1.685627526e-05	1.422794846e-05	9.879966193e-06	7.563780532e-06
	5.14537954e-06	3.913507566e-06	1.446086409e-05	1.108818345e-05	8.302852308e-06
	5.14537954e-06	5.14537954e-06	1.108818345e-05	1.108818345e-05	8.302852308e-06
	7.485703053e-06	1.087256628e-05	7.485703053e-06	1.010124448e-05	5.757966755e-06
	4.335928041e-06	1.132316905e-05	1.132316905e-05	1.085663389e-05	1.573959914e-05
	1.974870054e-05	6.052592215e-07	1.085663389e-05	2.014020864e-05	2.260345539e-05
	2.014020864e-05	1.961091895e-05	4.457656009e-07	2.255858432e-05	2.379260715e-05
	6.171492368e-06	1.656293703e-05	1.057127179e-06	1.658791405e-05	1.168876815e-05
	1.573959914e-05	1.573959914e-05	6.052592215e-07	9.284418025e-07	9.044873392e-06
	9.317615381e-06	1.5791705e-05	1.5791705e-05	1.406587865e-05	1.142944294e-05
	2.324174498e-05	4.939757932e-06	2.830439526e-05	2.014020864e-05	1.961091895e-05
	1.961091895e-05	2.255858432e-05	2.255858432e-05	2.177607663e-05	1.658791405e-05
	1.656293703e-05	1.648452084e-05	1.447198045e-05	1.658791405e-05	1.33661646e-05
	1.359638202e-05	1.422486837e-05	9.044873392e-06	9.044873392e-06	5.640179343e-06
	9.317615381e-06	1.274170831e-05	8.030093689e-06	1.079696342e-05	1.070912922e-05
	1.5791705e-05	9.957158353e-06	2.214450475e-05	4.697559735e-05	2.214450913e-05
	2.214450913e-05	2.324174498e-05	1.838073913e-05	2.214450475e-05	2.792122952e-05
	1.696925504e-05	2.578970818e-05	2.09168934e-05	2.247525572e-05	2.257586733e-05
	2.247525572e-05	1.473398706e-05	1.662578519e-05	1.627241993e-05	1.696925504e-05
	1.447198045e-05	1.447198045e-05	1.274170831e-05	1.397452811e-05	1.353536273e-05
	1.353536273e-05	8.45418415e-06	1.320112763e-05	1.243072138e-05	1.017984935e-05
	9.34468323e-06	2.719154675e-06	3.638949447e-06	8.45418415e-06	1.070912922e-05
	9.957158353e-06	1.017984935e-05	2.464865722e-05	2.397519432e-05	2.809141504e-05
	4.202511562e-05	2.144073381e-05	2.216824606e-05	2.792122952e-05	4.751883339e-05
	2.436079312e-05	2.792122952e-05	1.846061794e-05	2.216824606e-05	1.846061794e-05
	2.247525572e-05	2.259128467e-05	1.662578519e-05	1.680482511e-05	1.590873356e-05
	1.442706783e-05	1.442706783e-05	1.397452811e-05	1.31332951e-05	1.197721638e-05
	1.353536273e-05	1.31332951e-05	1.127639236e-05	2.662873766e-06	8.389807122e-06
	1.017984935e-05	8.389807122e-06	1.14413985e-05	9.477438294e-06	9.630919945e-06
	9.477438294e-06	9.007046096e-06	8.352020211e-06	1.240838606e-05	2.464865722e-05
	2.464865722e-05	2.894810967e-05	2.459274686e-05	2.144073381e-05	2.144073381e-05
	2.924559819e-05	2.633919312e-05	2.633919312e-05	2.828996586e-05	2.924559819e-05
	2.306905637e-05	1.680482511e-05	2.04615045e-05	2.04615045e-05	1.736108284e-05
	1.973345836e-05	1.590873356e-05	1.603765651e-05	1.603765651e-05	1.429342321e-05
	1.519534259e-05	1.33260906e-05	1.31332951e-05	1.127639236e-05	1.127639236e-05
	1.304722448e-05	8.877871578e-06	2.517459744e-06	5.22114515e-06	6.595948149e-06
	7.761326917e-06	8.043252885e-06	9.663568046e-06	8.815326153e-06	8.81070226e-06
	9.26304637e-06	9.477438294e-06	8.043252885e-06	8.352020211e-06	1.434251431e-05
	2.944407963e-05	2.671765725e-05	2.182869123e-05	2.614857382e-05	2.252678625e-05
	2.924559819e-05	2.640677229e-05	2.633919312e-05	2.182869123e-05	2.402701618e-05
	1.736108284e-05	1.736108284e-05	1.986299816e-05	1.870975532e-05	1.756567902e-05
	1.545586202e-05	1.451691809e-05	1.616262185e-05	1.564864412e-05	1.33260906e-05
	1.265791202e-05	1.139811097e-05	1.139945192e-05	9.941713438e-06	9.941713438e-06
	5.22114515e-06	6.850446521e-06	5.22114515e-06	5.233598601e-06	5.410376457e-06
	3.349581062e-06	6.595948149e-06	6.595948149e-06	7.461859749e-06	9.671633093e-06
	8.544634813e-06	9.013921872e-06	7.844211367e-06	8.751365947e-06	2.944407963e-05
	1.273005939e-05	1.434251431e-05	2.321862607e-05	2.50672115e-05	2.671765725e-05
	2.671765725e-05	2.201157998e-05	1.986299816e-05	2.201157998e-05	1.990621505e-05
	2.402701618e-05	2.135933926e-05	2.402701618e-05	1.639379774e-05	1.639379774e-05
	1.859956349e-05	1.805513247e-05	1.451691809e-05	1.451691809e-05	1.497454228e-05
	1.497454228e-05	1.243030671e-05	1.265791202e-05	1.121899131e-05	1.041250539e-05
	8.699568563e-06	9.941713438e-06	5.429199274e-06	5.429199274e-06	5.231881762e-06
	7.506166357e-06	5.512702138e-06	5.06504472e-06	2.666497046e-06	7.461859749e-06
	5.427361155e-06	7.461859749e-06	5.907436214e-06	8.461981744e-06	8.461981744e-06
	8.699568563e-06	8.508895274e-06	7.904518011e-06	8.751365947e-06	2.264848615e-05
	2.183224874e-05	1.273005939e-05	2.321862607e-05	8.453418071e-06	2.172620971e-05
	1.449769424e-05	2.150428334e-05	2.150428334e-05	1.887458153e-05	1.999068814e-05
	1.859956349e-05	2.201157998e-05	2.050245806e-05	1.909705835e-05	2.030679362e-05
	2.030679362e-05	1.639379774e-05	1.726526571e-05	1.859956349e-05	1.350871049e-05
	1.255847225e-05	1.434512518e-05	1.434512518e-05	1.055305663e-05	1.157685849e-05
	1.021071649e-05	1.041250539e-05	9.225696384e-06	5.427361155e-06	5.429199274e-06
	5.231881762e-06	5.231881762e-06	5.054791234e-06	5.868936307e-06	5.673701131e-06
	5.165481211e-06	2.887891922e-06	7.904518011e-06	5.907436214e-06	5.907436214e-06
	8.694464733e-06	8.694464733e-06	8.461981744e-06	8.508895274e-06	7.613954085e-06
	7.542665036e-06	2.143988929e-05	2.112507791e-05	2.207704217e-05	1.922230123e-05
	1.922230123e-05	1.879753152e-05	1.42362926e-05	2.112507791e-05	1.766485218e-05
	1.887458153e-05	1.887458153e-05	1.610525784e-05	1.773147269e-05	1.699479894e-05
	1.699479894e-05	1.653474285e-05	1.559848615e-05	1.583330468e-05	1.255847225e-05
	1.255847225e-05	1.434512518e-05	1.434889143e-05	1.225643399e-05	1.055305663e-05
	1.057130292e-05	9.315865774e-06	9.555637878e-06	8.373450807e-06	6.143176948e-06
	5.046411371e-06	4.507475365e-06	4.452446918e-06	6.267447108e-06	4.281547451e-06
	4.490586529e-06	2.887891922e-06	6.584902628e-06	5.936260945e-06	6.045113437e-06
	8.087648832e-06	8.087648832e-06	7.745017915e-06	7.613954085e-06	7.613954085e-06
	1.885621963e-05	2.143988929e-05	2.112507791e-05	1.860864694e-05	1.922230123e-05
	1.889079556e-05	1.889079556e-05	1.144131583e-05	1.72202927e-05	1.709142591e-05
	1.709142591e-05	1.653474285e-05	1.559848615e-05	1.591067192e-05	1.699479894e-05
	1.471863878e-05	1.469840753e-05	1.434889143e-05	1.058393187e-05	1.058393187e-05
	1.214475473e-05	1.317067337e-05	1.208160035e-05	9.710517332e-06	1.057130292e-05
	8.37442561e-06	8.373450807e-06	5.172150981e-06	4.46870116e-06	4.507475365e-06
	4.507475365e-06	6.267447108e-06	5.743140912e-06	4.131898472e-06	3.989767195e-06
	3.989767195e-06	5.142776301e-07	5.936260945e-06	6.584902628e-06	5.936260945e-06
	5.743140912e-06	7.975680597e-06	8.087648832e-06	7.745017915e-06	6.95491128e-06
	1.960894835e-05	1.885621963e-05	1.959626326e-05	1.72202927e-05	1.762421142e-05
	1.840766402e-05	1.827551317e-05	1.840766402e-05	1.889079556e-05	1.144131583e-05
	1.469840753e-05	1.72202927e-05	1.709142591e-05	1.398024673e-05	1.455556108e-05
	1.299233557e-05	1.413306823e-05	1.413306823e-05	1.185542732e-05	1.043558451e-05
	9.627145524e-06	1.118655772e-05	1.102139856e-05	1.185542732e-05	1.118655772e-05
	9.022558169e-06	8.915716219e-06	8.37442561e-06	7.864935577e-06	5.111737391e-06
	4.46870116e-06	4.356654371e-06	5.301779693e-06	5.743140912e-06	4.296829156e-06
	2.666443452e-07	3.833238222e-06	3.989767195e-06	3.906374824e-06	6.138305167e-06
	6.391191142e-06	5.320682031e-06	5.712407241e-06	7.301125667e-06	7.535976206e-06
	7.073078709e-06	6.331592938e-06	1.517940871e-05	1.827551317e-05	1.517940871e-05
	1.947194197e-05	1.510604373e-05	1.597595603e-05	1.597595603e-05	1.375755561e-05
	1.429312267e-05	1.450846068e-05	1.278630942e-05	9.667740978e-06	1.398024673e-05
	1.510604373e-05	1.398024673e-05	1.299233557e-05	1.299233557e-05	1.413306823e-05
	1.219972672e-05	1.268146979e-05	1.185542732e-05	9.667740978e-06	9.627145524e-06
	1.118655772e-05	1.009739173e-05	1.18705956e-05	1.026933692e-05	8.307992531e-06
	8.307992531e-06	7.864935577e-06	7.864935577e-06	4.510711352e-06	4.392360163e-06
	4.404104146e-06	4.898716827e-06	5.301779693e-06	4.404104146e-06	3.853210589e-06
	3.782424025e-06	3.433390457e-06	3.833238222e-06	3.772601544e-06	5.88323692e-06
	6.331592938e-06	5.34115021e-06	5.88323692e-06	6.57817217e-06	7.073078709e-06
	7.073078709e-06	6.57817217e-06	1.517940871e-05	1.320200989e-05	1.320200989e-05
	1.686511336e-05	1.510604373e-05	1.597595603e-05	1.292576078e-05	1.278630942e-05
	1.293945869e-05	1.278630942e-05	9.667740978e-06	9.126347443e-06	1.260937007e-05
	1.262463466e-05	1.240525231e-05	1.262463466e-05	1.310643705e-05	1.219972672e-05
	1.179098034e-05	1.193138733e-05	9.126347443e-06	8.219569006e-06	9.18900322e-06
	1.026933692e-05	9.250891817e-06	1.026933692e-05	7.743640389e-06	7.222902226e-06
	7.222902226e-06	4.695780201e-06	4.458038073e-06	4.458038073e-06	4.621689326e-06
	4.068636438e-06	3.758058577e-06	3.637516571e-06	3.782424025e-06	3.782424025e-06
	3.31824168e-06	3.772601544e-06	4.763767136e-06	5.88323692e-06	5.444428383e-06
	5.929141159e-06	6.57817217e-06	6.528149405e-06	6.077670813e-06	1.214815626e-05
	1.292576078e-05	1.304489218e-05	1.314931594e-05	1.967330439e-05	1.686511336e-05
	1.001671694e-05	1.240525231e-05	1.236997044e-05	1.233508237e-05	1.233508237e-05
	1.344698489e-05	9.495227637e-06	1.260937007e-05	1.154994337e-05	1.138473289e-05
	1.037885059e-05	1.161331978e-05	1.057999103e-05	1.143408481e-05	9.841111297e-06
	8.735344214e-06	7.245496703e-06	9.036108603e-06	8.545606826e-06	8.757135411e-06
	8.757135411e-06	6.697526529e-06	7.277923279e-06	7.222902226e-06	4.695780201e-06
	4.695780201e-06	4.328283931e-06	2.761895647e-06	4.336870987e-06	3.815429163e-06
	3.597130832e-06	2.761895647e-06	3.495059457e-06	3.597130832e-06	2.447468442e-06
	4.763767136e-06	5.303008618e-06	5.546871277e-06	5.37692304e-06	5.847709133e-06
	6.128094851e-06	5.688276252e-06	1.102816094e-05	1.04472188e-05	1.0422151e-05
	1.001671694e-05	6.429855558e-06	1.001671694e-05	2.16074653e-06	1.009175259e-05
	1.102816094e-05	1.123916086e-05	8.820321173e-06	1.033306982e-05	1.168854891e-05
	1.037885059e-05	1.037885059e-05	1.058099938e-05	9.774467026e-06	9.594726211e-06
	1.044704632e-05	9.036108603e-06	7.588689349e-06	7.277923279e-06	9.036108603e-06
	8.545606826e-06	8.107550698e-06	8.107550698e-06	6.128094851e-06	6.723078116e-06
	6.723078116e-06	4.721511301e-06	4.638890482e-06	2.782660518e-06	4.084832926e-06
	3.815429163e-06	3.815429163e-06	3.597130832e-06	3.487965028e-06	3.676882419e-06
	2.447468442e-06	2.915284731e-06	4.149424258e-06	4.393912894e-06	4.968847025e-06
	5.37692304e-06	5.37692304e-06	5.688276252e-06	6.128094851e-06	5.688276252e-06
	1.034513612e-05	1.04472188e-05	1.04472188e-05	1.0422151e-05	1.016083585e-05
	9.768984641e-06	3.748346986e-06	9.367113247e-06	9.582005458e-06	1.009175259e-05
	1.034513612e-05	9.321889653e-06	8.164168073e-06	9.413539858e-06	9.490249888e-06
	1.05140945e-05	8.814184254e-06	8.26266138e-06	8.409541969e-06	8.333394769e-06
	8.862591547e-06	8.862591547e-06	8.333394769e-06	7.008212297e-06	3.185010008e-06
	3.185010008e-06	6.707268672e-06	7.950945652e-06	7.477639379e-06	8.524736217e-06
	8.107550698e-06	6.051770628e-06	6.28686424e-06	5.593829843e-06	4.149424258e-06
	2.961352113e-06	3.90280618e-06	3.656056014e-06	3.866507888e-06	3.638390933e-06
	3.487965028e-06	2.915284731e-06	3.198486253e-06	4.149424258e-06	4.393912894e-06
	4.658260205e-06	5.24918479e-06	5.334186039e-06	5.593829843e-06	5.380550091e-06
	4.85419587e-06	1.034513612e-05	8.448402047e-06	1.041984967e-05	9.582005458e-06
	9.579162952e-06	7.824571084e-06	8.247868727e-06	8.247868727e-06	8.763763883e-06
	9.582005458e-06	9.321889653e-06	8.609012645e-06	7.024859813e-06	8.638033979e-06
	8.561821261e-06	8.561821261e-06	8.217663134e-06	7.261763947e-06	8.409541969e-06
	7.451377172e-06	8.333394769e-06	6.084256773e-06	3.22144009e-06	4.417216785e-06
	2.983950296e-06	2.812851902e-06	6.613245784e-06	7.383112273e-06	7.261763947e-06
	7.882515999e-06	6.084256773e-06	5.912509868e-06	5.593829843e-06	3.945702327e-06
	2.961352113e-06	3.866507888e-06	3.866507888e-06	3.534326843e-06	3.648106431e-06
	3.22144009e-06	3.195977965e-06	4.176767552e-06	4.01880303e-06	4.699842215e-06
	4.659127659e-06	4.659127659e-06	5.516872124e-06	4.598838704e-06	4.874048253e-06
	8.448402047e-06	7.321951639e-06	7.824571084e-06	7.008102858e-06	9.399168253e-06
	8.247868727e-06	7.455754425e-06	7.008102858e-06	7.42851241e-06	8.527510084e-06
	6.486781643e-06	7.186451837e-06	7.453926919e-06	7.453926919e-06	7.39818443e-06
	7.261763947e-06	7.103303447e-06	7.012223312e-06	7.39818443e-06	5.786150845e-06
	3.045482861e-06	2.715523565e-06	2.715523565e-06	2.983950296e-06	7.057353094e-06
	6.518296956e-06	6.729585985e-06	6.927904881e-06	5.786150845e-06	5.537799879e-06
	5.182329732e-06	3.880815272e-06	3.320635431e-06	3.807693182e-06	3.534326843e-06
	3.534326843e-06	3.18117345e-06	3.320635431e-06	3.765540439e-06	4.222656544e-06
	4.222656544e-06	5.182329732e-06	4.424358731e-06	4.598838704e-06	4.02196914e-06
	4.368728352e-06	4.571279387e-06	7.763657649e-06	7.683361685e-06	7.455754425e-06
	6.821832488e-06	6.821832488e-06	7.591694084e-06	6.607088779e-06	7.455754425e-06
	7.057353094e-06	6.408121826e-06	7.186451837e-06	7.216095723e-06	7.42851241e-06
	5.832569369e-06	7.186451837e-06	6.889401632e-06	7.39818443e-06	6.439986117e-06
	6.439986117e-06	6.510202042e-06	7.012223312e-06	5.786150845e-06	3.195470245e-06
	1.07601026e-06	3.696933248e-06	3.111600165e-06	2.179153001e-06	2.011112778e-06
	6.14195106e-06	6.247056593e-06	5.41953924e-06	5.41953924e-06	4.992945179e-06
	3.813790956e-06	3.320635431e-06	3.680137654e-06	3.727166237e-06	3.388482497e-06
	3.549929373e-06	3.914134341e-06	4.02196914e-06	4.518073996e-06	4.02196914e-06
	4.37480419e-06	4.159011913e-06	4.37480419e-06	4.344935139e-06	7.105964711e-06
	7.105964711e-06	6.640557727e-06	6.393869516e-06	6.821832488e-06	6.700128775e-06
	6.607088779e-06	6.607088779e-06	6.119706323e-06	6.700128775e-06	6.591178723e-06
	6.802650039e-06	6.802650039e-06	5.832569369e-06	5.653734314e-06	6.462396889e-06
	6.889401632e-06	6.806664717e-06	6.439986117e-06	6.510202042e-06	6.308797683e-06
	5.459467455e-06	3.175449204e-06	3.696933248e-06	2.195328041e-06	3.294778662e-06
	3.95843849e-06	1.014308262e-06	1.634432335e-06	6.247056593e-06	5.120387263e-06
	5.113316955e-06	4.443664341e-06	3.727166237e-06	3.549929373e-06	3.775957655e-06
	3.645622245e-06	3.433848591e-06	3.448073564e-06	3.864634436e-06	4.464808374e-06
	4.001085972e-06	4.37480419e-06	4.344935139e-06	7.105964711e-06	6.078594589e-06
	6.393869516e-06	5.753436911e-06	6.492784496e-06	6.181876925e-06	6.310537844e-06
	6.28213834e-06	6.28213834e-06	5.783959897e-06	6.229117454e-06	6.802650039e-06
	5.140849507e-06	5.653734314e-06	5.653734314e-06	6.462396889e-06	5.937835924e-06
	5.781448413e-06	5.752258838e-06	5.781448413e-06	5.140849507e-06	3.294778662e-06
	3.56356499e-06	3.56356499e-06	3.767991272e-06	9.170758974e-07	9.170758974e-07
	1.718317494e-06	1.459212779e-06	5.16493925e-06	4.785739266e-06	5.113316955e-06
	4.563797943e-06	4.443664341e-06	3.645622245e-06	3.449549418e-06	3.759584891e-06
	3.645622245e-06	3.449549418e-06	3.866674107e-06	4.088391026e-06	4.001085972e-06
	4.088391026e-06	6.078594589e-06	6.078594589e-06	5.934108277e-06	5.934108277e-06
	6.197804585e-06	6.197804585e-06	5.697417473e-06	5.697417473e-06	5.16493925e-06
	5.707099222e-06	5.783959897e-06	6.00718898e-06	5.140849507e-06	5.616844642e-06
	5.625224577e-06	5.568510024e-06	5.707099222e-06	5.781448413e-06	5.352549948e-06
	4.536394872e-06	3.415992874e-06	3.935770321e-06	3.47145679e-06	3.56356499e-06
	3.701562317e-06	5.585290363e-06	6.450383679e-06	6.450383679e-06	5.279275106e-06
	4.536394872e-06	4.578345659e-06	4.209486698e-06	4.244003338e-06	3.759584891e-06
	3.482753729e-06	3.563356756e-06	3.759584891e-06	3.415992874e-06	3.482753729e-06
	3.866674107e-06	4.088391026e-06	4.077501258e-06	5.36253245e-06	5.649324082e-06
	5.934108277e-06	5.36253245e-06	5.491001007e-06	6.197804585e-06	5.284404587e-06
	5.697417473e-06	5.284404587e-06	5.237163734e-06	5.333712651e-06	5.472893142e-06
	5.258482736e-06	4.650693555e-06	4.944129477e-06	4.974535232e-06	4.650693555e-06
	5.043605635e-06	5.237163734e-06	5.043605635e-06	4.536394872e-06	2.930917026e-06
	4.040258045e-06	3.415992874e-06	3.525413623e-06	3.600769266e-06	2.930917026e-06
	5.279275106e-06	5.858641272e-06	4.151843403e-06	4.022590063e-06	4.151843403e-06
	3.66680615e-06	3.644201094e-06	3.563356756e-06	3.498823603e-06	3.498823603e-06
	3.698318086e-06	4.05651134e-06	5.258482736e-06	5.258482736e-06	5.36253245e-06
	4.869286865e-06	5.048270536e-06	5.370214833e-06	5.370214833e-06	4.893367436e-06
	5.164352498e-06	4.79703929e-06	5.237163734e-06	5.06224687e-06	4.712236294e-06
	4.650693555e-06	4.671716218e-06	4.799949155e-06	4.692602606e-06	5.043605635e-06
	4.87208825e-06	4.830091636e-06	4.13667565e-06	3.492982899e-06	4.824321443e-06
	4.040258045e-06	3.470093922e-06	3.594738967e-06	2.977924083e-06	1.352713333e-06
	4.661224352e-06	4.799949155e-06	4.151843403e-06	3.888035206e-06	4.022590063e-06
	3.673454194e-06	3.62982826e-06	3.571394969e-06	3.492029324e-06	3.450485948e-06
	3.78885955e-06	4.85979789e-06	4.96914157e-06	5.048270536e-06	4.885176865e-06
	4.897368417e-06	4.67880871e-06	5.370214833e-06	4.893367436e-06	4.937588831e-06
	5.06224687e-06	4.712236294e-06	4.712236294e-06	4.479411173e-06	4.295397223e-06
	4.479411173e-06	4.58419017e-06	4.544199502e-06	4.13667565e-06	4.146886023e-06
	4.146886023e-06	4.146886023e-06	3.510465028e-06	3.407348371e-06	2.953532552e-06
	1.393473196e-06	4.291766685e-06	4.866494206e-06	4.291766685e-06	4.212533224e-06
	4.125220837e-06	4.295397223e-06	3.765655728e-06	3.996467719e-06	3.982954874e-06
	3.696337311e-06	3.62982826e-06	3.531947899e-06	3.531947899e-06	3.500006422e-06
	3.478878047e-06	3.765655728e-06	4.627004232e-06	4.399959684e-06	4.82522532e-06
	4.885176865e-06	4.67880871e-06	4.67880871e-06	4.937588831e-06	4.501313271e-06
	4.501313271e-06	4.627004232e-06	4.212533224e-06	3.926394872e-06	4.337806826e-06
	4.162235021e-06	4.075904927e-06	3.741445764e-06	3.459650948e-06	4.123189169e-06
	3.459650948e-06	3.741445764e-06	2.583424088e-06	1.393473196e-06	4.309126312e-06
	4.309126312e-06	4.420651149e-06	4.24461872e-06	3.926394872e-06	4.227504961e-06
	4.125473112e-06	3.765655728e-06	3.765390303e-06	3.571867159e-06	3.571867159e-06
	3.555390402e-06	3.682563094e-06	3.866965294e-06	3.661404946e-06	3.583319149e-06
	4.262782281e-06	4.419773442e-06	4.419773442e-06	4.546772963e-06	4.597469125e-06
	4.501313271e-06	4.262782281e-06	4.124378306e-06	3.967353603e-06	3.926394872e-06
	4.162235021e-06	3.797962699e-06	3.741445764e-06	3.98019743e-06	3.459650948e-06
	6.333200385e-06	5.082092743e-06	4.536131846e-06	4.171016728e-06	4.309126312e-06
	4.112608577e-06	3.797962699e-06	4.246268703e-06	3.967353603e-06	3.722434555e-06
	3.661404946e-06	3.571867159e-06	3.555390402e-06	3.70002403e-06	3.897615108e-06
	3.866965294e-06	3.599472234e-06	3.583319149e-06	4.262782281e-06	4.419773442e-06
	4.171016728e-06	4.188733902e-06	4.486047578e-06	4.260287409e-06	3.991094008e-06
	3.993583946e-06	3.967353603e-06	3.713018978e-06	4.084416016e-06	3.722434555e-06
	3.816288798e-06	3.98019743e-06	3.339932358e-06	4.536131846e-06	4.058264876e-06
	3.997364844e-06	4.177902949e-06	4.177902949e-06	3.717447458e-06	3.93095341e-06
	3.835709775e-06	3.639270025e-06	3.639270025e-06	3.717092215e-06	3.569833546e-06
	3.653579733e-06	3.727525914e-06	3.897615108e-06	3.611493808e-06	3.991094008e-06
	3.921153735e-06	3.997364844e-06	4.188733902e-06	3.905105843e-06	3.885761881e-06
	3.829060821e-06	3.852529725e-06	3.717447458e-06	3.829060821e-06	3.662721507e-06
	3.339932358e-06	3.816288798e-06	3.931380304e-06	2.711779746e-06	8.087435104e-07
	3.837052984e-06	3.837052984e-06	4.063612064e-06	3.81294606e-06	3.798430361e-06
	3.583596621e-06	3.670114021e-06	3.639270025e-06	3.611493808e-06	3.931380304e-06
	3.590287043e-06	3.590287043e-06	3.63698118e-06	3.611493808e-06	3.885761881e-06
	3.921153735e-06	3.887257801e-06	3.800464664e-06	3.798430361e-06	3.829060821e-06
	3.716895151e-06	3.750277701e-06	3.574845625e-06	3.690567933e-06	3.931380304e-06
	4.253750082e-06	4.201031095e-06	8.044221145e-07	1.255913586e-06	3.854202105e-06
	3.834417943e-06	4.555426185e-06	4.555426185e-06	3.798430361e-06	3.583596621e-06
	3.716895151e-06	5.876992402e-07	3.611473987e-06	4.005608358e-06	3.735805582e-06
	3.69148111e-06	3.735805582e-06	3.852750739e-06	3.834417943e-06	3.834417943e-06
	3.773315229e-06	3.767268985e-06	3.733748868e-06	3.709656534e-06	3.637095925e-06
	3.574845625e-06	3.690567933e-06	4.005608358e-06	4.253750082e-06	2.86127992e-06
	3.078848152e-06	3.078848152e-06	4.122078302e-06	4.555426185e-06	4.122078302e-06
	3.666901209e-06	3.709656534e-06	3.597966843e-06	5.107014871e-07	3.742535441e-06
	3.825241401e-06	3.735805582e-06	3.836342179e-06	3.845253263e-06	3.793412731e-06
	3.786735506e-06	3.666901209e-06	3.597966843e-06	3.619469698e-06	3.666901209e-06
	3.742535441e-06	3.690275726e-06	4.122019078e-06	4.150229186e-06	4.181813591e-06
	4.383544391e-06	3.84021941e-06	4.122078302e-06	3.306753739e-06	3.929038487e-06
	9.51108019e-07	3.742535441e-06	3.917458494e-06	3.871353497e-06	3.793412731e-06
	3.875283727e-06	3.786735506e-06	3.784634571e-06	3.619469698e-06	3.619469698e-06
	3.784634571e-06	3.776761019e-06	3.827286117e-06	4.106460316e-06	4.321329031e-06
	3.213315867e-07	4.392866498e-06	3.929038487e-06	3.953094905e-06	5.234379231e-06
	4.106460316e-06	3.871353497e-06	3.871353497e-06	3.926893749e-06	3.656454213e-06
	3.641344536e-06	3.656454213e-06	3.784634571e-06	3.737737969e-06	3.810656786e-06
	3.737737969e-06	4.321329031e-06	2.214176839e-07	3.893309673e-06	3.893309673e-06
	1.6835856e-06	3.989151604e-06	3.926893749e-06	4.185235425e-06	3.932854026e-06
	3.862612569e-06	3.851696432e-06	4.09351326e-06	3.862612569e-06	3.722070894e-06
	4.452483048e-06	4.076032081e-06	3.893309673e-06	4.119696163e-06	4.123433515e-06
	1.928879487e-06	3.793291435e-06	3.793291435e-06	3.903545328e-06	3.862612569e-06
	4.101506682e-06	3.722070894e-06	3.722070894e-06	4.452483048e-06	2.333197683e-07
	3.805674054e-06	3.04891953e-06	3.793291435e-06	3.903545328e-06	3.936296222e-06
	3.936296222e-06	3.194625108e-06	3.688964266e-06	3.04891953e-06	4.708726513e-06
	3.688964266e-06	1.328069371e-06	6.916755647e-07	1.479898132e-06	