5884	
	4.446114144e-09	1.102228175e-08	1.102228175e-08	4.552048161e-08	2.519106523e-08
	2.88567727e-07	1.287592113e-07	4.552048161e-08	1.120919876e-06	2.88567727e-07
	2.88567727e-07	2.195636849e-06	4.233909612e-06	4.233909612e-06	1.678325683e-07
	9.234708003e-07	1.120919876e-06	5.961677201e-06	2.195636849e-06	2.195636849e-06
	1.151583122e-05	5.951126497e-06	1.151583122e-05	2.016986951e-07	1.634023669e-06
	7.747545832e-06	7.747545832e-06	1.243276923e-05	5.303517368e-05	5.229464716e-06
	2.69672421e-05	1.151583122e-05	2.016986951e-07	2.515285868e-06	7.830069303e-06
	1.883046267e-05	1.776332609e-05	8.525305241e-05	8.525305241e-05	2.731505837e-05
	4.505390048e-05	3.647718579e-05	7.132670216e-05	2.515285868e-06	9.244171828e-07
	9.783743243e-05	7.830069303e-06	9.244171828e-07	7.830069303e-06	1.883046267e-05
	1.883046267e-05	4.304881567e-05	8.525305241e-05	0.0001210141137	0.0003899387408
	2.920390092e-05	4.700606208e-05	7.132670216e-05	7.132670216e-05	5.961034544e-06
	2.695260789e-05	4.518237155e-06	8.677613635e-05	0.0001567211706	1.769309651e-05
	2.845594942e-05	1.769309651e-05	4.304881567e-05	1.684421084e-05	0.0001045716812
	0.0001600467802	0.0003869598844	0.0005908544023	4.700606208e-05	8.677613635e-05
	0.000139621431	4.68734611e-05	1.21346581e-05	1.21346581e-05	1.433827581e-05
	0.0002137495984	0.0002780084308	2.845594942e-05	2.845594942e-05	5.01864792e-05
	0.0001045716812	1.684421084e-05	0.0002575661884	0.0004141213824	0.0005854349402
	0.0005908544023	4.68734611e-05	8.062277008e-05	0.000176982873	3.516710663e-05
	7.014459065e-05	1.433827581e-05	1.21346581e-05	1.958803545e-05	1.433827581e-05
	1.177631993e-05	0.0002780084308	0.0002780084308	9.248996349e-05	0.0001011559555
	0.0002628574016	7.506850786e-05	9.248996349e-05	0.0004141213824	0.0003357033495
	0.0004141213824	0.0008149632261	0.0008149632261	7.014459065e-05	0.0001097296726
	0.000176982873	3.516710663e-05	1.958803545e-05	3.768411158e-05	6.683151508e-05
	2.340843762e-05	2.340843762e-05	0.0002488345245	0.0003135516634	7.38263217e-05
	7.38263217e-05	9.248996349e-05	0.0001717522292	0.0001445672173	0.0001117365277
	0.0003091545039	0.0005368660498	0.0005368660498	0.0001117365277	0.0007172289533
	0.001080615555	0.001009904792	0.0002931086957	9.859896863e-05	0.0001551606392
	6.683151508e-05	3.913940121e-05	6.648760303e-05	0.0001284288785	6.439381387e-05
	3.913940121e-05	0.0003559759461	0.0003559759461	0.0001615375796	0.0001615375796
	6.439381387e-05	0.0001618565962	0.0001117365277	0.0003091545039	0.0004402925891
	0.0005368660498	0.0002290607297	0.001080615555	0.001080615555	0.001809906929
	0.0002956598561	0.0001968437906	0.0001555880505	9.859896863e-05	0.0001284288785
	8.09118725e-05	0.0001284288785	6.648760303e-05	9.138380755e-05	0.0001105641146
	0.000123782941	0.00036991015	0.0004725722525	0.0001615375796	0.00024037858
	0.0001020539959	0.0001616219456	0.0003404350174	0.0003274452092	0.0004724830563
	0.0004724830563	0.0006475677071	0.0002290607297	0.0002290607297	0.001111762789
	0.00153018331	0.002143909032	0.0003397617312	0.0002212986929	0.000223112569
	0.0001816444776	0.0001816444776	0.0001105641146	0.0001408510263	0.0001408510263
	0.000123782941	0.000181569416	0.000123782941	0.00036991015	0.0004725722525
	0.00024037858	0.0001616219456	0.0002471246341	0.0002474491085	0.00024037858
	0.0002461243578	0.000327787984	0.0005944380549	0.0006657297986	0.0009852493225
	0.0004188479927	0.0003222851479	0.001280839587	0.001280839587	0.002143909032
	0.0003397617312	0.0003397617312	0.0002289808737	0.000223112569	0.0002289808737
	0.0002080673812	0.000181569416	0.0002859020573	0.0003700070757	0.000160737395
	0.000181569416	0.000234017808	0.0002539760165	0.0003427089537	0.0004529445516
	0.0002471246341	0.0004420805121	0.0002474491085	0.0002471246341	0.0002474491085
	0.0004239415474	0.0004188479927	0.0007412206096	0.0009674728798	0.0009852493225
	0.0004188479927	0.0005850291709	0.001458021626	0.001458021626	0.002656692386
	0.0003679588124	0.0003577963122	0.0002915177825	0.0003053670761	0.0003046695787
	0.0002859020573	0.0002859020573	0.0003700070757	0.0003687957855	0.0003305568666
	0.0003305568666	0.0003981043802	0.0002539760165	0.000324036141	0.0004529445516
	0.0004529445516	0.0003119032456	0.0005844836813	0.0003264863305	0.0003119032456
	0.0004500113524	0.0006170107646	0.0007412206096	0.0007412206096	0.00106116276
	0.001015722376	0.0007268238301	0.0005844836813	0.001249809565	0.002088215864
	0.00277027485	0.0003739464416	0.00032265654	0.0003764938596	0.0003687957855
	0.0003687957855	0.0003046695787	0.0005937528719	0.0003643541926	0.0004646562069
	0.0003305568666	0.0004980101901	0.0005848838521	0.0005008733151	0.0004353716574
	0.0004353716574	0.0003759917844	0.0003739464416	0.0003759917844	0.0004162194597
	0.0004162194597	0.0007311351217	0.0004622343318	0.0003417107476	0.0004461051436
	0.0006078888822	0.0006078888822	0.000849596745	0.00106116276	0.00106116276
	0.001385408603	0.0008344794182	0.0009183048938	0.001714798405	0.00277027485
	0.00277027485	0.0003739464416	0.000371262757	0.000371262757	0.0006654542995
	0.0005642916055	0.0005599589808	0.0005599589808	0.0004646562069	0.0005552631504
	0.0006714705428	0.0006714705428	0.0005008733151	0.0005333346757	0.0006812532643
	0.0003549840249	0.0003759917844	0.0003242250274	0.0003551117376	0.0005724834955
	0.0005724834955	0.0006356902393	0.000432058046	0.0004162194597	0.0004366908864
	0.0008927647158	0.0006780119732	0.0006780119732	0.0006078888822	0.001049005036
	0.0009800155138	0.001105311855	0.001105311855	0.001714798405	0.001030390104
	0.001168706527	0.001714798405	0.002868586731	0.002822426464	0.0004062099118
	0.0005616338338	0.0005528839712	0.0006654542995	0.001025066183	0.0007128269242
	0.0005599589808	0.0008425188493	0.0009848238096	0.0009848238096	0.00105401364
	0.001112912217	0.00105401364	0.001084032153	0.001652383756	0.0003947019862
	0.0003161384378	0.0002906679541	0.0002906679541	0.000293968986	0.0005724834955
	0.001404122949	0.001652383756	0.0005640802978	0.0009242833478	0.0006306052215
	0.0004385224371	0.001168706527	0.0009555325065	0.0009555325065	0.001366077245
	0.0008713894531	0.0009800155138	0.001105311855	0.001370520454	0.001294508132
	0.001216913649	0.001168706527	0.001822845017	0.001610208099	0.002170626604
	0.002163702701	0.000608828465	0.0007088614898	0.000608828465	0.001103280145
	0.001248985666	0.0007055172027	0.001248985666	0.000947228004	0.001377425015
	0.0009848238096	0.001084032153	0.001608343033	0.0009467300622	0.001221299732
	0.003160115648	0.002577674871	0.002117592551	0.001435493421	0.001652383756
	0.0005867974415	0.0004681473503	0.0003512488596	0.0002726344536	0.0002509643675
	0.0002359701034	0.002977218914	0.003160115648	0.003160115648	0.0005640802978
	0.001404122949	0.0005640802978	0.0009242833478	0.0006306052215	0.0005517333261
	0.0008739796121	0.001351502588	0.001194429278	0.0009555325065	0.001194429278
	0.001326956772	0.001326956772	0.001498210632	0.001415176161	0.001580819133
	0.001498210632	0.001822845017	0.001610208099	0.002170626604	0.002059816334
	0.000608828465	0.0007088614898	0.001450936972	0.001248985666	0.001617116971
	0.001316955499	0.001270010587	0.006283646139	0.002006702321	0.001781663484
	0.001608343033	0.00215916448	0.001807221165	0.005480234745	0.005480234745
	0.004357413061	0.003358134266	0.003358134266	0.001963526195	0.0004681473503
	0.0003512488596	0.0003512488596	0.0002314528148	0.0002212266223	0.0001598652427
	0.007015988902	0.005672096533	0.005672096533	0.003585948837	0.003585948837
	0.002144929114	0.0006177724103	0.001016982329	0.0006177724103	0.001549956243
	0.0008841891832	0.0007647795059	0.001193097538	0.001631936933	0.001604547366
	0.001549956243	0.001549956243	0.001326956772	0.001498210632	0.001631936933
	0.001415176161	0.001739762271	0.001590942079	0.001606753165	0.001724484597
	0.00163293088	0.001893446609	0.00224217453	0.0008523680413	0.0007293305142
	0.001617116971	0.001316955499	0.001316955499	0.001270010587	0.001270010587
	0.01679537828	0.006482503204	0.006283646139	0.00226014505	0.00215916448
	0.002665046425	0.00215916448	0.002130204219	0.006226817519	0.005073689008
	0.005073689008	0.003358134266	0.00226014505	0.0005971807958	0.0002993619394
	0.0002212266223	0.0001347328518	0.0001347328518	6.671340393e-05	0.01184566155
	0.02324355402	0.01402079992	0.01067424623	0.005672096533	0.003585948837
	0.001800071282	0.001800071282	0.0007647795059	0.0007754786033	0.001193097538
	0.0008841891832	0.0007647795059	0.001193097538	0.001631936933	0.001604547366
	0.001919577217	0.001464656811	0.001625044032	0.002109003966	0.002317598803
	0.002109003966	0.001704805495	0.001606753165	0.001591942439	0.001591942439
	0.00168204037	0.00224217453	0.0005210907801	0.001137757261	0.002529249539
	0.001709174517	0.002139059065	0.001527178057	0.001240968412	0.004995094222
	0.01020158412	0.006482503204	0.005060009593	0.00312471555	0.002665046425
	0.00201727547	0.002339507995	0.002529249539	0.002529249539	0.005073689008
	0.005060009593	0.004767229137	0.003979223649	0.003593342807	0.0005210907801
	0.0003673078593	0.0002758888906	0.0001347328518	0.0001350137207	6.671340393e-05
	0.03712857351	0.01402079992	0.01067424623	0.005442940635	0.005442940635
	0.002347817255	0.001824746103	0.0007158749065	0.0007158749065	0.001272668413
	0.001300461731	0.001428362389	0.00255596106	0.001919577217	0.00255596106
	0.001625044032	0.001890544954	0.002486808336	0.00225342789	0.001704805495
	0.001537735373	0.00168204037	0.001407242836	0.00168204037	0.00145123344
	0.0007488434609	0.0007068306934	0.001913217415	0.002731226562	0.001913217415
	0.001538519985	0.001430619579	0.004995094222	0.004536041091	0.00465349634
	0.0034954737	0.00367481499	0.003073488314	0.003755944011	0.002940110484
	0.004014306783	0.005257433016	0.003979223649	0.003979223649	0.004014306783
	0.0003673078593	0.0006532197357	0.0003673078593	0.0001904281889	3.647354468e-05
	6.783177351e-05	3.647354468e-05	0.05329455357	0.03859780565	0.009816168442
	0.009816168442	0.004330553806	0.002399135249	0.001439532677	0.001110899732
	0.001428362389	0.00217492998	0.001428362389	0.002657890864	0.002657132157
	0.002850512086	0.002701847718	0.001890544954	0.001890544954	0.00225342789
	0.001740926246	0.001798315066	0.001407242836	0.001418674188	0.001248950518
	0.00145123344	0.001205199777	0.0006532197357	0.0007488434609	0.00101099682
	0.001913217415	0.002940110484	0.00283687907	0.001538519985	0.001732615675
	0.00149324691	0.002597040159	0.001154131443	0.0034954737	0.0034954737
	0.003330922462	0.003106657711	0.004014306783	0.003330922462	0.003780543056
	0.003758145755	0.0006532197357	0.0004023101317	0.0001904281889	0.0001904281889
	5.078179557e-05	0.0001021969503	8.29987305e-05	0.08383931585	0.04163332872
	0.009816168442	0.004330553806	0.004330553806	0.001110899732	0.001924253663
	0.001110899732	0.001888527466	0.001933971196	0.002657132157	0.001519318543
	0.002701847718	0.003556790596	0.003556790596	0.002701847718	0.003473230289
	0.002458989294	0.002971477624	0.00169253649	0.002108160709	0.001367828232
	0.001079466667	0.001079466667	0.002560217591	0.001034307786	0.0009962616361
	0.0005314554363	0.00101099682	0.002560217591	0.003106657711	0.002453176492
	0.002272315021	0.001939004623	0.00149324691	0.002883992339	0.001517576529
	0.001163312322	0.002581820426	0.002991014974	0.00289740687	0.002991014974
	0.002357448303	0.003793858768	0.003758145755	0.0005314554363	0.0004081464552
	0.0002634041768	0.0005943525918	0.0001335208887	0.0001021969503	0.0001021969503
	7.372495996e-05	0.06072907373	0.03641151677	0.008497269318	0.003847051913
	0.001707997503	0.001162411355	0.001707997503	0.003673723527	0.001888527466
	0.002144591543	0.00163061021	0.002971477624	0.003677943876	0.003556790596
	0.00440032036	0.002108160709	0.003169017181	0.001644644801	0.002108160709
	0.001367828232	0.002472092199	0.001079466667	0.001048090723	0.0008031133194
	0.0009876121669	0.00289740687	0.0008222169563	0.0009000425147	0.002453176492
	0.002544419746	0.002300908819	0.001798131675	0.001444145431	0.002883992339
	0.004043438264	0.001163312322	0.002357448303	0.002991014974	0.00289740687
	0.00247759531	0.00314913818	0.0005943525918	0.0003831414179	0.0002385493831
	0.0001762183845	0.0005943525918	0.0001335208887	7.372495996e-05	0.0001015785053
	4.32712295e-06	0.003673723527	0.07202550884	0.03494482464	0.01089143785
	0.007220541888	0.001707997503	0.002181687105	0.003135455044	0.00163061021
	0.004084803057	0.004628710971	0.003677943876	0.004347130135	0.003677943876
	0.003169017181	0.002065913481	0.001510105174	0.001129116385	0.002065913481
	0.0006734772576	0.0006734772576	0.0006227954956	0.0006227954956	0.002442799749
	0.002814472805	0.001180390628	0.002300908819	0.002300908819	0.001798131675
	0.001205648237	0.01233766707	0.002627467647	0.001115197222	0.001931066757
	0.00314913818	0.002043166938	0.0005985979914	0.0005985979914	0.0001762183845
	0.0002277229096	0.0001762183845	0.000373881012	0.0001164746942	4.32712295e-06
	6.217519916e-05	4.32712295e-06	0.003840155644	0.003637337517	0.08034006152
	0.01388500961	0.006127787269	0.006127787269	0.002181687105	0.002181687105
	0.003263313805	0.004667863175	0.005077042772	0.004096638969	0.004024784736
	0.004024784736	0.003387735199	0.002065913481	0.001460108084	0.0007729411595
	0.003387735199	0.0005222136708	0.0007729411595	0.0004608430276	0.0006815834002
	0.00179467568	0.002185335958	0.0019471986	0.000869874759	0.00179467568
	0.001665704915	0.01233766707	0.0006529091883	0.0005418810891	0.0005418810891
	0.002185335958	0.0006818836859	0.0005985979914	0.0005581330318	0.0002277229096
	0.000198574674	0.000198574674	0.0003336390545	0.0001612072959	0.0001032078576
	5.70969139e-05	6.725761409e-05	7.315536343e-06	0.003263313805	0.08034006152
	0.009186741927	0.006127787269	0.005241188563	0.00203508095	0.00203508095
	0.005077042772	0.004096638969	0.004096638969	0.005035462231	0.004938247171
	0.004024784736	0.003387735199	0.001791053878	0.001460108084	0.0006581080472
	0.001806036617	0.0003726577952	0.0006581080472	0.0003726577952	0.0005876959229
	0.00179467568	0.0019471986	0.0019471986	0.0006756898223	0.0009708494585
	0.00118042282	0.02699470184	0.0005247694855	0.001412294761	0.0005418810891
	0.0008120601428	0.0006756898223	0.0003707812635	0.0003707812635	0.0006756898223
	0.0003494214231	0.000198574674	0.0001612072959	0.0003219759701	0.0001936391571
	0.0001824020362	6.778802258e-05	6.725761409e-05	6.725761409e-05	1.595951329e-05
	0.004332652536	0.002728718946	0.0789881554	0.02964114498	0.005241188563
	0.002149030707	0.002149030707	0.00543897244	0.005631419518	0.005035462231
	0.004332652536	0.003848868177	0.005144708614	0.003434469312	0.001852742782
	0.001852742782	0.001292224074	0.001911554379	0.0003726577952	0.0004299127319
	0.001184614942	0.0002307997831	0.0002316861583	0.001412294761	0.001464387338
	0.001558940436	0.001116418534	0.00118042282	0.001464387338	0.01884865382
	0.001395442114	0.001050842251	0.001395442114	0.001050842251	0.0003219759701
	0.0005550675681	0.0003707812635	0.0006884008105	0.0003494214231	0.0002981215754
	0.0002965314075	0.0001936391571	0.0004720460072	0.0001107879035	0.0001824020362
	0.0001001867382	1.238044583e-05	0.0001001867382	1.595951329e-05	1.595951329e-05
	0.005410152776	0.005580488017	0.002742205099	0.09137370185	0.03958778275
	0.004305879582	0.002742205099	0.005631419518	0.005631419518	0.00613182783
	0.006823349185	0.005830090548	0.004811681871	0.004546446935	0.003435148583
	0.001184614942	0.001788831891	0.001184614942	0.001788831891	0.0004174345054
	0.0002155217466	0.0006972405768	0.0001581224175	0.0001581224175	0.001084039362
	0.00137891779	0.00110343042	0.001116418534	0.00137891779	0.01982957183
	0.001395442114	0.001050842251	0.001432164985	0.0003976789653	0.0009643792099
	0.0006884008105	0.0005729311096	0.0002965314075	0.0002965314075	0.0003750553096
	0.000473408013	0.0004655855271	0.0001876366026	5.830895709e-05	9.746048701e-06
	4.916908121e-05	9.492697842e-06	9.492697842e-06	0.005580488017	0.004650906003
	0.003462558118	0.06113863377	0.04187796375	0.003462558118	0.006268318
	0.006891683537	0.007050508695	0.004871449476	0.005276301482	0.004452339286
	0.003435148583	0.001175012192	0.001788831891	0.002464486575	0.002497599508
	0.002497599508	0.000184251988	0.0004046835778	0.0004045429577	0.0001581224175
	0.000184251988	0.0001579993024	0.0001579993024	0.001779424173	0.0009664451788
	0.00110343042	0.001213083296	0.01982957183	0.001518175583	0.001432164985
	0.001779424173	0.0004655855271	0.0008756042639	0.001191615771	0.0009653346847
	0.0006022288901	0.0006982899908	0.0003750553096	0.0001861788288	0.0003514141097
	0.0006982899908	0.000473408013	0.000473408013	4.753320732e-06	5.446786288e-05
	0.0002309444228	0.0002309444228	8.736166294e-05	0.0001227279893	7.306584901e-05
	1.519669865e-05	8.422375871e-05	0.005128040313	0.004650906003	0.005064584223
	0.04393202265	0.01274678131	0.006268318	0.007050508695	0.007050508695
	0.005128040313	0.006891683537	0.004452339286	0.004206369199	0.004247493695
	0.001095734916	0.001637171409	0.002293604386	0.003317520475	0.000184251988
	0.001189076235	0.0004786331731	0.0004786331731	0.0003466081905	0.0003466081905
	0.0002245831437	0.001779424173	0.001993443713	0.01304219975	0.002500455635
	0.00257666256	0.0008756042639	0.001644912727	0.0008756042639	0.001290467093
	0.0006022288901	0.0006982899908	0.000379201877	0.0004815278711	0.0005947961198
	0.0005947961198	2.608988207e-06	1.519669865e-05	5.446786288e-05	0.0002309444228
	0.000379201877	0.0002223159337	0.0001159856047	8.363804048e-05	1.519669865e-05
	0.005128040313	0.003809410844	0.01274678131	0.04393202265	0.006400190694
	0.006528291427	0.007771298951	0.004420118781	0.006528291427	0.004206369199
	0.004206369199	0.003317520475	0.001189076235	0.002293604386	0.002293604386
	0.002009351461	0.003407035499	0.0008772405837	0.001189076235	0.0004786331731
	0.001993443713	0.0003462126189	0.0003589378618	0.0004985338749	0.0004985338749
	0.00257666256	0.001644912727	0.005479866435	0.004281269164	0.0004288549772
	0.001315997625	0.001315997625	0.0007944133475	0.0005936038736	0.0004351970889
	0.0004815278711	0.0004815278711	7.176953881e-05	2.787973275e-05	7.082681865e-05
	6.163926166e-05	0.0003598947605	0.0004279427269	0.0001769262408	0.0003598947605
	0.0002700453774	0.000106566105	0.003809410844	0.003809410844	0.02162890548
	0.006400190694	0.006221273925	0.006400190694	0.007099307908	0.004931229913
	0.00542388437	0.005425999717	0.0008772405837	0.00118028432	0.002525095988
	0.003461187278	0.002046964704	0.002728126569	0.001027789274	0.0005638248659
	0.0003532451896	0.00137568163	0.0004985338749	1.42656765e-05	2.592854974e-05
	0.002674441494	0.0028029002	0.00220329368	0.005488868754	0.0008220779095
	0.0005936038736	0.001315997625	0.001577220966	0.0009843369208	0.0005936038736
	0.0004351970889	0.0004279427269	7.176953881e-05	7.518402822e-05	8.171339826e-05
	8.008097772e-05	8.93907867e-05	0.0004279427269	0.0001769262408	0.0001833229391
	0.0001363365724	0.0004687044623	0.004931229913	0.003820411715	0.02162890548
	0.00542388437	0.006947205073	0.006221273925	0.007217190052	0.003640871443
	0.00542388437	0.004437708469	0.005486048645	0.001728869333	0.003461187278
	0.002525095988	0.002907833735	0.002907833735	0.001728869333	0.001904552877
	0.000825409629	0.000825409629	0.0009927634445	0.001410217462	0.001543151646
	4.280925968e-05	5.804010813e-05	5.804010813e-05	5.668951701e-05	0.0028029002
	0.0028029002	0.002562837248	0.007522140194	0.0006820044476	0.0009297942536
	0.002189075634	0.001577220966	0.001425110563	0.0006065212698	0.0005910661343
	0.0005910661343	0.0003908730805	0.0009384657141	0.0007623552629	7.518402822e-05
	7.518402822e-05	8.171339826e-05	9.784668243e-05	0.0001681547491	0.0002297683182
	0.0001681547491	0.0001305449245	0.0002295057949	0.004416795627	0.004416795627
	0.06339347316	0.007335565925	0.004416838463	0.007418909656	0.004416838463
	0.004152535796	0.005486048645	0.004859101656	0.007335565925	0.002861154247
	0.003925994476	0.002861154247	0.004859101656	0.002377075777	0.002377075777
	0.001154180523	0.001154180523	0.001273803372	0.001735283358	0.001979201928
	0.001777900832	9.902109396e-05	8.571541768e-05	5.804010813e-05	0.0001027406334
	7.986998202e-05	0.002691213465	0.002815602223	0.002691213465	0.007460599373
	0.001161004374	0.0009297942536	0.001235084721	0.002564914555	0.001607944637
	0.0006993310051	0.0004617232768	0.0004617232768	0.0008529894496	0.001077807597
	7.879552896e-05	9.784668243e-05	0.0001305449245	0.0001451122315	0.0001824891203
	0.00040049994	0.0002164553661	0.0004600388608	0.004416795627	0.07478738303
	0.007335565925	0.00646708797	0.004416838463	0.00646708797	0.004152535796
	0.006713422798	0.006713422798	0.002861154247	0.003198727003	0.004953766008
	0.003925994476	0.00641418149	0.002636504656	0.001774320434	0.001154180523
	0.001195090531	0.002001972915	0.002323689992	0.002323689992	0.0001212793361
	0.0001102746397	8.071758947e-05	9.963697871e-05	0.0001053663588	0.0001226848214
	0.002691213465	0.002297806251	0.003887147986	0.001235084721	0.001235084721
	0.002506189894	0.001607944637	0.00101671225	0.0004600388608	0.000808757064
	0.001077807597	0.001077807597	0.001186707505	0.00015738922	0.0002625719782
	0.0003458711243	0.0003458711243	0.0004209972972	0.0002958497947	0.0004600388608
	0.0004209972972	0.0006901734684	0.000755834505	0.004237087135	0.07730303986
	0.007235124576	0.006374166678	0.00646708797	0.006113458712	0.003995536736
	0.006713422798	0.003427768585	0.004525758629	0.003757707668	0.004953766008
	0.00641418149	0.003427768585	0.003427768585	0.006693742146	0.002316563444
	0.001854424023	0.001854424023	0.001974687481	0.002477985188	0.002477985188
	0.0001189023251	0.0001102746397	0.0001109663151	0.0001416615521	0.0001226848214
	0.0001464844586	0.0001464844586	0.0001713948798	0.002297806251	0.003887147986
	0.001923531332	0.001266233624	0.002198499953	0.001239644589	0.000808757064
	0.001266233624	0.001239644589	0.00015738922	0.0002312972169	0.0004566345121
	0.0004828774718	0.0006235732659	0.0006235732659	0.000755834505	0.0008449848933
	0.0009062515064	0.0009885158498	0.009449294083	0.05653078542	0.005951749511
	0.005665365942	0.005665365942	0.004375669706	0.006005814213	0.006693742146
	0.004079960129	0.004563574456	0.004648141591	0.006005814213	0.002843748802
	0.004079960129	0.006693742146	0.006660560321	0.002407343983	0.002407343983
	0.001854424023	0.002349756931	0.002349756931	0.002477985188	0.002913036995
	0.004020131897	0.0001441240788	0.0001452270248	0.0001614352388	0.0001321110411
	0.0001255503404	0.0001251923147	0.0001195245496	0.0001614352388	0.0001284578393
	8.723529021e-05	0.0001284578393	0.0001713948798	0.0001464844586	0.0001685792659
	0.0001713948798	0.002198499953	0.004084218236	0.001812989283	0.001502561778
	0.001926045344	0.001343847231	0.001239644589	0.001328029512	0.001372769939
	0.0002458307278	0.0005600296477	0.0004828774718	0.0004566345121	0.0008459139831
	0.0006235732659	0.001169377852	0.0009062515064	0.001315692253	0.01341885988
	0.04170265889	0.004548423553	0.002609420116	0.003453377655	0.006005814213
	0.006585921053	0.004547119692	0.004547119692	0.005565601752	0.005714287473
	0.003372948166	0.006585921053	0.006246763494	0.006032476219	0.002422299043
	0.002407343983	0.002892616173	0.002422299043	0.002349756931	0.003223121204
	0.002706482372	0.003372948166	0.004020131897	0.003619995932	0.0001192824001
	0.0001166459664	0.0001349873187	0.0001195245496	0.0001145247721	0.0001975629934
	0.0001192824001	1.853211405e-05	9.001552061e-05	4.694211197e-05	2.540502293e-05
	0.0001240567943	8.723529021e-05	0.0001147062035	8.723529021e-05	1.092918074e-05
	1.853211405e-05	0.0003787818278	0.0001685792659	0.0001685792659	0.0003752723488
	0.005520318639	0.009342653079	0.001592239004	0.001070997736	0.001070997736
	0.001357334082	0.001328029512	0.001328029512	0.001550350688	0.0003787818278
	0.0005600296477	0.0009197297536	0.0008459139831	0.001051267657	0.001489475376
	0.001051267657	0.001315692253	0.007069221368	0.04170265889	0.002609420116
	0.004548423553	0.003453377655	0.005474366275	0.004547119692	0.004208438759
	0.005474366275	0.005587448868	0.005587448868	0.00453910235	0.002611079657
	0.002588375439	0.002781017435	0.003192174562	0.003126352156	0.002606929282
	0.002752866417	0.002752866417	0.003619995932	0.004309594088	0.003619995932
	0.0001192824001	0.0001166459664	0.0001083259445	0.0001204057618	0.0001745759778
	0.0002137190109	0.0001099130199	1.853211405e-05	3.973416043e-05	2.6822802e-05
	5.127091886e-05	0.0001147062035	6.506358665e-05	8.215204495e-05	1.407366949e-06
	1.407366949e-06	1.064893391e-07	5.7404994e-07	2.022319841e-06	1.190211273e-05
	5.454424742e-06	0.0005039724681	0.0003415488078	0.0003260699019	0.0003260699019
	0.001682508664	0.01843273278	0.001357334082	0.001070997736	0.001357334082
	0.001532574439	0.001594947885	0.001407213522	0.0009231102612	0.0005039724681
	0.00109683893	0.001301059693	0.001051267657	0.001528918918	0.001563675045
	0.009301588372	0.06324333624	0.003564172797	0.003291598014	0.00695586847
	0.005474366275	0.004309594088	0.004208438759	0.004785126499	0.00453910235
	0.00453910235	0.002611079657	0.002611079657	0.002705724938	0.002967480072
	0.003492290958	0.003126352156	0.003126352156	0.002724462886	0.002724462886
	0.003508342096	0.003580902704	0.003457872588	0.0001243466645	0.0001243466645
	9.024526785e-05	0.0001745759778	0.0002076089591	0.0002137190109	9.953741599e-05
	1.513168141e-05	4.090722698e-05	4.090722698e-05	4.74818687e-05	5.320415682e-05
	5.320415682e-05	1.021980043e-05	1.064893391e-07	9.47049994e-10	2.022319841e-06
	2.402079424e-08	9.35467801e-08	2.402079424e-08	2.524558163e-06	5.454424742e-06
	5.283040585e-06	0.0005039724681	0.000321589618	0.0003260699019	0.0004732325095
	0.00977104656	0.01843273278	0.001082417132	0.0007632719353	0.001082417132
	0.001528918918	0.001568923427	0.001568923427	0.001356154536	0.001301059693
	0.00109683893	0.0007319708991	0.00109683893	0.001399254434	0.001399254434
	0.00165095279	0.00695586847	0.06578878597	0.002416593652	0.003291598014
	0.008620257837	0.003750765383	0.003630521033	0.003750765383	0.003240456074
	0.003120720409	0.002761824873	0.002594029412	0.002642128199	0.002777864361
	0.003004018944	0.003764208801	0.004662266463	0.002716057477	0.002730800762
	0.002724462886	0.003630521033	0.00373367365	0.003423543636	0.0001243466645
	9.87389113e-05	9.87389113e-05	0.0002076089591	0.0002076089591	0.0003614775501
	0.0001074234707	2.295475946e-05	2.295475946e-05	4.74818687e-05	6.263263494e-05
	4.525493381e-05	1.021980043e-05	5.283040585e-06	1.587342782e-07	1.183490439e-07
	2.144740089e-06	2.402079424e-08	2.559815764e-07	1.463086718e-07	5.283040585e-06
	0.0006321240361	0.0003614775501	0.0005937074974	0.005530354095	0.02969341927
	0.001082417132	0.0007280139663	0.001356154536	0.00146161718	0.001568923427
	0.00140796765	0.0007869909344	0.001241827321	0.001217765701	0.001217765701
	0.001399254434	0.001620774916	0.03082634614	0.07060087557	0.003641177395
	0.002706370516	0.008620257837	0.003240456074	0.002709911526	0.002153898778
	0.002886334309	0.002619243665	0.002619243665	0.002596679865	0.002594029412
	0.002594029412	0.002642128199	0.002881322275	0.003764208801	0.004662266463
	0.004662266463	0.002706370516	0.002716057477	0.002444881145	0.002709911526
	0.002557844219	0.002073760396	0.0001074234707	0.0001198783692	8.09639034e-05
	0.0003908152604	0.0002592227964	0.0001613880883	0.0002592227964	0.000139614808
	2.295475946e-05	3.403427016e-05	3.403427016e-05	4.641271306e-05	8.447997439e-07
	9.753740433e-06	4.347874014e-06	1.183490439e-07	1.183490439e-07	1.114728613e-06
	1.265884632e-06	1.265884632e-06	1.463086718e-07	2.171090793e-06	8.447997439e-07
	0.0005937074974	0.0005937074974	0.005530354095	0.01389058052	0.0006962714495
	0.0008988727279	0.0006962714495	0.0013818815	0.00146161718	0.0009986124001
	0.0008803565581	0.000655250501	0.001447759119	0.001168297893	0.001096037642
	0.001531086706	0.03082634614	0.0790865843	0.002706370516	0.01061243256
	0.002153898778	0.002153898778	0.002494079024	0.002073760396	0.002308238079
	0.002308238079	0.001933862807	0.002249686183	0.002249686183	0.002575854919
	0.002894284939	0.002869472785	0.004004782154	0.004976616659	0.002356133435
	0.001971531702	0.001971531702	0.001551735867	0.00174998126	0.002073760396
	1.56648371e-05	0.0003855667346	0.0001198783692	9.53471422e-05	0.0003663829255
	0.0002592227964	0.0001576933167	0.0001576933167	1.56648371e-05	6.804343324e-05
	3.504080389e-05	4.641271306e-05	2.696798338e-06	3.736332872e-06	1.466922676e-06
	5.96724073e-06	7.222060844e-06	5.96724073e-06	2.171090793e-06	1.843103559e-06
	2.696798338e-06	1.843103559e-06	0.000655250501	0.0008988727279	0.006290082246
	0.0006962714495	0.000913843735	0.0008590972637	0.001531086706	0.0013818815
	0.001061823412	0.0008441820708	0.0009262067225	0.001447759119	0.00122558801
	0.00122558801	0.001307990739	0.04847753143	0.08152834808	0.006983485041
	0.01061243256	0.001920573708	0.001256142384	0.001856213339	0.002308238079
	0.002163501782	0.002163501782	0.001920573708	0.002301274233	0.002249686183
	0.002575854919	0.002575854919	0.002894284939	0.004004782154	0.004973510411
	0.004004782154	0.004013610287	0.001971531702	0.001551735867	0.001324806848
	0.001701593542	0.001324806848	0.0004838514743	0.0004838514743	1.000125209e-05
	9.29025229e-06	0.0003855667346	0.0001253968412	0.0001253968412	0.0002259631734
	0.0001668913694	0.0001729626787	0.0003500374186	3.504080389e-05	9.798097042e-05
	3.504080389e-05	2.696798338e-06	8.877598335e-06	1.669197681e-05	1.950504048e-05
	2.915600249e-05	1.858414706e-05	1.094459946e-05	1.161664764e-05	1.161664764e-05
	0.0008991548964	0.000913843735	0.002707295147	0.0008590972637	0.0006718805838
	0.0008590972637	0.001132412361	0.001339451277	0.001339451277	0.001320606935
	0.0008991548964	0.001337735085	0.001121993329	0.001160719575	0.001486378324
	0.03255246246	0.05290593286	0.004013610287	0.01181735382	0.001256142384
	0.001256142384	0.001357374242	0.00174422142	0.00138829522	0.002970224705
	0.001727121396	0.002298427896	0.002298427896	0.002139192946	0.004878079873
	0.002837523463	0.002836397986	0.004973510411	0.002970224705	0.001219511531
	0.001727121396	0.001008810637	0.001324806848	0.001357374242	0.0006547967782
	0.0008764471631	0.0005552931185	0.0003500374186	1.023872025e-05	1.023872025e-05
	0.0002941909078	0.0001253968412	0.0002259631734	0.0002171785984	2.711381769e-05
	2.711381769e-05	9.157847598e-05	6.698603909e-05	1.841766726e-05	1.669197681e-05
	4.21720747e-05	5.260935798e-05	3.835242125e-05	2.970074943e-05	1.858414706e-05
	5.016414315e-05	5.016414315e-05	0.0005552931185	0.0009983252593	0.003259263193
	0.002707295147	0.0009453480758	0.0006014133862	0.001104137108	0.001485849565
	0.001523630177	0.001709673182	0.0009983252593	0.001121993329	0.001121993329
	0.001201384931	0.03457826097	0.04281639591	0.008175853272	0.008175853272
	0.001094440096	0.001968529261	0.001105084582	0.00138829522	0.002970224705
	0.001869290102	0.002162111825	0.002162111825	0.002076333392	0.003942268621
	0.003933835981	0.002837523463	0.003264806813	0.004484930456	0.001246302977
	0.00150086018	0.001104618648	0.0009078215423	0.001094440096	0.0009078215423
	0.0006644393339	0.0005766336858	0.0006245546756	0.0005552931185	0.0003089921217
	2.936991946e-05	0.0002171785984	0.0001681251946	0.0002463889698	0.0002463889698
	5.711814023e-05	2.876078273e-05	0.0001273540059	5.711814023e-05	3.211848122e-05
	4.21720747e-05	4.21720747e-05	4.857736767e-05	8.61634029e-05	6.96425843e-05
	5.016414315e-05	0.0005598577765	0.0009080627625	0.0009080627625	0.001201387937
	0.004044172898	0.0009453480758	0.000989009882	0.001229839947	0.001201384931
	0.001709673182	0.001636012071	0.0009414037682	0.001318312018	0.001201384931
	0.0252341315	0.04281639591	0.008175853272	0.0116058738	0.002063823365
	0.0006760420126	0.0008314887354	0.002693800945	0.001520261489	0.001520261489
	0.001705171801	0.003818224844	0.001940686115	0.003933835981	0.003933835981
	0.002692470772	0.006760746661	0.0008541230852	0.001171590754	0.0008541230852
	0.0009078215423	0.002063823365	0.00112378733	0.0006523837332	0.0006523837332
	0.0006245546756	0.0004454500791	0.0003488296265	4.724910439e-05	4.724910439e-05
	0.0002213159371	0.0001811322963	0.0001878123666	5.711814023e-05	0.0001187149214
	7.930843919e-05	5.20581667e-05	7.063903411e-05	0.0001273763953	0.0001273763953
	4.857736767e-05	4.857736767e-05	8.61634029e-05	6.96425843e-05	0.0005598577765
	0.0008055026442	0.0008055026442	0.0005598577765	0.000989009882	0.001181123719
	0.001566344974	0.001415233376	0.002249449272	0.0013083074	0.001996836834
	0.002249449272	0.0009414037682	0.001017114491	0.001017114491	0.0116058738
	0.03642804654	0.008525697748	0.008525697748	0.002801594767	0.0007045699044
	0.0005948741879	0.004522888585	0.001171590754	0.001363908925	0.004460276858
	0.001572511254	0.003156635887	0.002215477975	0.002682394987	0.002193367437
	0.006760746661	0.0006465864172	0.0009163238779	0.001171590754	0.0004943790555
	0.001531610882	0.001657969479	0.0006523837332	0.0006383203158	0.0005695958505
	0.0005948741879	0.0004395745605	0.0003488296265	0.0002564863094	4.724910439e-05
	8.550661473e-05	0.000114778605	0.0002473459256	0.0001878123666	0.0001878123666
	0.000114778605	5.20581667e-05	7.665149518e-05	0.0001224256343	0.0001273763953
	0.0001228957109	0.0001498174951	8.475437145e-05	0.0001290370741	0.0001068641163
	0.0003767133369	0.0006573190831	0.0006705862365	0.0006445623376	0.001415233376
	0.002707330696	0.002010413672	0.001415233376	0.002249449272	0.0013083074
	0.002029228564	0.002029228564	0.001017114491	0.001094699502	0.02448698749
	0.02034329037	0.008525697748	0.009307893282	0.004522888585	0.0007045699044
	0.004522888585	0.0009163238779	0.001363908925	0.001572511254	0.00422538116
	0.003667695327	0.002215477975	0.002543445456	0.002215477975	0.002652229552
	0.001066871725	0.006916473095	0.0004943790555	0.0009163238779	0.0004943790555
	0.0004090852007	0.00198744581	0.002980355185	0.000706464708	0.00198744581
	0.000824977067	0.0005200250494	0.0004395745605	0.000343426477	0.0002411255287
	0.0002411255287	6.126792895e-05	8.550661473e-05	0.0001245593457	0.0001599473869
	0.0001599473869	9.149514637e-05	7.665149518e-05	0.0001498149527	0.0001498149527
	0.0001972578039	0.0001972578039	0.000271197326	0.000271197326	0.000112016463
	0.000118913071	0.0001700005103	0.000343426477	0.0004387418405	0.0004993037598
	0.000756814091	0.0006445623376	0.002331893422	0.007619041261	0.00237496167
	0.001978968682	0.0025935102	0.001703977888	0.001289220596	0.001335938391
	0.0008654432921	0.001216113525	0.001807504155	0.009307893282	0.02034329037
	0.007957506534	0.007957506534	0.005092901607	0.005722277747	0.0005048401021
	0.0007508998139	0.001076099467	0.001547200168	0.003546511283	0.003092182263
	0.003092182263	0.002148388888	0.001913694359	0.002226095966	0.001066871725
	0.001066871725	0.007613816821	0.0004090852007	0.0007175000661	0.0005048401021
	0.0004090852007	0.00198744581	0.003056459354	0.001747364178	0.001597447445
	0.000824977067	0.0005200250494	0.0006470208778	0.0003306408226	0.0002738216175
	0.0002053139494	0.0002738216175	0.0001332523395	0.0001245593457	0.0001245593457
	0.000148548171	0.000148548171	0.0001699466775	0.0003710225803	0.0002869120485
	0.0002869120485	0.000271197326	0.0002338972295	0.0002338703481	0.0002338703481
	0.0001699466775	0.000756814091	0.0004387418405	0.0004113252757	0.0005464168765
	0.0005464168765	0.004703935571	0.004164595298	0.0025935102	0.0025935102
	0.002839479546	0.001216113525	0.001058119825	0.001216113525	0.002088279092
	0.009447123725	0.009447123725	0.003728543464	0.007613816821	0.005336299615
	0.005722277747	0.0004186437858	0.0005172698005	0.001345101088	0.001550312315
	0.003120506714	0.003092182263	0.002578310896	0.002148388888	0.002148388888
	0.001044007107	0.0007175000661	0.006894520465	0.005336299615	0.000384835912
	0.0007175000661	0.000384835912	0.0005023479273	0.001657374134	0.003546546005
	0.005121665827	0.003546546005	0.001657374134	0.0009705850821	0.001288188886
	0.0006470208778	0.0006470208778	0.0003193684517	0.0002738216175	0.0002295634917
	0.0002295634917	0.0001693159729	0.0001906128909	0.000148548171	0.0001957990903
	0.0001699466775	0.0004113252757	0.0003884719974	0.0004304308907	0.0005342507541
	0.000427240835	0.0002338703481	0.0003390846756	0.0003390846756	0.0002454606636
	0.0005707196868	0.0004113252757	0.0005464168765	0.0005312292892	0.003096430388
	0.01374622061	0.003678920845	0.003678920845	0.002839479546	0.002088279092
	0.001556871013	0.0007105605854	0.0008846240683	0.001556871013	0.009447123725
	0.007597435664	0.003106915233	0.006894520465	0.005336299615	0.0003817405731
	0.001207341466	0.001207341466	0.003103571858	0.003103571858	0.002470687524
	0.00220515836	0.001881859354	0.0009839549183	0.0006071589086	0.000780926837
	0.006894520465	0.005331799915	0.0004313704498	0.0005023479273	0.0006071589086
	0.0004173380554	0.0003817405731	0.0004313704498	0.0005488984188	0.002906817982
	0.005121665827	0.003546546005	0.004290698486	0.002023817037	0.001065911136
	0.002262067978	0.001084953149	0.001084953149	0.0003193684517	0.0002954702207
	0.0002734069029	0.0002191663927	0.0002191663927	0.0001594945529	0.0002163801035
	0.0002764557342	0.000394876153	0.0003884719974	0.00060228951	0.000427240835
	0.000427240835	0.0004379262768	0.000369322527	0.0003722678428	0.0002454606636
	0.0006052131826	0.0005572485309	0.0005572485309	0.0005519947804	0.009229867546
	0.0108895897	0.006119220645	0.005003056103	0.003247287255	0.002522935046
	0.0011680017	0.0006464499499	0.0011680017	0.002880245873	0.002906673617
	0.002623990355	0.003811720915	0.00514515802	0.001207341466	0.001489404717
	0.002908706753	0.003103571858	0.003106425998	0.002023653713	0.002023653713
	0.001763637118	0.001484100343	0.001217603067	0.0006200819232	0.0006071589086
	0.0004746034659	0.005829274013	0.005306064492	0.0005328984571	0.0004767422941
	0.0003823581719	0.000383723605	0.0004038857921	0.0008353721874	0.005120279206
	0.003486918896	0.003486918896	0.002262067978	0.001250449415	0.002262067978
	0.001084953149	0.001172449954	0.0003096137963	0.0002954702207	0.0002734069029
	0.0002734069029	0.0002111340312	0.0002764557342	0.0002764557342	0.0004243087044
	0.0004243087044	0.0006414150715	0.0006414150715	0.0004379262768	0.0004379262768
	0.000369322527	0.0003855932767	0.0003101632121	0.0005572485309	0.0005438697868
	0.0005438697868	0.009229867546	0.02598754434	0.006496942728	0.004302505198
	0.003639673909	0.002359498611	0.0011680017	0.001032046254	0.001176139948
	0.001029606491	0.00394106276	0.004258920576	0.004332273874	0.005306064492
	0.001217603067	0.002783507634	0.002783507634	0.002187128461	0.002074272393
	0.001819061848	0.0007818830909	0.001763637118	0.000989422707	0.000989422707
	0.0004746034659	0.0004746034659	0.0003787016163	0.00380018953	0.003302073551
	0.000654516221	0.0004038857921	0.000383723605	0.000383723605	0.001080540518
	0.001080540518	0.005120279206	0.005120279206	0.003162863156	0.002624611112
	0.002624611112	0.002096650648	0.002096650648	0.001207982626	0.000269620474
	0.0003799984578	0.0003623537744	0.0003623537744	0.0003132627006	0.000470357467
	0.0005539958431	0.0005280255005	0.0009419732802	0.0007782815953	0.000626489423
	0.0005876771323	0.0003855932767	0.0003855932767	0.0003707908493	0.0006748322986
	0.0007163206843	0.000583927124	0.0005939594998	0.01140681654	0.02598754434
	0.006496942728	0.005456278446	0.00339406683	0.002478899574	0.001176139948
	0.001197204818	0.001310077194	0.001302019399	0.004258920576	0.00198446412
	0.00387135937	0.0006525437192	0.0007718223392	0.00265684072	0.002783507634
	0.002774705004	0.002074272393	0.004574419765	0.001819061848	0.001679596237
	0.0007683219638	0.001232827457	0.000972741497	0.0005226695656	0.000431700219
	0.0003787016163	0.00380018953	0.00380018953	0.0007718223392	0.0004804199264
	0.0004010122018	0.001080540518	0.001124430264	0.001889793025	0.00426863961
	0.004536912678	0.002814556321	0.002396896703	0.002096650648	0.001889793025
	0.0003336018467	0.0003966078997	0.0003623537744	0.0003707908493	0.0006245751443
	0.0006899219705	0.000585678199	0.0009116655378	0.0009116655378	0.0008235433195
	0.0005876771323	0.0005006598627	0.0004181213314	0.0004418179039	0.0007722862824
	0.0006998828128	0.0007000718392	0.0007718664416	0.01800137422	0.03332415783
	0.005456278446	0.005456278446	0.003651071201	0.001038468767	0.001278637397
	0.0008412025998	0.002158971302	0.002284991954	0.00198446412	0.008270023728
	0.00198446412	0.00387135937	0.004574419765	0.0007718223392	0.0004378098091
	0.002818885069	0.002643997408	0.002643997408	0.002062102608	0.001679596237
	0.00426863961	0.001182888481	0.001182888481	0.0005226695656	0.000972741497
	0.000972741497	0.0004205737127	0.0003634722175	0.0003634722175	0.003727007201
	0.002226132536	0.0007288069236	0.0004378098091	0.0009598380753	0.001476380436
	0.0009598380753	0.001969717962	0.001969717962	0.003578853498	0.003091581243
	0.002787069868	0.002314943288	0.0004845386459	0.0004243577727	0.0004845386459
	0.0006715350392	0.0007722862824	0.000585678199	0.0007722862824	0.001052635268
	0.0008235433195	0.0008235433195	0.0005558513064	0.0005558513064	0.0005708987231
	0.0005438646311	0.0008412025998	0.0007238079949	0.0007238079949	0.01800137422
	0.02570392672	0.01138527405	0.003651071201	0.003651071201	0.001278637397
	0.0008412025998	0.000963544884	0.001161081982	0.001384413656	0.00183152256
	0.001509838043	0.01750460808	0.002097769682	0.003727007201	0.003931790155
	0.003763286315	0.0006363035738	0.0003487379507	0.0004205737127	0.002581505329
	0.002695682961	0.002358473461	0.002358473461	0.001717361236	0.001436908527
	0.003578853498	0.001182888481	0.0005287730015	0.0007876158472	0.0004205737127
	0.0003104464377	0.0004269734325	0.002873843846	0.001370765031	0.0006849880777
	0.0004688400332	0.0009598380753	0.001392477814	0.001178710543	0.002314943288
	0.001781824366	0.003578853498	0.003031927599	0.002314943288	0.003100605453
	0.0007918429261	0.000532710937	0.0004845386459	0.0006715350392	0.0006718233649
	0.0007918429261	0.001168725885	0.0009062206746	0.0009062206746	0.0007718191608
	0.0007718191608	0.0005438646311	0.0005438646311	0.0009391646127	0.0007238079949
	0.001258100358	0.01138527405	0.05623953305	0.009195165141	0.003605330724
	0.005025127359	0.001161081982	0.001284214431	0.001284214431	0.001347389971
	0.005749308691	0.001509838043	0.01412892565	0.001370765031	0.002903703591
	0.002832442629	0.003100605453	0.0006849880777	0.0003115384295	0.000380655039
	0.000380655039	0.001954319564	0.003183934126	0.002058554631	0.002568194746
	0.001846108834	0.002058554631	0.001211461155	0.001211461155	0.0009607506849
	0.003283977255	0.0007876158472	0.0003104464377	0.0003104464377	0.0003404072178
	0.0003404072178	0.001370765031	0.0006849880777	0.0005956859237	0.0004675706269
	0.001013257296	0.001462689092	0.001178710543	0.001112314477	0.002479505446
	0.001650244502	0.002657222366	0.002465206499	0.003100605453	0.0009993113376
	0.0005928759338	0.0005928759338	0.0007861293535	0.0007717724228	0.001001102173
	0.001669946498	0.001351593446	0.001036380916	0.0007718191608	0.0008299869726
	0.0006527660324	0.0006709346224	0.0006709346224	0.001104059606	0.001104059606
	0.001601001422	0.01134853424	0.05623953305	0.008622312199	0.003605330724
	0.005588770723	0.001347389971	0.00122694199	0.001601001422	0.001284214431
	0.00203973503	0.005749308691	0.001827360682	0.01412892565	0.00123660227
	0.002657784034	0.002832442629	0.002832442629	0.002657784034	0.000380655039
	0.000481980515	0.002657222366	0.001954319564	0.0009607506849	0.003183934126
	0.003183934126	0.002058554631	0.002283025511	0.00125941898	0.001629239871
	0.001211461155	0.000571460883	0.002761243542	0.000481980515	0.0002471927029
	0.0002450543915	0.0002745717778	0.0003275915218	0.0003275915218	0.00123660227
	0.0008041325443	0.0006409642628	0.0005114807944	0.0009638194514	0.001462689092
	0.001112314477	0.001112314477	0.001823261584	0.002300054215	0.002657222366
	0.002519176761	0.001001102173	0.0009099960502	0.0009099960502	0.001001102173
	0.001907541754	0.001907541754	0.001036380916	0.0008299869726	0.0007495364785
	0.0007495364785	0.0008282211495	0.000744917786	0.001104059606	0.001601001422
	0.02404015209	0.05842985445	0.008622312199	0.003504984728	0.001791451492
	0.003504984728	0.002083632948	0.002083632948	0.001840521291	0.002163737681
	0.002507594353	0.008985889181	0.001827360682	0.02367970902	0.001224464905
	0.002657784034	0.002069836795	0.001661869833	0.002006265252	0.001863244222
	0.000481980515	0.002412791261	0.001502813528	0.000752376285	0.003781493681
	0.002277294051	0.002046123602	0.001629239871	0.001492589258	0.001021620177
	0.001169642551	0.001021620177	0.000752376285	0.000571460883	0.002311798418
	0.0003384884348	0.0002190047398	0.0002178263531	0.0002178263531	0.0002333384141
	0.0003275915218	0.0003938971699	0.001670269842	0.00135827429	0.0008041325443
	0.0006130381061	0.0005006330654	0.0009638194514	0.001588341472	0.001366197549
	0.001222161395	0.001888845017	0.001677468456	0.002311798418	0.002147556923
	0.001888845017	0.002519176761	0.001661869833	0.001361843346	0.001343042089
	0.000981741285	0.001907541754	0.001047787799	0.0008290370618	0.000981741285
	0.0008290370618	0.0007438571395	0.0007654420639	0.0007654420639	0.001390556569
	0.001472411868	0.02404015209	0.05842985445	0.00628066701	0.003875829318
	0.002314711127	0.002377550985	0.003028085968	0.002083632948	0.002164064604
	0.003028085968	0.009208041175	0.002815194179	0.02367970902	0.001670269842
	0.001897618616	0.001856850174	0.001661869833	0.001863244222	0.00147130321
	0.00147130321	0.0009040250738	0.001021620177	0.0009364187878	0.0007127887288
	0.0004929237538	0.0003402360017	0.001893781473	0.0002130005617	0.0002170687586
	0.0002178263531	0.0002440258888	0.0003016030314	0.0003344854357	0.00135827429
	0.00135827429	0.001642170596	0.0006130381061	0.0005006330654	0.0005006330654
	0.0007483555458	0.001438556457	0.001222161395	0.0009340529015	0.001888845017
	0.001608471318	0.001836265345	0.002147556923	0.001836265345	0.001591514759
	0.001390556569	0.000981741285	0.00197860754	0.0008813686504	0.00140192304
	0.000856637216	0.0008813686504	0.0007438571395	0.0007590380902	0.0007654420639
	0.002140294168	0.001472411868	0.001472411868	0.03765341872	0.05163903784
	0.00628066701	0.004064443568	0.002751231678	0.002140294168	0.002515976352
	0.002751231678	0.003417089974	0.007199485008	0.003782571071	0.01470189889
	0.003782571071	0.001648829115	0.001642170596	0.0015082524	0.0009040250738
	0.000360671119	0.0006890495207	0.0009364187878	0.0003932134332	0.000360671119
	0.001893781473	0.0001580572168	0.000183224502	0.0002105704738	0.0003344854357
	0.0002210653982	0.0003344854357	0.002141139034	0.001451369225	0.002141139034
	0.001642170596	0.0004225573519	0.0005895753093	0.0005389783353	0.0007303136127
	0.001160785874	0.001160785874	0.0008147304401	0.001622617452	0.001371378274
	0.001208366368	0.001836265345	0.001525403491	0.001648829115	0.00156750685
	0.00148505108	0.001225371726	0.001084681701	0.001411602952	0.0008773050581
	0.001347976849	0.001035784704	0.0008352287376	0.0007590380902	0.0007590380902
	0.0019647656	0.002087610264	0.00155430648	0.001355673503	0.007712070782
	0.05163903784	0.004085279839	0.003820376644	0.003803049857	0.004085279839
	0.002751231678	0.003159906094	0.003159906094	0.003417089974	0.003377471575
	0.003447279974	0.007169636009	0.004974777629	0.01300787042	0.004974777629
	0.0015082524	0.001549077764	0.0015082524	0.0002719565509	0.0005104987971
	0.0003932134332	0.0002633060394	0.0002633060394	0.001504594938	0.0001580572168
	0.0001580572168	0.0003051534289	0.000139837946	0.0001616406345	0.0002770276826
	0.0002577994081	0.001333154733	0.002141139034	0.003871636326	0.001750065547
	0.002151119189	0.001305441567	0.0004679072166	0.0005389783353	0.0005389783353
	0.0008147304401	0.001020904473	0.001020904473	0.0008147304401	0.001371378274
	0.001212540402	0.001069516653	0.001504594938	0.001280024717	0.001323638099
	0.001305441567	0.001389549843	0.001323638099	0.001084681701	0.0008773050581
	0.001347976849	0.0008773050581	0.001347976849	0.001007226752	0.0007843829141
	0.0007843829141	0.002087610264	0.002087610264	0.001355673503	0.001268105544
	0.01477769748	0.01847276866	0.003187221807	0.003803049857	0.003578120313
	0.002760343714	0.003750079455	0.003159906094	0.002760343714	0.003465827967
	0.003750079455	0.004531658042	0.004542765281	0.006490460533	0.004974777629
	0.01046480817	0.003871636326	0.001402043645	0.001402043645	0.001504594938
	0.0001405439444	0.0003051534289	0.0003696616404	0.0001605125988	0.000194167538
	0.0002436225646	0.001284987941	0.002494195646	0.001294825886	0.00216962391
	0.002151119189	0.001305441567	0.0003763462638	0.0004679072166	0.000588650131
	0.0006184438518	0.0009230079514	0.0007900109422	0.0007976228507	0.00138149751
	0.001224934487	0.0009516576631	0.001405217467	0.001280024717	0.001280024717
	0.001323638099	0.001389549843	0.001294825886	0.001225638982	0.001077353054
	0.0008255132786	0.001272212878	0.000728714882	0.001273871656	0.000932373921
	0.0007843829141	0.001299630582	0.0009763429789	0.001268105544	0.003848717708
	0.01847276866	0.003848717708	0.003578120313	0.004571137442	0.001975608758
	0.002452758871	0.003890965048	0.003311324525	0.003890965048	0.005366579097
	0.006490460533	0.006620501221	0.01107503354	0.004477014952	0.003779815399
	0.001294774602	0.001402043645	0.001268695866	0.002885855106	0.001294825886
	0.002118619264	0.001370471745	0.0005013306077	0.000556771924	0.0006184438518
	0.0009516576631	0.0007179159965	0.0006084528013	0.001224934487	0.001110737409
	0.0009516576631	0.001171895985	0.001171895985	0.001229738486	0.001225638982
	0.001373550074	0.001347144307	0.001298134714	0.001428011213	0.001892181752
	0.001243066536	0.0008172072237	0.0008172072237	0.001712851773	0.0007420295148
	0.0008559809612	0.0008776442272	0.001455715563	0.001309725888	0.0009763429789
	0.0007978053046	0.01368841552	0.003848717708	0.009363476502	0.003162286178
	0.003960381156	0.004571137442	0.004764207815	0.001975608758	0.002503473971
	0.004110068917	0.003311324525	0.004110068917	0.004477014952	0.005711255838
	0.01159412475	0.004579517452	0.002560638105	0.001222546409	0.001285394511
	0.001428011213	0.001331504538	0.0005623710554	0.000617029843	0.0007179159965
	0.0006084528013	0.0006084528013	0.001445547598	0.0009904679636	0.000900350382
	0.0008762277286	0.001063424691	0.001063424691	0.001158528641	0.001326214836
	0.001298134714	0.002872379555	0.00186017047	0.00136541766	0.00186017047
	0.00111233193	0.001152982006	0.001222546409	0.0007978053046	0.0006034221911
	0.001558071397	0.0007604129683	0.0007604129683	0.001465727895	0.001085179278
	0.001085179278	0.000786910809	0.0007581366918	0.01368841552	0.003219625938
	0.00655023086	0.003219625938	0.003206926169	0.004757286936	0.004764207815
	0.004764207815	0.001975937464	0.003449449177	0.004183087836	0.002596718791
	0.003449449177	0.004110068917	0.004579517452	0.006181526668	0.01147240046
	0.004295844867	0.001247728774	0.001247728774	0.000768052981	0.0006648136422
	0.001405497929	0.00136541766	0.000900350382	0.000900350382	0.0008497713916
	0.001033131162	0.00095341098	0.001064408885	0.001325648116	0.00130293625
	0.002872379555	0.00186017047	0.001725654354	0.00136541766	0.001081082281
	0.001147224855	0.001187769436	0.0006034221911	0.0006034221911	0.0009045458674
	0.0006699947564	0.001465727895	0.001465727895	0.0006805236609	0.0006805236609
	0.0006805236609	0.06534515081	0.00628473554	0.002978296464	0.003219625938
	0.003295251881	0.003747586895	0.003953351615	0.005287705635	0.004525668457
	0.001975937464	0.004525668457	0.003511696302	0.003511696302	0.004973161012
	0.006528631858	0.01108771538	0.004973161012	0.01108771538	0.00130293625
	0.0007580047106	0.001342596977	0.001405497929	0.001506051407	0.0007580047106
	0.00095341098	0.0008497713916	0.0009900739457	0.0009228469087	0.001025999924
	0.001304294233	0.002720266288	0.001725654354	0.001725654354	0.001775638664
	0.001458498964	0.001107887661	0.001157275593	0.001231366189	0.001231366189
	0.0004583927342	0.0005588471858	0.0007381701118	0.0007622088037	0.001512839155
	0.00105997551	0.0005421848327	0.0005421848327	0.0410377216	0.00628473554
	0.003645410718	0.003295251881	0.003314845822	0.004454555876	0.005287705635
	0.004303331753	0.002063501909	0.00285390559	0.003511696302	0.001512839155
	0.004973161012	0.006559260318	0.006559260318	0.003860382299	0.003860382299
	0.006535729731	0.01202421376	0.001360384898	0.001342596977	0.001442757135
	0.0008081521839	0.0009228469087	0.0009739695318	0.0009228469087	0.001016333231
	0.001360384898	0.001345552087	0.001775638664	0.002439728898	0.001782625505
	0.001782625505	0.001393489272	0.001331100553	0.00142188291	0.001107887661
	0.001126445579	0.001241668963	0.001231366189	0.0004167287092	0.0004689960693
	0.0007418550156	0.0007418550156	0.001512839155	0.0007323646924	0.001067111029
	0.0005421848327	0.0007215764545	0.0003954351535	0.06061433316	0.009617144633
	0.002782859432	0.002666984971	0.003645410718	0.004454555876	0.004454555876
	0.004712185555	0.004280519218	0.002827444187	0.002107372844	0.002827444187
	0.002107372844	0.005747084159	0.002386365757	0.003768936179	0.005747084159
	0.00671257322	0.01202421376	0.001336817994	0.001337855412	0.0008981537295
	0.001003238182	0.0009423387133	0.000980123743	0.001345552087	0.001345552087
	0.001393489272	0.001263353652	0.001776977152	0.001622049315	0.001622049315
	0.001461506875	0.00142188291	0.001275175153	0.001473928956	0.000980123743
	0.001084046411	0.001126445579	0.00120614514	0.0003695445135	0.0004669703608
	0.0007418550156	0.0008199969128	0.000394034131	0.0007323646924	0.00082042102
	0.000394034131	0.0003067680372	0.05549883151	0.007289043713	0.006081079754
	0.002908982571	0.002908982571	0.002908982571	0.003979034193	0.004541054703
	0.004052238537	0.002827444187	0.003601910037	0.002107372844	0.001719518045
	0.001728385366	0.01758479786	0.02058577239	0.003768936179	0.002904358276
	0.004122645052	0.002639664446	0.003116143084	0.00671257322	0.001256570216
	0.0009423387133	0.000980123743	0.001351982617	0.001473888627	0.001202288757
	0.00166407068	0.001622049315	0.001572334267	0.001256570216	0.001361472312
	0.001275175153	0.001275175153	0.001323086364	0.00104849257	0.00102022362
	0.001093690084	0.00120614514	0.0003697756925	0.0003697756925	0.0005907026414
	0.000394034131	0.0005399781224	0.0003067680372	0.0003067680372	0.0009868854082
	0.05549883151	0.007289043713	0.07291236737	0.07551570241	0.007289043713
	0.003150535039	0.003150535039	0.002748045215	0.002901621847	0.004197341788
	0.003770413449	0.003496361746	0.003496361746	0.002833166236	0.001719518045
	0.001809300529	0.001410654917	0.07551570241	0.01394363463	0.003534147413
	0.003584732779	0.01124609422	0.002639664446	0.003116143084	0.002690985061
	0.001872964324	0.003116143084	0.003584732779	0.001256570216	0.001351982617
	0.001202288757	0.00208040108	0.00166407068	0.001572334267	0.001121707597
	0.001323086364	0.001267683379	0.001235382467	0.001267683379	0.001361472312
	0.001348592273	0.001334086206	0.001323086364	0.001064445883	0.001121707597
	0.001147859989	0.0004812759697	0.0003154487402	0.0005907026414	0.0004752462664
	0.0003303514218	0.000761233209	0.001120346666	0.009872884511	0.003988626873
	0.01261639698	0.01277840305	0.003988626873	0.003150535039	0.002506061248
	0.002722843358	0.003225850647	0.003398133571	0.003279342054	0.003279342054
	0.002833166236	0.001809300529	0.001905347192	0.001120346666	0.0438717546
	0.06042004157	0.01124609422	0.01073365978	0.008747603171	0.006020957851
	0.003199724923	0.001840157398	0.002090618155	0.003534147413	0.001792673831
	0.003584732779	0.00221575229	0.00233140998	0.001459863084	0.001338697022
	0.001381677813	0.001123956215	0.001212213407	0.001163508148	0.001119769804
	0.001026202469	0.001163508148	0.001267683379	0.001159318504	0.001117029277
	0.00112330696	0.001132515704	0.001087653884	0.001245582045	0.001026202469
	0.001123956215	0.0004335096337	0.0004752462664	0.0004752462664	0.0003303514218
	0.0005992150635	0.000761233209	0.001120346666	0.004851238601	0.003125982077
	0.01277840305	0.006726239769	0.003125982077	0.002591175783	0.003251059019
	0.003398133571	0.003398133571	0.003424213241	0.002543843091	0.002543843091
	0.001905347192	0.001523302013	0.001240592479	0.03678114555	0.04389400157
	0.01672273521	0.003365744194	0.01672273521	0.007101462178	0.003365744194
	0.01504571747	0.02501329066	0.002504181077	0.001139350113	0.001145384317
	0.001035298654	0.002197170314	0.0006473800867	0.0007420630719	0.00221575229
	0.001529350229	0.001313427378	0.001259775383	0.001275817802	0.001275817802
	0.001473836006	0.001380754309	0.001217946021	0.001123956215	0.001088091791
	0.001163508148	0.001026202469	0.001060302362	0.001130199505	0.001090999318
	0.00112330696	0.001117029277	0.001046269863	0.001051201278	0.001059566249
	0.0009884369932	0.001086645214	0.0004094162264	0.0005992150635	0.000417968584
	0.0008739361391	0.0008739361391	0.001228835285	0.003775378776	0.003125982077
	0.00436961003	0.006726239769	0.001872149783	0.001946278757	0.002591175783
	0.002739224671	0.002739224671	0.002934041786	0.002543843091	0.001925781568
	0.001925781568	0.001473043712	0.001228835285	0.01382456277	0.02125346026
	0.01271789596	0.003815904433	0.008153512185	0.007033455996	0.007350152935
	0.01382456277	0.00332537683	0.001259775383	0.0009303432049	0.001145384317
	0.001983601885	0.001598701574	0.001598701574	0.001529350229	0.001529350229
	0.001128617818	0.001274886898	0.001130986883	0.001275817802	0.001159228573
	0.001380754309	0.001380754309	0.001217946021	0.001086645214	0.001088091791
	0.001020335764	0.001059566249	0.002599744279	0.001012531434	0.001107217107
	0.00107916363	0.001023760423	0.0010426409	0.001003305301	0.0009477886615
	0.0009790755352	0.0008841160944	0.0006759359175	0.0007778776886	0.0006759359175
	0.0007778776886	0.001057850439	0.002961471148	0.002961471148	0.00436961003
	0.002893163796	0.001946278757	0.001946278757	0.002760178137	0.002297964813
	0.002366876313	0.002224093791	0.001313840248	0.002008344272	0.00168922968
	0.001313840248	0.01295353103	0.00660536169	0.005609101297	0.00332537683
	0.005844638859	0.005617384149	0.005153071199	0.00311616643	0.0009303432049
	0.001713145481	0.001498252088	0.001983601885	0.00311616643	0.001128617818
	0.001535227697	0.001128617818	0.001274788181	0.001373286104	0.001344108476
	0.001082487955	0.001198917693	0.001168949919	0.001274788181	0.003844483913
	0.0009790755352	0.002599744279	0.001016826139	0.002599744279	0.001012531434
	0.0009054936082	0.0009952041832	0.0009230716387	0.0009886476835	0.0009639849454
	0.0008841160944	0.0009790755352	0.0008841160944	0.0006759359175	0.0008613103978
	0.0007055136651	0.0008613103978	0.001346467385	0.002961471148	0.001760287307
	0.002893163796	0.002464527358	0.001535880032	0.001971040313	0.001535880032
	0.002366876313	0.002008344272	0.002086648316	0.001544690528	0.002008344272
	0.001346467385	0.005153071199	0.00660536169	0.003980266902	0.005609101297
	0.003572622093	0.005153071199	0.00311616643	0.00178580854	0.00178580854
	0.002509000892	0.002289157895	0.00132023769	0.001471616257	0.001274788181
	0.001373286104	0.001588711303	0.001250709039	0.001250709039	0.001011140614
	0.001439006133	0.001857625416	0.0008655330626	0.001971040313	0.001011140614
	0.001011140614	0.002030168026	0.0009886476835	0.0008655330626	0.0009054936082
	0.0009230716387	0.0009230716387	0.0008563079374	0.0008241343081	0.0008793618464
	0.0008467929923	0.0008814277072	0.0008613103978	0.0009111935944	0.001028927192
	0.001324931584	0.001617998203	0.002164746937	0.001526923544	0.0015044389
	0.001857625416	0.001530420069	0.001670052235	0.001971040313	0.001530420069
	0.001864210937	0.00186270588	0.001544690528	0.001775908943	0.001411445382
	0.003549642077	0.003416337222	0.00308767138	0.00308767138	0.003572622093
	0.003272524437	0.002568399988	0.00178580854	0.002052933578	0.002568399988
	0.001613740449	0.001439006133	0.001588711303	0.001588711303	0.001265368751
	0.001340948351	0.001098177532	0.001405756751	0.001857625416	0.002428716079
	0.0008655330626	0.001000162941	0.001000162941	0.001864210937	0.0008695065098
	0.0009084987034	0.000788721505	0.0008377749463	0.0008251606908	0.0007147658756
	0.0007950338368	0.0006989423523	0.00113261793	0.001148578661	0.001148578661
	0.001297091271	0.001324931584	0.001084118417	0.001526923544	0.0009899689771
	0.0009460453585	0.001530420069	0.00176726195	0.001424820697	0.001864210937
	0.00186270588	0.00186270588	0.00147376086	0.001418777076	0.002853931178
	0.002853931178	0.00219521034	0.002841205718	0.002643423551	0.002751105917
	0.002568399988	0.002052933578	0.001853773914	0.001591323643	0.001613740449
	0.001405756751	0.001817736424	0.001827888354	0.001304490072	0.001322198849
	0.001098177532	0.001098177532	0.001405756751	0.00116272707	0.001826300938
	0.0007294943942	0.0009084987034	0.00162109826	0.0008251606908	0.0008676668696
	0.0009084987034	0.000788721505	0.0007433326454	0.0007836664401	0.0009244397432
	0.0006401581793	0.0007294943942	0.0006276795212	0.001394219236	0.001148578661
	0.001510256905	0.001350990563	0.001350990563	0.0009460453585	0.001084118417
	0.001114358218	0.00116272707	0.001424820697	0.00162109826	0.001051271346
	0.001549383274	0.001487911231	0.001489282449	0.00147376086	0.001418777076
	0.00194240175	0.001748573418	0.00219521034	0.00219521034	0.00194240175
	0.001794205907	0.001737641651	0.001794205907	0.001748573418	0.001581697506
	0.001428474404	0.00172553551	0.00172553551	0.001737641651	0.001228189822
	0.001198756741	0.001228189822	0.00116272707	0.00124950741	0.0007294943942
	0.0007836664401	0.0009244397432	0.0006387678385	0.0006863202622	0.0007836664401
	0.001034098893	0.0005730421638	0.0006276795212	0.0005348404679	0.001661980511
	0.001431977423	0.001684097364	0.001350990563	0.001386142114	0.0006778482794
	0.0007764792258	0.0009899440813	0.0006778482794	0.001312001128	0.001481470299
	0.001512774768	0.0009595746048	0.001385755819	0.001385755819	0.001338706173
	0.001321021867	0.00194240175	0.001585368429	0.001425151435	0.001682799906
	0.001594334149	0.001366511576	0.001428474404	0.001732244278	0.001556815735
	0.00172553551	0.001615778924	0.001615778924	0.001034098893	0.001228189822
	0.001184180074	0.001274832067	0.0006603966384	0.001318769261	0.0006387678385
	0.001239856665	0.0008294701497	0.0008294701497	0.0005875147885	0.0006863202622
	0.0007383079714	0.001034098893	0.0005348404679	0.0005492594713	0.000495723895
	0.001684097364	0.001406104029	0.001684097364	0.001447277676	0.001386142114
	0.0008577064319	0.0006585391549	0.0009595746048	0.0006012124431	0.001086167258
	0.001334319331	0.001086167258	0.001329881251	0.001385755819	0.001321021867
	0.001425151435	0.001425151435	0.001426233246	0.001481276806	0.001366511576
	0.001227703079	0.001640140225	0.001365100998	0.001640140225	0.001481276806
	0.001407419266	0.001615778924	0.001184180074	0.001184180074	0.001076180751
	0.0007633863569	0.0006141553628	0.0005492594713	0.001239856665	0.0008294701497
	0.0008096048411	0.0005584201535	0.0006483615197	0.0006954657176	0.0009072742385
	0.0005070583543	0.0005492594713	0.000495723895	0.002316301206	0.001447277676
	0.001944689821	0.001447277676	0.001343226809	0.001233015429	0.0007812959911
	0.0005607597623	0.0006095221192	0.0006585391549	0.0004631474893	0.001086167258
	0.0008918276404	0.001251806665	0.001259127192	0.0007225555226	0.0009675385449
	0.0007633863569	0.001481276806	0.0009675385449	0.0009623536938	0.00108955782
	0.001365100998	0.001365100998	0.001353251783	0.001501231652	0.001353251783
	0.001142886501	0.000988586258	0.000988586258	0.0009764970305	0.0005761535961
	0.0005584201535	0.0009422455279	0.0009072742385	0.0007996266814	0.0005238984407
	0.0006223368691	0.0006223368691	0.0008705322948	0.0004113582318	0.0004492701914
	0.0004492701914	0.001944689821	0.001691834331	0.001944689821	0.001691834331
	0.00131122247	0.001077425955	0.001077425955	0.0007225555226	0.0006095221192
	0.0004631474893	0.0005258650925	0.0008535486985	0.001022291759	0.001022291759
	0.0008476685226	0.0007225555226	0.0007541322116	0.0005761535961	0.001066325943
	0.0007757367051	0.00108955782	0.00117994709	0.001096365049	0.001142886501
	0.001154077339	0.001142886501	0.0007739215709	0.000988586258	0.0009764970305
	0.0009764970305	0.0004641433572	0.0005238984407	0.000716045773	0.000691351294
	0.0004843326932	0.0006223368691	0.000716045773	0.000875074325	0.0003926721329
	0.0003979752616	0.0003979752616	0.002543835517	0.001691834331	0.002543835517
	0.00131122247	0.00131122247	0.001077425955	0.001096834536	0.0004944489662
	0.000470020634	0.0003948758431	0.0003948758431	0.0008476685226	0.0008555704977
	0.000803392273	0.0004944489662	0.0007757367051	0.0009117196992	0.0007485599083
	0.0007739215709	0.001000453277	0.001137016958	0.0007739215709	0.0009957780657
	0.0008057821216	0.0008189534769	0.0008041365167	0.0004641433572	0.0004843326932
	0.0006100000412	0.0005216124423	0.0004803407845	0.0006100000412	0.0006792276386
	0.0006792276386	0.0003016506072	0.0003778176085	0.0003605498868	0.002543835517
	0.001716442654	0.002071177525	0.001285580861	0.001096834536	0.001094459329
	0.001096834536	0.0004944489662	0.0004084613281	0.0003948758431	0.000803392273
	0.0008555704977	0.0007230927698	0.0004513173133	0.0006027575041	0.0005934253519
	0.0006795713981	0.0006764815942	0.0008041365167	0.0008160669276	0.0008189534769
	0.0008041365167	0.0003928613787	0.000418491363	0.0003933502879	0.0004272359281
	0.0005147522652	0.0005667648448	0.0006328845169	0.0005923700282	0.0003016506072
	0.000349959699	0.0002885883946	0.002594582519	0.001455572019	0.002071755663
	0.001455572019	0.001203523983	0.0009333716996	0.001203523983	0.00040674502
	0.0004011827641	0.0003862419578	0.0003862419578	0.0006747968791	0.0006747968791
	0.0005508566913	0.00040674502	0.0005934253519	0.0005639557797	0.0005674088206
	0.0007334798073	0.0006039515986	0.0005903565098	0.0003928613787	0.0003933502879
	0.0003502622734	0.0004127427007	0.000456072989	0.0004805508689	0.0005200766954
	0.0005903565098	0.0002279879032	0.0003064266078	0.00024621141	0.002071755663
	0.001427814304	0.002071755663	0.001427814304	0.001203523983	0.0009151907424
	0.0009656886928	0.00040674502	0.0003860319243	0.0003727236088	0.0006747968791
	0.000706331518	0.0004520470703	0.0005312548434	0.0004042925589	0.0005022330016
	0.0004642329528	0.0004952834666	0.0005903565098	0.0004008305422	0.0003502622734
	0.0003502622734	0.000355630236	0.0004043703651	0.0004372604459	0.000470156612
	0.000470156612	0.0001957319736	0.0002214163714	0.0002214163714	0.002486952393
	0.002034625379	0.001982057779	0.001403972639	0.001138769527	0.0009656886928
	0.001138769527	0.0003988484196	0.0003727236088	0.0003727236088	0.0004359138459
	0.0008078999704	0.0005933175687	0.0005238649643	0.0004008305422	0.0004215012253
	0.0004575459535	0.0004575459535	0.0004008305422	0.0003375709583	0.000355630236
	0.000355630236	0.0003800474963	0.0003615614565	0.000470156612	0.0004374765263
	0.0001714955996	0.0002214163714	0.0001714955996	0.002486952393	0.001982057779
	0.001982057779	0.001330656867	0.001138769527	0.0008078999704	0.000847358149
	0.0007500679552	0.0003893375378	0.000427388675	0.0003893375378	0.0005238649643
	0.0007677919385	0.0005933175687	0.0004008735698	0.0004215012253	0.0004215012253
	0.0004575459535	0.0003745834615	0.0002776986563	0.0003086576473	0.0003086576473
	0.0003615614565	0.0003615614565	0.0003632105733	0.0003589572808	0.0001511107363
	0.0002218731107	0.0001511107363	0.001942146233	0.001939505967	0.001939505967
	0.00132121738	0.00132121738	0.000847358149	0.00116004386	0.0006490942376
	0.0007500679552	0.0004440285883	0.000537581487	0.0004579635971	0.0004021989385
	0.0003650661798	0.0003589572808	0.0003650661798	0.0002218731107	0.0002872675192
	0.0002997094753	0.0003572455936	0.0002872675192	0.0003102437521	0.0003621357952
	0.0003589572808	0.0001511107363	0.0002120754245	0.0001592889943	0.00231765392
	0.001869731174	0.001869731174	0.001387261414	0.0007551667019	0.001093446114
	0.0006456200646	0.0007776566107	0.0006456200646	0.0004579635971	0.0004555164599
	0.000402221583	0.0003650661798	0.0002189651809	0.0002872675192	0.0002189651809
	0.0003572455936	0.0003558957334	0.0003102437521	0.0003296352968	0.0001339972609
	0.0001592889943	0.0001592889943	0.002152092655	0.00157020549	0.001841006171
	0.001332498872	0.00157020549	0.000806955087	0.001173050238	0.0007103309445
	0.0007103309445	0.0005378151914	0.0005378151914	0.0004681000058	0.0004681000058
	0.0002016712197	0.0002597222478	0.0002016712197	0.0003599758951	0.0003599758951
	0.0003024753204	0.0002597222478	0.0001388766494	0.0001799567297	0.0001388766494
	0.002152092655	0.00157020549	0.0020399131	0.001397906878	0.001025485323
	0.001025485323	0.001193238372	0.0007103309445	0.000549078001	0.0006477358597
	0.0004674340743	0.0002016712197	0.0002597222478	0.0001954480279	0.0003419249726
	0.0004674340743	0.000327579185	0.0001388766494	0.0001828295216	0.0001655732758
	0.0020399131	0.001397906878	0.001715295271	0.0009372701678	0.001025485323
	0.001193238372	0.0006477358597	0.0005614162731	0.0006477358597	0.0005614162731
	0.0001828295216	0.0002753156689	0.0002621359047	0.000327579185	0.0003366376906
	0.0002753156689	0.0005614162731	0.0001573916581	0.000242633598	0.0001965220869
	0.00197819058	0.001302923182	0.001709766828	0.001709766828	0.0009372701678
	0.001018198478	0.001353593088	0.0006778963141	0.0005802698043	0.000467749072
	0.000242633598	0.0003667173448	0.0003667173448	0.0008166458449	0.0006752751025
	0.0001965220869	0.000242633598	0.0002450161373	0.001827303664	0.001353593088
	0.001484182804	0.0009891718965	0.001164300589	0.001312061053	0.0008152122314
	0.000467749072	0.0003861272532	0.0003667173448	0.0009891718965	0.0008166458449
	0.0006382131938	0.0005692908916	0.0003029495215	0.0003029495215	0.001827303664
	0.001617499411	0.001607366286	0.001034069274	0.001310556178	0.0008292852435
	0.0007987603171	0.0003861272532	0.0007987603171	0.0005692908916	0.0003029495215
	0.0003180459729	0.001605469371	0.001607366286	0.001479850762	0.001129296691
	0.00129601678	0.0009105935847	0.0007987603171	0.0006339209068	0.0004935603771
	0.000409773031	0.000409773031	0.001724021876	0.001713247615	0.001479850762
	0.00129601678	0.0009248446926	0.0009248446926	0.0005365382739	0.0006494128492
	0.0006494128492	0.001713247615	0.001660327109	0.001501354067	0.001128077061
	0.0008325983545	0.0006494128492	0.001728425972	0.001852933287	0.001332161849
	0.0008325983545	0.0008325983545	0.001852933287	0.001852933287	0.001332161849
	0.001451864247	0.002523325767	0.001451864247	0.003187620222	0.001709892196
	0.001179225565	0.001448505776	0.001448505776	0.0007464038282	0.001469156209
	0.001060419113	0.0001743120323	0.0007464038282	0.001960605491	0.003748214552
	0.001960605491	0.001808337187	0.003325894372	0.001991704331	0.001963493261
	0.003720782999	0.001456020587	0.001180867571	0.001408300107	0.001352467369
	0.001469156209	0.001469156209	0.0001743120323	0.0001188891506	0.001129617325
	0.001078022622	0.0007254479598	0.0007254479598	0.004666746118	0.0009202598991
	0.002160223142	0.001173089286	0.002317230729	0.001960605491	0.001808337187
	0.001808337187	0.001991704331	0.001991704331	0.001643233393	0.001408300107
	0.001456020587	0.001141807707	0.0009336650126	0.001408300107	0.001174880828
	0.001074205408	0.0009765493009	0.001129617325	0.001129617325	0.00035112012
	0.001078022622	0.0009108584333	0.001531229707	0.0005741745023	0.0007266195965
	0.0007254479598	0.0006184114842	0.002827667001	0.003958898819	0.002047582236
	0.002047582236	0.002160223142	0.002267213099	0.002827667001	0.001796770085
	0.001172631222	0.001809538938	0.001599858171	0.001643217431	0.001661776285
	0.001643217431	0.001071422483	0.001191943357	0.001132657301	0.001172631222
	0.0009336650126	0.0009336650126	0.0009108584333	0.0008326010383	0.0008917962508
	0.0008917962508	0.0006004304968	0.0008127312228	0.0008053316504	0.0005603270116
	0.0005153072428	0.0003134109043	0.000540803633	0.0006004304968	0.0007266195965
	0.0006184114842	0.0005603270116	0.002224825121	0.00208954835	0.001908693087
	0.003380106154	0.001264689088	0.001427714924	0.001796770085	0.003359333222
	0.001584730219	0.001796770085	0.001251653435	0.001427714924	0.001251653435
	0.001643217431	0.001432115198	0.001191943357	0.0009905213962	0.0008428166483
	0.0008156316131	0.0008156316131	0.0008326010383	0.0007345354177	0.0007134817296
	0.0008917962508	0.0007345354177	0.0006219970232	0.0002387891051	0.0005441747823
	0.0005603270116	0.0005441747823	0.0006572300148	0.0005997522523	0.0005976137327
	0.0005997522523	0.0006005160151	0.0005366594975	0.007588524709	0.002224825121
	0.002224825121	0.001712561042	0.001481082712	0.001264689088	0.001264689088
	0.001557336547	0.001423204737	0.001423204737	0.001612040813	0.001557336547
	0.001142528208	0.0009905213962	0.001127363683	0.001127363683	0.0008636799287
	0.001061210442	0.0008428166483	0.0008339428161	0.0008339428161	0.0007370299704
	0.0007562158598	0.0006658852415	0.0007345354177	0.0006219970232	0.0006219970232
	0.0007446293797	0.0008565872301	0.000231781055	0.0005402684559	0.0005060601914
	0.0005131902011	0.0005271769212	0.0005487119638	0.0005352631725	0.0005544369258
	0.0006259072323	0.0005997522523	0.0005271769212	0.0005366594975	0.002591964197
	0.001724376805	0.001442558174	0.001062513767	0.00133154658	0.001337381998
	0.001557336547	0.001281637604	0.001423204737	0.001062513767	0.001110371144
	0.0008636799287	0.0008636799287	0.0008873193746	0.0008976549617	0.0008351199038
	0.0007469307602	0.0006774825022	0.0007485621042	0.0008193546355	0.0006658852415
	0.0005725884647	0.0005829205982	0.000557992646	0.0005315828614	0.0005315828614
	0.0005402684559	0.000531573989	0.0005402684559	0.0006537715973	0.0007180422803
	0.001578762101	0.0005060601914	0.0005060601914	0.0004954298996	0.0005483804001
	0.0005295020326	0.0005552786786	0.0005019906533	0.0005241978446	0.001724376805
	0.001118116158	0.002591964197	0.001402314584	0.001635450734	0.001442558174
	0.001442558174	0.0009505305697	0.0008873193746	0.0009505305697	0.0008081226774
	0.001110371144	0.0008991956085	0.001110371144	0.0007309259245	0.0007309259245
	0.0007573707312	0.0007775092784	0.0006774825022	0.0006774825022	0.0006508456355
	0.0006508456355	0.0005838869037	0.0005725884647	0.0005698328449	0.0005013013025
	0.0004821957249	0.0005315828614	0.0005673659496	0.0005673659496	0.0007366620598
	0.0007916750389	0.0007694635385	0.0009231032103	0.001103029064	0.0004954298996
	0.0005287760146	0.0004954298996	0.0005514645722	0.0004878637572	0.0004878637572
	0.0004821957249	0.000496357035	0.0005571958402	0.0005241978446	0.001356713365
	0.001168825422	0.001118116158	0.001402314584	0.0005542934823	0.001303119464
	0.000637358191	0.001027664413	0.001027664413	0.0007501663255	0.0008803261425
	0.0007573707312	0.0009505305697	0.0008324182537	0.0007575804619	0.0008135192809
	0.0008135192809	0.0007309259245	0.0007528492433	0.0007573707312	0.0005670015578
	0.0005305063284	0.0005734754777	0.0005734754777	0.0004874110741	0.0005004251125
	0.0005152917398	0.0005013013025	0.0004941708021	0.0005287760146	0.0005673659496
	0.0007366620598	0.0007366620598	0.0007584947336	0.0005817204581	0.001221106382
	0.001092909774	0.001414618743	0.0005571958402	0.0005514645722	0.0005514645722
	0.0004631469109	0.0004631469109	0.0004878637572	0.000496357035	0.0004952717874
	0.0005154400299	0.001063274068	0.0009817814542	0.001185802444	0.001350678021
	0.001350678021	0.001062374291	0.0005925845415	0.0009817814542	0.0007406190169
	0.0007501663255	0.0007501663255	0.0006019865224	0.0006592670336	0.0006299776234
	0.0006299776234	0.0006164110521	0.0005769668615	0.0006415965622	0.0005305063284
	0.0005305063284	0.0005734754777	0.0005380385123	0.0004844688065	0.0004874110741
	0.000473274997	0.0004717732282	0.0004638254915	0.0004572314462	0.0006731795078
	0.000760771989	0.0009825435943	0.0008118919961	0.0007576971663	0.001141114902
	0.001525967562	0.001414618743	0.0005268110762	0.0006387168964	0.0005874352132
	0.000475450077	0.000475450077	0.0004929827254	0.0004952717874	0.0004952717874
	0.001318421747	0.001063274068	0.0009817814542	0.0009714777183	0.001350678021
	0.00106447237	0.00106447237	0.0004702828907	0.0007141242719	0.0006572470667
	0.0006572470667	0.0006164110521	0.0005769668615	0.0005714345596	0.0006299776234
	0.0005225759167	0.0005322958312	0.0005380385123	0.000453000281	0.000453000281
	0.0004712208672	0.0004842267816	0.0004682409145	0.0004409871477	0.000473274997
	0.0004492879118	0.0004572314462	0.0007469880538	0.000861012705	0.0009825435943
	0.0009825435943	0.0007576971663	0.0007090235058	0.00119218889	0.001602343798
	0.001602343798	0.0001586619819	0.0006387168964	0.0005268110762	0.0006387168964
	0.0007090235058	0.0004664678693	0.000475450077	0.0004929827254	0.0005152680581
	0.001458047259	0.001318421747	0.001567481184	0.0007141242719	0.0007982642924
	0.0009164168341	0.001186335086	0.0009164168341	0.00106447237	0.0004702828907
	0.0005322958312	0.0007141242719	0.0006572470667	0.0005146889848	0.0005198719976
	0.0004706033186	0.0005057341136	0.0005057341136	0.0004447967059	0.000441211655
	0.0004326106706	0.0004450583033	0.000435704083	0.0004447967059	0.0004450583033
	0.0004321607959	0.0004419228994	0.0004492879118	0.000459038708	0.0007547813675
	0.000861012705	0.0009509837617	0.0007622116596	0.0007090235058	0.001056565256
	0.0001384692522	0.001331531499	0.001602343798	0.001701620878	0.0006719224175
	0.0005749018566	0.0007237621717	0.0006587741901	0.0005062724037	0.0004755334126
	0.0004951775154	0.000584554935	0.001226609539	0.001186335086	0.001226609539
	0.001683188663	0.0005723675958	0.0006836824043	0.0006836824043	0.0008496691183
	0.0008247269689	0.000717475819	0.0006906127364	0.0004274668722	0.0005146889848
	0.0005723675958	0.0005146889848	0.0004706033186	0.0004706033186	0.0005057341136
	0.0004543784392	0.00046719895	0.0004447967059	0.0004274668722	0.0004326106706
	0.0004450583033	0.0004211081737	0.0004459929004	0.0004264713093	0.0004408416029
	0.0004408416029	0.000459038708	0.000459038708	0.0008488379832	0.0009425538311
	0.001046506883	0.0008118708903	0.0007622116596	0.001046506883	0.001251964602
	0.002570749549	0.001632588139	0.001331531499	0.001664150147	0.0006378224085
	0.000584554935	0.0007370553458	0.0006378224085	0.0005437837058	0.0004951775154
	0.0004951775154	0.0005437837058	0.001226609539	0.001206390595	0.001206390595
	0.001686497054	0.0005723675958	0.0006836824043	0.0008714181979	0.0006906127364
	0.0006299874786	0.0006906127364	0.0004274668722	0.0004253254174	0.0004742944103
	0.0004809459604	0.0005112074409	0.0004809459604	0.0004724157144	0.0004543784392
	0.0004458724665	0.000444765793	0.0004253254174	0.0004282893122	0.0004131692103
	0.0004264713093	0.0004152731807	0.0004264713093	0.0004475213572	0.0004706508714
	0.0004706508714	0.0008514987595	0.0009589024875	0.0009589024875	0.0008917697319
	0.001110460833	0.001216220799	0.001396298803	0.002570749549	0.002570749549
	0.001811988124	0.001664150147	0.0008256434851	0.0006378224085	0.000707980949
	0.0006448245769	0.0005437837058	0.0005304341868	0.0005922650066	0.0008215742802
	0.0008714181979	0.0009611496474	0.001188467915	0.002043079896	0.001686497054
	0.00116206212	0.0005112074409	0.0005664848603	0.0006444220419	0.0006444220419
	0.0006397926231	0.0004220521245	0.0004742944103	0.0004802220322	0.0004556180146
	0.0004559677181	0.0004401243354	0.0004284537845	0.0004462255411	0.0004160465108
	0.0004232817676	0.0004574855334	0.0004148987313	0.000415790112	0.0004158353607
	0.0004158353607	0.0004987946236	0.0004574505727	0.0004706508714	0.0008514987595
	0.0008514987595	0.0009657499292	0.002139657434	0.0009790620666	0.001196354402
	0.001572614181	0.002139657434	0.001967308584	0.001572614181	0.002803275739
	0.0008256434851	0.000705302969	0.000676572437	0.0006791709518	0.00059464867
	0.0005571376676	0.000624230857	0.0006805345511	0.0008214276436	0.001010576538
	0.00116206212	0.0008110302043	0.00116206212	0.0005876765735	0.0005029517114
	0.0006805345511	0.0005946922871	0.0004184942335	0.0004783984712	0.0004525823929
	0.0004559677181	0.0004559677181	0.0004250536826	0.0004184888324	0.0004341590835
	0.0004321997875	0.0004148987313	0.0004369924898	0.0004574505727	0.0004148987313
	0.000415790112	0.0004216779265	0.0004216779265	0.0005571376676	0.0004920481341
	0.0004920481341	0.0008511938808	0.0008751119765	0.002646083085	0.001078158987
	0.001196354402	0.001196354402	0.001572614181	0.002053737168	0.001663485597
	0.002803275739	0.002585260547	0.001051451229	0.0009448148742	0.000771104293
	0.0006791709518	0.0006791709518	0.000624230857	0.0005571376676	0.000624230857
	0.0006275420693	0.0008214276436	0.0008214276436	0.001010576538	0.00117527202
	0.001796001064	0.0005983499984	0.0008907099343	0.001672399555	0.0005029517114
	0.0006275420693	0.0005154745918	0.0004226678231	0.0004571220258	0.0004428633261
	0.00046254764	0.000437979469	0.0004203795714	0.0004322152036	0.0004227402816
	0.0004247723278	0.0004247723278	0.0004227402816	0.0004620428812	0.003764310636
	0.003764310636	0.0004854578556	0.0004239161613	0.0004351687059	0.0004159369345
	0.0004216779265	0.0005233292622	0.0005292799061	0.0005834825505	0.001051451229
	0.001923372632	0.001176947377	0.001461522365	0.001358159552	0.001769910697
	0.002053737168	0.002585260547	0.002513829422	0.001051451229	0.0009448148742
	0.0008563904007	0.0007107049982	0.0006783043388	0.0005834825505	0.0006554368732
	0.0007386511315	0.0006275420693	0.0005906337297	0.0008751949172	0.001672399555
	0.001058678322	0.001178057355	0.0007694456235	0.0007694456235	0.001846592171
	0.001672399555	0.0005154745918	0.0004748121784	0.000457332324	0.0004577522464
	0.0004497220945	0.0004497220945	0.0004394063243	0.0004404029905	0.0004322152036
	0.0004451519125	0.0004227402816	0.000512240593	0.002594070927	0.005943453852
	0.00290595118	0.001205244067	0.0004702626671	0.0004370013238	0.0004404029905
	0.0004236548902	0.000512240593	0.0005444012865	0.0005834825505	0.001199040353
	0.001923372632	0.001358159552	0.001358159552	0.001798060295	0.001708915998
	0.002594070927	0.002232721469	0.001053101089	0.001176154187	0.0008254033032
	0.0008181408073	0.0008181408073	0.000603012347	0.0007988946517	0.0007127010629
	0.0005906337297	0.0006359666238	0.001178057355	0.001485208716	0.001237424909
	0.0007694456235	0.0006375431864	0.001485208716	0.0005024791632	0.000524958183
	0.0004859624598	0.0004810891838	0.0004577005938	0.0004577005938	0.0004496819836
	0.0004404029905	0.0004499189026	0.0004556876382	0.0004496819836	0.0005327863644
	0.002582758954	0.004903941395	0.004903941395	0.00290595118	0.001859710813
	0.0004791784561	0.0004619035779	0.0004510114394	0.0005327863644	0.000587503669
	0.000642808026	0.001328478015	0.001906066711	0.001537508361	0.001798060295
	0.001798060295	0.002296346882	0.001906066711	0.001435963663	0.001039467894
	0.001039467894	0.000642808026	0.0009118412275	0.0007988946517	0.001140961918
	0.0008814812769	0.0007914384072	0.0005770993193	0.0005483860934	0.0006375431864
	0.001178544514	0.001178544514	0.0008421039691	0.0009149289751	0.0006375431864
	0.001859710813	0.001410042452	0.0004810891838	0.0004861966571	0.0005024791632
	0.0005218311564	0.0004810891838	0.0004726032888	0.0004496819836	0.000478518818
	0.000478518818	0.0004758893619	0.0004556876382	0.0005327863644	0.002533065645
	0.003512808852	0.003289531962	0.002349237989	0.005244096786	0.0007217733339
	0.0005023828542	0.0004899872103	0.0005723441132	0.0005723441132	0.0006531699943
	0.0015118965	0.001906066711	0.001688408229	0.001522544638	0.002393051091
	0.00186297031	0.001270334842	0.001140961918	0.0007912400975	0.001140961918
	0.0008827505214	0.001001021148	0.0008827505214	0.0008780438679	0.000553463004
	0.000553463004	0.0006064160046	0.0006987432972	0.001178544514	0.001306629621
	0.0009149289751	0.0009149289751	0.001558049738	0.001306629621	0.0004992196439
	0.0005146265414	0.0005146265414	0.0005218311564	0.0005302793954	0.0004983274817
	0.0004726032888	0.0004704031125	0.000478518818	0.0004758893619	0.0004923589733
	0.0005631169252	0.002393131693	0.003289531962	0.002543648681	0.002551308324
	0.003813708259	0.002044910014	0.0005868631898	0.0004899872103	0.0006004290043
	0.0006241219777	0.0007884481009	0.001522544638	0.00186297031	0.001421629697
	0.001603905763	0.002009289445	0.002019655703	0.001245490887	0.000796309348
	0.001104847368	0.0008827505214	0.0008780438679	0.000553463004	0.0006283691732
	0.0006987432972	0.0008561991438	0.001128207122	0.0009501820727	0.002303525658
	0.00169630692	0.00169630692	0.0005617542913	0.0005307887812	0.0005146265414
	0.0005908198153	0.0005302793954	0.0005302793954	0.0004983274817	0.0005251860205
	0.0005311025556	0.0005248145051	0.0005311025556	0.0005908198153	0.002551308324
	0.003003927566	0.003003927566	0.003342885126	0.00622052568	0.00622052568
	0.0006739188574	0.0007062858619	0.001626968176	0.0006572970516	0.0006241219777
	0.0007439004414	0.0007884481009	0.001603905763	0.001890412653	0.00138317279
	0.001603905763	0.001890412653	0.001229417003	0.0009750819814	0.001104847368
	0.0009750819814	0.0006283691732	0.0006283691732	0.0008060252751	0.0008060252751
	0.001135063798	0.001135063798	0.001599568125	0.001599568125	0.001626968176
	0.00055513883	0.0005617542913	0.000593845756	0.0005908198153	0.0005408703098
	0.0005400279495	0.0005488413603	0.00055513883	0.0005311025556	0.0005694430827
	0.0007128766679	0.002295025961	0.003948937745	0.002642833863	0.003003927566
	0.002983818507	0.006213846451	0.002714041908	0.002714041908	0.001830376053
	0.0007128766679	0.0007155296011	0.000866406653	0.0008640959586	0.00138317279
	0.00188615791	0.001700069053	0.00138317279	0.002295025961	0.00188615791
	0.001229417003	0.0009750819814	0.0009723595424	0.0007585032976	0.0006784702154
	0.0008060252751	0.0007585032976	0.001011309224	0.001135063798	0.001581583108
	0.001599568125	0.001581583108	0.0005923033666	0.0005904764019	0.0006019613437
	0.0006728478775	0.0006654037243	0.0006174886235	0.0006076187057	0.0006654037243
	0.000609324141	0.0005923033666	0.000609324141	0.0007128766679	0.00324874445
	0.003746669699	0.002295025961	0.00297128918	0.002449368402	0.00324874445
	0.001830376053	0.002901187041	0.000863046259	0.0009570652757	0.000863046259
	0.001508157557	0.001547343046	0.001700069053	0.001934430189	0.001934430189
	0.001350215396	0.0009550488894	0.0006728478775	0.0006728478775	0.0007585032976
	0.0009613803939	0.0008148718178	0.00108573102	0.00108573102	0.001829693589
	0.001256153934	0.001091694897	0.0005923033666	0.0006171090741	0.0006916476115
	0.0006654037243	0.0006587045872	0.0006461313067	0.0006780058767	0.000609324141
	0.0006312990559	0.0006300443419	0.0008509352814	0.003859156726	0.004790243449
	0.003746669699	0.002161099976	0.00272881086	0.004247235565	0.0006390160881
	0.002154868946	0.0006461313067	0.000863046259	0.001052063386	0.0009570652757
	0.001351024208	0.001516818235	0.001711118719	0.001872669952	0.002089985554
	0.001191541977	0.0007334584228	0.0007624188892	0.0008148718178	0.0009724799461
	0.001090288281	0.001323549817	0.00108573102	0.001829693589	0.0012680439
	0.0006171090741	0.0006916476115	0.0006916476115	0.0007127748402	0.0007326290926
	0.0007127748402	0.0006756897534	0.0006803928874	0.0008509352814	0.004085892698
	0.004085892698	0.004085892698	0.00271658368	0.002379650039	0.003517249789
	0.000831400946	0.001964080434	0.002076724956	0.001964080434	0.0007714382041
	0.0008490907829	0.0007326290926	0.001160268327	0.0009478868637	0.0009444043614
	0.001337805186	0.001516818235	0.001671826336	0.001671826336	0.001857067775
	0.002352740076	0.001160268327	0.0007270367169	0.0008498891394	0.0008787866962
	0.0009724799461	0.001323549817	0.001323549817	0.0012680439	0.000709107964
	0.000709107964	0.0007270367169	0.0007714382041	0.00093741087	0.0007275300065
	0.0007549524169	0.00085069118	0.003834477962	0.002696057527	0.003856036517
	0.002696057527	0.003834477962	0.004575444665	0.000831400946	0.002136153484
	0.002136153484	0.001767206203	0.0007503907331	0.00093741087	0.0007531770974
	0.0007881087666	0.001160268327	0.001156807883	0.001632432906	0.001632432906
	0.001824042292	0.002396784091	0.00280196508	0.001297727258	0.001591912842
	0.0008120157674	0.0009796012364	0.0009796012364	0.001175365857	0.001424882907
	0.000709107964	0.0008120157674	0.0007869393049	0.0008600271348	0.00093741087
	0.0007549524169	0.001033364235	0.003834477962	0.00312507027	0.002696057527
	0.007338516093	0.005502180843	0.002451724265	0.001532418582	0.002136153484
	0.002141562666	0.001033364235	0.0007497863732	0.0008600271348	0.00114213208
	0.001297727258	0.001632432906	0.001824042292	0.002152706583	0.002704712874
	0.00280196508	0.001432381902	0.001591912842	0.0008120157674	0.0009796012364
	0.001532418582	0.001062607608	0.001184773198	0.0007611710132	0.0008617059266
	0.0008593571342	0.0008600271348	0.001142386847	0.0007900956512	0.00114213208
	0.003292468235	0.00312507027	0.003756017641	0.002451724265	0.001624621242
	0.001243438129	0.002387209933	0.002387209933	0.001128918026	0.0008985080212
	0.0009360165576	0.0014190352	0.0014190352	0.002712445678	0.001824605443
	0.001997102555	0.002266697635	0.002704712874	0.001600200213	0.0008617059266
	0.001017694934	0.001243438129	0.001062607608	0.0009015538455	0.0009458198804
	0.0009475743067	0.0009375555874	0.001128918026	0.0009475743067	0.001285089196
	0.003756017641	0.003292468235	0.003022465464	0.004962087587	0.0007356894988
	0.001302891308	0.001302891308	0.002472937947	0.001378672736	0.0009863848836
	0.001333822341	0.001164251916	0.0014190352	0.001600200213	0.003022465464
	0.001960423488	0.001960423488	0.002219880978	0.001600200213	0.0009458198804
	0.001017694934	0.001152457038	0.001228932426	0.0009863848836	0.0009475743067
	0.0011614801	0.001058639962	0.001592054831	0.001475962356	0.003022465464
	0.003583757415	0.003993891053	0.002727176787	0.0007631276422	0.001331648802
	0.001224973519	0.002573109008	0.002573109008	0.0009863848836	0.001333822341
	0.0011614801	0.004125938785	0.001815717874	0.002725595657	0.002049850363
	0.002106720103	0.002049850363	0.001161156126	0.001224973519	0.001224973519
	0.001212860839	0.001239363422	0.001156164421	0.00132743617	0.001358752368
	0.001592054831	0.001475962356	0.002725595657	0.003583757415	0.003744145128
	0.00201883871	0.00201883871	0.002035127393	0.002573109008	0.002035127393
	0.001281023956	0.00132743617	0.001318770485	0.004144892383	0.001854522059
	0.002364001762	0.002049850363	0.002247777025	0.001347599597	0.00160316029
	0.00132415119	0.001281023956	0.001318770485	0.001511018679	0.001281023956
	0.001854522059	0.001477996655	0.002943184013	0.003240588496	0.003772025029
	0.002890788326	0.00220222718	0.002035127393	0.001496679275	0.001880045896
	0.008094707895	0.001854522059	0.002384637043	0.002594414387	0.00160316029
	0.001750335553	0.00132415119	0.001566391239	0.001511018679	0.001511018679
	0.001566391239	0.002195678024	0.001866854451	0.003121074306	0.003731146743
	0.0001929505375	0.002665686886	0.001880045896	0.002104234712	0.005147845356
	0.003121074306	0.002594414387	0.002594414387	0.002266524153	0.001584437339
	0.001749108707	0.001584437339	0.001566391239	0.00203871461	0.001716999447
	0.00203871461	0.003731146743	0.0001382075633	0.002262479888	0.002262479888
	0.007679992935	0.002597338238	0.002266524153	0.002617429296	0.002072860333
	0.002009190748	0.002379928975	0.002867947672	0.002009190748	0.002115804221
	0.003792700024	0.002424487022	0.002262479888	0.00258424628	0.002833623415
	0.005424745245	0.002956384989	0.002956384989	0.002267376944	0.002009190748
	0.002910286582	0.002115804221	0.002115804221	0.003792700024	0.0002833777157
	0.00239281355	0.00196489457	0.002956384989	0.002267376944	0.002462615022
	0.002462615022	0.006435478789	0.002539604692	0.00196489457	0.003688520823
	0.002539604692	0.002907003745	0.001488972757	0.00280378798	