5884	
	1.999794767	2.000246486	2.000246486	2.00180754	2.000917456
	1.998395678	1.996006181	2.00180754	2.000389112	1.998395678
	1.998395678	1.993517274	2.001718456	2.001718456	2.001817115
	2.000990971	2.000389112	1.99841394	1.993517274	1.993517274
	2.001706018	2.002196201	2.001706018	2.00478584	2.000351233
	2.000552036	2.000552036	1.995977056	1.991491437	2.002651659
	2.004514955	2.001706018	2.00478584	2.008282659	2.005363779
	2.00107843	1.998495464	1.995220498	1.995220498	1.99842998
	1.998170571	2.00113509	1.994972683	2.008282659	2.008134686
	1.998261277	2.005363779	2.008134686	2.005363779	2.00107843
	2.00107843	2.00257195	1.995220498	1.990207615	1.989050043
	2.000973506	1.995260641	1.994972683	1.994972683	2.014362528
	2.00548361	2.022954115	1.998520615	1.98388281	2.006803861
	2.020280102	2.006803861	2.00257195	2.025559572	2.00765597
	1.99485358	1.992721934	1.986420041	1.995260641	1.998520615
	1.99016889	2.003602461	2.025547868	2.025547868	2.036018311
	1.975839289	1.97841044	2.020280102	2.020280102	2.020848547
	2.00765597	2.025559572	2.006307203	1.998907338	1.990981291
	1.986420041	2.003602461	1.996763419	1.973161557	2.029232636
	2.00377883	2.036018311	2.025547868	2.035271798	2.036018311
	2.039751222	1.97841044	1.97841044	2.036492331	2.017935845
	2.016079902	2.052657805	2.036492331	1.998907338	2.018625494
	1.998907338	1.986653721	1.986653721	2.00377883	1.993062321
	1.973161557	2.029232636	2.035271798	2.042712956	2.027921861
	2.056204883	2.056204883	1.968252318	1.953632797	2.071843554
	2.071843554	2.036492331	2.04081052	2.059621246	2.063469653
	2.036828528	2.009954013	2.009954013	2.063469653	1.995930857
	1.98161652	1.982793341	1.962950074	2.007318021	1.994156594
	2.027921861	2.07264712	2.065407687	2.034797266	2.09965308
	2.07264712	1.939885572	1.939885572	2.10499292	2.10499292
	2.09965308	2.050687181	2.063469653	2.036828528	2.025739142
	2.009954013	2.100371584	1.98161652	1.98161652	1.955763591
	1.940602242	1.968820707	1.998204591	2.007318021	2.034797266
	2.093931077	2.034797266	2.065407687	2.128106389	2.102167263
	2.153504656	1.936803162	1.917873437	2.10499292	2.150062633
	2.118587196	2.18209862	2.057299127	2.066630485	2.048257903
	2.048257903	2.011166989	2.100371584	2.100371584	1.98951161
	1.963638415	1.939746993	1.945276731	1.999839743	1.973250918
	2.026707422	2.026707422	2.102167263	2.065302391	2.065302391
	2.153504656	2.120440312	2.153504656	1.936803162	1.917873437
	2.150062633	2.18209862	2.234568833	2.200330449	2.150062633
	2.152307651	2.093862142	2.063359471	2.033543365	2.009580284
	2.112465154	2.11895306	1.980968079	1.980968079	1.939746993
	1.945276731	1.945276731	2.01929381	1.973250918	2.01929381
	2.074223818	2.120440312	2.102732922	2.042207341	2.150293212
	2.120440312	2.146637008	2.22726474	1.910561541	1.880406524
	2.234568833	2.172757997	2.200330449	2.234568833	2.200330449
	2.199884394	2.112465154	2.064660657	2.012190052	2.009580284
	2.112465154	2.153987722	1.97057303	1.97057303	1.896798299
	1.915433421	1.947476202	1.981484848	2.012377652	2.075737128
	2.102732922	2.102732922	2.042207341	2.006834964	2.200731392
	2.200731392	2.147119054	2.22726474	2.272383324	1.880406524
	1.880406524	2.28500577	2.182125705	2.222265687	2.28500577
	2.231299647	2.188243063	2.064660657	2.064660657	2.035105125
	2.032057739	2.100991304	2.182125705	1.998625664	1.916292816
	1.872320508	1.90131905	1.940837455	1.976620014	2.006834964
	2.006834964	2.075737128	2.129914745	2.077384848	2.071151539
	2.200731392	2.196739502	2.159682649	2.273417462	2.29259326
	2.29259326	1.848755223	1.90131905	1.848755223	2.331711036
	2.331711036	2.197837272	2.233352475	2.308819342	2.292421834
	2.255506023	2.255506023	2.102385171	2.035105125	2.035105125
	1.990688718	2.141095919	2.181144786	1.945969135	1.872320508
	1.872320508	1.90131905	1.961327772	1.961327772	2.019247626
	2.028810094	2.124418156	2.124418156	2.071151539	2.223308264
	2.19303036	2.19303036	2.273417462	2.339371223	2.316413678
	1.88291695	1.848755223	1.860110446	1.841009155	2.372217015
	2.372217015	2.403422622	2.364972831	2.331711036	2.310934696
	2.180328328	2.304609149	2.304609149	2.255506023	2.260660314
	2.105929796	2.069869716	2.069869716	1.945969135	2.140443595
	2.192708665	1.945969135	1.839859592	1.807210072	1.947793996
	1.97514863	1.978584559	2.019247626	2.161853739	2.055864665
	2.124418156	2.224129216	2.194256287	2.194256287	2.281212353
	2.367906985	2.281212353	2.36032515	2.402701326	1.902360989
	1.876930968	1.842684579	1.842684579	1.807979002	2.372217015
	2.414455444	2.402701326	2.402702346	2.435611774	2.372160478
	2.353855221	2.192708665	2.336413503	2.336413503	2.276643751
	2.328169576	2.105929796	2.069869716	2.02069024	2.030882641
	2.111270098	2.192708665	1.911205444	1.959609496	1.846807177
	1.844282002	1.978228867	2.00014153	1.978228867	2.065681013
	2.145401829	2.09188683	2.145401829	2.030598651	2.259841444
	2.194256287	2.36032515	2.262522853	2.313888199	2.184999678
	2.417420606	2.403455392	2.388294519	2.368779033	2.402701326
	1.939684964	1.903967706	1.869272945	1.834252498	1.833945006
	1.7928133	2.392264801	2.417420606	2.417420606	2.402702346
	2.414455444	2.402702346	2.435611774	2.372160478	2.416123266
	2.363108244	2.23094724	2.297482154	2.336413503	2.297482154
	2.107360527	2.107360527	2.016659646	2.15719417	2.206936492
	2.016659646	1.911205444	1.959609496	1.846807177	1.817329793
	1.978228867	2.00014153	2.085183842	2.145401829	2.134474344
	2.082599358	2.027589078	2.208874717	2.236932721	2.353332722
	2.262522853	2.242661832	2.213374205	2.345681357	2.345681357
	2.354414895	2.380178129	2.380178129	2.346373409	1.903967706
	1.869272945	1.869272945	1.806938809	1.822133274	1.792222001
	2.131486877	2.382747812	2.382747812	2.469220008	2.469220008
	2.487418577	2.430720546	2.463195419	2.430720546	2.364525657
	2.409490559	2.466145571	2.415736493	2.247797554	2.331477417
	2.364525657	2.364525657	2.107360527	2.016659646	2.247797554
	2.15719417	2.169936191	2.05401883	1.999390822	1.872548867
	1.94489624	1.791321657	1.698353871	1.950770599	1.989903592
	2.134474344	2.082599358	2.082599358	2.027589078	2.027589078
	1.747998695	2.067729519	2.208874717	2.315507928	2.242661832
	2.313717554	2.242661832	2.174050967	2.352308834	2.315321818
	2.315321818	2.380178129	2.315507928	1.907113707	1.867055497
	1.822133274	1.793094903	1.793094903	1.769736777	2.66260461
	1.798645085	2.23136855	2.342568068	2.382747812	2.469220008
	2.517800472	2.517800472	2.466145571	2.499530878	2.415736493
	2.409490559	2.466145571	2.415736493	2.247797554	2.331477417
	2.38167963	2.110746501	2.113216831	2.218190324	2.27481424
	2.218190324	2.053982141	1.999390822	1.852280088	1.852280088
	1.76541189	1.698353871	1.904760018	1.983032328	2.182678856
	2.135011524	2.074768295	2.050638442	2.013245337	2.550166084
	1.623390353	2.067729519	2.213698821	2.327536657	2.313717554
	2.235278328	2.263463185	2.182678856	2.182678856	2.315321818
	2.213698821	2.332061858	2.22743078	2.339710886	1.904760018
	1.853477583	1.834026323	1.793094903	1.78873592	1.769736777
	2.888156227	2.23136855	2.342568068	2.404310218	2.404310218
	2.483509842	2.500792672	2.496492532	2.496492532	2.502017607
	2.424115207	2.455655742	2.369803155	2.38167963	2.369803155
	2.113216831	2.102235478	2.314420359	2.21371452	2.053982141
	1.974107963	1.76541189	1.902373935	1.76541189	1.73562915
	1.904472929	1.924050954	2.069067358	2.146550363	2.069067358
	2.018401694	1.97860353	2.550166084	1.569747257	2.025064057
	2.068444914	2.25185938	2.261637074	2.179935949	2.122426284
	2.181498375	2.255839242	2.22743078	2.22743078	2.181498375
	1.853477583	1.876958581	1.853477583	1.802321239	1.762161239
	1.77301566	1.762161239	3.101283669	2.105010753	2.49048478
	2.49048478	2.505624822	2.52212718	2.544974528	2.497516299
	2.455655742	2.429717941	2.455655742	2.358350619	2.397050914
	2.36769053	2.27664549	2.102235478	2.102235478	2.21371452
	2.043086453	2.046542736	1.902373935	1.832161502	1.885952651
	1.73562915	1.713561206	1.876958581	1.904472929	1.946361478
	2.069067358	2.122426284	2.079724279	2.018401694	1.990132672
	1.969846653	2.340740376	1.54339903	2.068444914	2.068444914
	2.214083179	2.109088363	2.181498375	2.214083179	2.186870656
	2.157930352	1.876958581	1.861807644	1.802321239	1.802321239
	1.764136557	1.74372724	1.726575159	3.46235414	2.273265253
	2.49048478	2.505624822	2.505624822	2.497516299	2.546285661
	2.497516299	2.477375225	2.47281	2.397050914	2.573753583
	2.27664549	2.377195649	2.377195649	2.27664549	2.430660337
	2.156862863	2.220852964	2.022826632	2.093821885	1.961580768
	1.797055131	1.797055131	2.050427408	1.795949956	1.68574798
	1.847714491	1.946361478	2.050427408	2.109088363	2.031875701
	2.006796845	1.953673639	1.969846653	2.52709227	1.542154048
	1.922255588	2.025533264	2.102847685	2.047662854	2.102847685
	2.038774715	2.192854435	2.157930352	1.847714491	1.843072587
	1.807445989	1.828521566	1.777979295	1.74372724	1.74372724
	1.718654496	3.396246932	2.310145528	2.639942746	2.634948476
	2.615516864	2.587843687	2.615516864	2.469968297	2.477375225
	2.542996728	2.548100034	2.220852964	2.324160483	2.377195649
	2.408614051	2.093821885	2.223585824	2.022196505	2.093821885
	1.961580768	2.148027658	1.797055131	1.868302511	1.669949146
	1.545899378	2.047662854	1.887775262	1.863679244	2.031875701
	2.053108192	1.964633664	1.940540224	1.905000995	2.52709227
	1.524685416	1.922255588	2.038774715	2.102847685	2.047662854
	2.086919868	2.085970091	1.828521566	1.82991352	1.787149108
	1.780707083	1.828521566	1.777979295	1.718654496	1.731493824
	1.754652018	2.469968297	3.701340933	2.500211515	2.65917764
	2.698713711	2.615516864	2.596680893	2.469147593	2.548100034
	2.34397185	2.458071499	2.324160483	2.339944695	2.324160483
	2.223585824	2.089446589	2.015019253	1.938510416	2.089446589
	1.767534679	1.767534679	1.653383194	1.653383194	2.011966624
	2.02290378	1.87325639	1.964633664	1.964633664	1.940540224
	1.85905211	2.44123006	1.577763414	1.970730626	2.042188281
	2.085970091	2.024998773	1.847631839	1.847631839	1.780707083
	1.776836256	1.780707083	1.811165853	1.739221639	1.754652018
	1.750605746	1.754652018	2.476695094	2.518505972	3.989450483
	2.820198331	2.753450393	2.753450393	2.596680893	2.596680893
	2.590166489	2.38793323	2.448478822	2.53190212	2.286373144
	2.286373144	2.220339989	2.089446589	2.007836778	1.855664195
	2.220339989	1.759441811	1.855664195	1.645156618	1.529700463
	1.941670316	1.989510579	1.926859229	1.824737496	1.941670316
	1.898149456	2.44123006	1.909218393	1.952008536	1.952008536
	1.989510579	1.796406372	1.847631839	1.76562912	1.776836256
	1.754335394	1.754335394	1.757517881	1.763384597	1.74125381
	1.708915997	1.731147858	1.757590463	2.590166489	3.989450483
	2.734911003	2.753450393	2.829128413	2.699784322	2.699784322
	2.448478822	2.53190212	2.53190212	2.477729613	2.36149032
	2.286373144	2.220339989	2.069016934	2.007836778	1.852265009
	2.06960619	1.754316012	1.852265009	1.754316012	1.525805787
	1.941670316	1.926859229	1.926859229	1.818415128	1.820869315
	1.868730328	2.800594046	1.89811791	1.921529121	1.952008536
	1.906651845	1.818415128	1.795359375	1.795359375	1.818415128
	1.735696788	1.754335394	1.763384597	1.763206151	1.737001836
	1.729214589	1.741711899	1.731147858	1.731147858	1.762377281
	2.642195126	2.716373666	4.00406674	2.751144794	2.829128413
	2.784008924	2.784008924	2.38445814	2.417651341	2.477729613
	2.642195126	2.268444704	2.343081493	2.217545379	2.085883145
	2.085883145	2.010336615	2.085883262	1.754316012	1.844513525
	2.008350057	1.645273414	1.642288317	1.921529121	1.884459748
	1.88857511	1.779957322	1.868730328	1.884459748	2.701620877
	1.930545635	1.867915674	1.930545635	1.867915674	1.763206151
	1.792066007	1.795359375	1.741688609	1.735696788	1.730018975
	1.739995744	1.737001836	1.72184737	1.733246693	1.729214589
	1.739082374	1.745444834	1.739082374	1.762377281	1.762377281
	2.662952032	2.722023558	2.832080835	4.446079368	3.215526055
	2.880003874	2.832080835	2.417651341	2.417651341	2.56794836
	2.561723484	2.398902837	2.32972918	2.30557031	2.228497479
	2.008350057	2.083099181	2.008350057	2.083099181	1.852382349
	1.756875198	1.933698431	1.664586185	1.664586185	1.91455321
	1.843945424	1.762643723	1.779957322	1.843945424	2.732673898
	1.930545635	1.867915674	1.905556867	1.737760431	1.734996752
	1.741688609	1.76604094	1.739995744	1.739995744	1.704925551
	1.716560124	1.726947487	1.708082217	1.745005855	1.753319704
	1.709669593	1.753746993	1.753746993	2.722023558	2.80080349
	2.991180774	4.519989649	3.292409768	2.991180774	2.459296326
	2.573859238	2.557561353	2.762452899	2.37615423	2.300933503
	2.228497479	2.012519761	2.083099181	2.159894373	2.163971864
	2.163971864	1.762805624	1.860934394	1.862422029	1.664586185
	1.762805624	1.688116771	1.688116771	1.845104018	1.780900229
	1.762643723	1.799348164	2.732673898	1.902171468	1.905556867
	1.845104018	1.726947487	1.686693834	1.79550877	1.762147833
	1.731212998	1.691635128	1.704925551	1.745254468	1.727483818
	1.691635128	1.716560124	1.716560124	1.753649351	1.718939137
	1.727528118	1.727528118	1.723721243	1.753275415	1.757021095
	1.757571591	1.720283774	2.800964094	2.80080349	3.203890289
	4.816200807	3.202867998	2.459296326	2.557561353	2.557561353
	2.800964094	2.573859238	2.300933503	2.293896696	2.295968049
	2.016593449	2.080889523	2.152495293	2.235506837	1.762805624
	2.03103426	1.881090682	1.881090682	1.818382271	1.818382271
	1.715915602	1.845104018	1.856277777	3.149978155	1.914124615
	1.936965768	1.686693834	1.773573056	1.686693834	1.746407059
	1.731212998	1.691635128	1.719198103	1.709099085	1.698427392
	1.698427392	1.756327029	1.757571591	1.718939137	1.727528118
	1.719198103	1.729680529	1.756228613	1.751447236	1.757571591
	2.800964094	3.074172162	3.202867998	4.816200807	2.465899957
	2.785972828	2.573738068	2.898355683	2.785972828	2.293896696
	2.293896696	2.235506837	2.03103426	2.152495293	2.152495293
	2.129408797	2.244540694	1.971370705	2.03103426	1.881090682
	1.856277777	1.611595107	1.821461018	1.844821576	1.844821576
	1.936965768	1.773573056	3.210106671	2.003037098	1.738504386
	1.780525572	1.780525572	1.729596903	1.70345413	1.733550823
	1.709099085	1.709099085	1.727565597	1.758603268	1.747560429
	1.77204709	1.725021078	1.72069415	1.74989234	1.725021078
	1.737577262	1.753980462	3.074172162	3.074172162	4.838690369
	2.465899957	2.783034035	2.465899957	2.667921638	2.93999587
	2.3830162	2.383683571	1.971370705	2.030930719	2.17949964
	2.25160514	2.133568815	2.194183435	1.991344142	1.789143658
	1.753222787	2.03591934	1.844821576	1.75730622	1.764012929
	2.036101565	1.959826787	1.86191017	3.227705149	1.695543243
	1.70345413	1.780525572	1.773754573	1.732761064	1.70345413
	1.733550823	1.72069415	1.727565597	1.775789126	1.786144393
	1.774822927	1.779113336	1.72069415	1.74989234	1.771171151
	1.785259745	1.722911355	2.93999587	3.309223241	4.838690369
	2.3830162	2.561744678	2.783034035	2.56331353	3.101640581
	2.3830162	2.318906329	2.392600307	2.090079773	2.25160514
	2.17949964	2.215386381	2.215386381	2.090079773	2.108830341
	1.829596669	1.829596669	1.914724555	2.039371418	2.054131264
	1.777051771	1.782510624	1.782510624	1.780768369	1.959826787
	1.959826787	1.840187718	3.303491924	1.741195162	1.729891678
	1.831436534	1.773754573	1.73731617	1.74787054	1.711542541
	1.711542541	1.767776204	1.744587409	1.773722122	1.775789126
	1.775789126	1.786144393	1.801967514	1.786373049	1.7783297
	1.786373049	1.796768011	1.806476643	3.346787994	3.346787994
	5.133764978	2.573500742	2.932358531	2.681995316	2.932358531
	3.09023849	2.392600307	2.346693899	2.573500742	2.215296513
	2.286046502	2.215296513	2.346693899	2.172904797	2.172904797
	1.875764349	1.875764349	1.95381126	2.077610307	2.117157947
	2.080663896	1.808171654	1.766512991	1.782510624	1.778346084
	1.81353038	1.95461318	1.864834327	1.95461318	3.658950951
	1.725537111	1.729891678	1.766304421	1.898524144	1.854373838
	1.737933166	1.775954762	1.775954762	1.779184324	1.791732161
	1.790061316	1.801967514	1.796768011	1.802644356	1.800932532
	1.758937498	1.793388059	1.830392106	3.346787994	6.280915776
	2.573500742	2.796819869	2.932358531	2.796819869	3.09023849
	2.492226449	2.492226449	2.215296513	2.243739164	2.367605763
	2.286046502	2.465474235	2.199490771	1.865415581	1.875764349
	1.880763699	2.115535986	2.168212622	2.168212622	1.813934105
	1.837729367	1.807173258	1.817544491	1.847606956	1.838285364
	1.95461318	2.053246972	3.314978741	1.766304421	1.766304421
	1.938593662	1.854373838	1.800775203	1.830392106	1.803138058
	1.791732161	1.791732161	1.765248576	1.848807455	1.866034272
	1.866901973	1.866901973	1.836900926	1.841454085	1.830392106
	1.836900926	1.823322492	1.846861369	3.115327961	4.925646163
	2.575928797	2.792072283	2.796819869	2.788416036	3.107571774
	2.492226449	2.267694783	2.335206613	2.282933068	2.367605763
	2.465474235	2.267694783	2.267694783	2.576532807	1.927655083
	2.030285901	2.030285901	2.089859674	2.19973368	2.19973368
	1.825714018	1.837729367	1.863780225	1.851748645	1.838285364
	1.865651651	1.865651651	1.884055914	2.053246972	3.314978741
	1.828200556	1.791850769	2.023815753	1.84166039	1.803138058
	1.791850769	1.84166039	1.848807455	1.881020336	1.900084987
	1.929360952	1.884608686	1.884608686	1.846861369	1.859755605
	1.908197702	1.869809267	3.24343156	4.93524368	2.788374032
	2.775281006	2.775281006	2.89664735	2.478232252	2.576532807
	2.336510188	2.368022832	2.386903518	2.478232252	2.255112667
	2.336510188	2.576532807	2.703464755	2.030546618	2.030546618
	2.030285901	2.173648802	2.173648802	2.19973368	2.268322253
	2.355056846	1.871955345	1.89019083	1.919525224	1.833296046
	1.86978087	1.900293517	1.880226542	1.919525224	1.952318058
	1.96362298	1.952318058	1.884055914	1.865651651	1.917957977
	1.884055914	2.023815753	3.219976855	1.890807947	1.844006154
	1.950663796	1.832252046	1.84166039	1.876237873	1.813583271
	1.904458842	1.950115558	1.929360952	1.900084987	1.974174258
	1.884608686	1.897123165	1.908197702	1.94779936	3.172830867
	4.754245422	2.755035725	2.861772816	2.98730281	2.478232252
	2.572979631	2.442778184	2.442778184	2.490492952	2.501091024
	2.310208635	2.572979631	2.627627378	2.585036856	2.164009413
	2.030546618	1.987796053	2.164009413	2.173648802	2.332143093
	2.250956631	2.310208635	2.355056846	2.367765014	1.896154261
	1.911959384	1.921410671	1.880226542	1.879708121	1.921934462
	1.896154261	1.994069712	1.97617936	1.982642815	1.997109729
	1.936500288	1.96362298	1.95022816	1.96362298	1.997034344
	1.994069712	1.941338057	1.917957977	1.917957977	1.964123013
	1.965677349	3.318925659	1.847679526	1.910737258	1.910737258
	1.858505148	1.876237873	1.876237873	1.880506428	1.941338057
	1.950115558	2.000904831	1.974174258	1.9607325	1.953783616
	1.9607325	1.94779936	3.129265512	4.754245422	2.861772816
	2.755035725	2.98730281	2.5555661	2.442778184	2.487394588
	2.5555661	2.669611079	2.669611079	2.596034196	2.19691332
	2.198183705	2.160660871	2.130163565	2.349722955	2.234538197
	2.313840402	2.313840402	2.367765014	2.455604763	2.367765014
	1.896154261	1.911959384	1.926958912	1.893936043	1.950265239
	1.971130935	1.93991628	1.994069712	1.98784137	1.993598659
	1.983440115	1.95022816	1.974277216	1.952487197	2.003857126
	2.003857126	2.000825325	2.000803802	2.001789293	1.993130969
	1.99716979	1.9940328	1.98028727	1.979500201	1.979500201
	1.932184074	3.086196729	1.858505148	1.910737258	1.858505148
	1.884954954	1.95602989	1.917465708	2.003858038	1.9940328
	2.043588543	2.022757716	1.9607325	1.997967596	2.014952463
	3.072373179	4.697058587	2.862743258	2.732471234	2.867465417
	2.5555661	2.455604763	2.487394588	2.680009036	2.596034196
	2.596034196	2.19691332	2.19691332	2.231473943	2.202077765
	2.177510326	2.349722955	2.349722955	2.329220562	2.329220562
	2.491940291	2.410949354	2.459216623	1.957001939	1.957001939
	1.948454282	1.950265239	1.982557709	1.971130935	1.950858707
	1.997960395	1.988171302	1.988171302	1.984958353	1.968253497
	1.968253497	1.996923311	2.000825325	1.99976446	2.001789293
	2.001932468	2.000503162	2.001932468	1.997918578	1.99716979
	1.998681266	1.9940328	1.995720576	1.979500201	2.005625398
	1.882415089	3.086196729	1.910833681	1.894548098	1.910833681
	1.997967596	2.008157871	2.008157871	1.956970158	2.022757716
	2.043588543	2.018611089	2.043588543	2.061454444	2.061454444
	2.002199079	2.867465417	4.46175243	2.762933385	2.732471234
	2.78083446	2.623319509	2.536598525	2.623319509	2.581079348
	2.413061272	2.649688355	2.322471278	2.297030811	2.239566538
	2.206086547	2.22722769	2.218392697	2.404102829	2.336498562
	2.329220562	2.536598525	2.465296971	2.468752975	1.957001939
	1.988822286	1.988822286	1.982557709	1.982557709	2.034909378
	1.977851779	1.999822603	1.999822603	1.984958353	1.9768337
	1.98443632	1.996923311	1.998681266	1.997825178	1.998669217
	1.999520508	2.001932468	1.999448801	2.004622493	1.998681266
	2.030785253	2.034909378	2.071919596	1.728300474	2.966176071
	1.910833681	1.951914876	1.956970158	2.052655002	2.008157871
	2.01623505	2.073524662	2.05323639	2.094138869	2.094138869
	2.061454444	2.079712014	2.699630508	3.932988608	2.738266774
	2.641095045	2.78083446	2.581079348	2.54645674	2.565346132
	2.529728867	2.433145095	2.433145095	2.609979915	2.322471278
	2.322471278	2.297030811	2.305227288	2.22722769	2.218392697
	2.218392697	2.641095045	2.404102829	2.389762568	2.54645674
	2.494836294	2.506368362	1.977851779	2.012773972	1.993145128
	2.08088135	2.051118753	1.989905846	2.051118753	1.999707395
	1.999822603	1.996446641	1.996446641	2.017181468	2.009540668
	2.0041968	2.002889196	1.998669217	1.998669217	2.004732955
	2.001446865	2.001446865	2.004622493	2.005375239	2.009540668
	2.071919596	2.071919596	1.728300474	2.686138342	1.986995419
	1.945628493	1.986995419	2.098180065	2.052655002	2.024309373
	2.105855913	2.121276822	2.112943733	2.119128556	2.15663674
	2.13040605	2.699630508	3.657776668	2.641095045	2.612083073
	2.565346132	2.565346132	2.415709744	2.506368362	2.472013732
	2.472013732	2.573998482	2.390228168	2.390228168	2.349580052
	2.332728648	2.333701944	2.313571061	2.314828006	2.576563614
	2.437609017	2.437609017	2.535972913	2.500052094	2.506368362
	2.01204154	2.120936104	2.012773972	2.01374824	2.083533266
	2.051118753	2.033437904	2.033437904	2.01204154	2.030159452
	2.034803702	2.017181468	2.021117807	2.024477306	1.994590418
	1.998571995	2.006182469	1.998571995	2.005375239	2.013170878
	2.021117807	2.013170878	2.121276822	1.945628493	3.001968793
	1.986995419	1.900050734	2.014658756	2.13040605	2.098180065
	2.056762011	2.148347588	2.144259943	2.112943733	2.188007289
	2.188007289	2.16895486	2.68762517	3.567013134	2.660563834
	2.612083073	2.550199929	2.532987104	2.527260755	2.472013732
	2.454763262	2.454763262	2.550199929	2.389663187	2.390228168
	2.349580052	2.349580052	2.332728648	2.313571061	2.357618517
	2.313571061	2.50709022	2.437609017	2.535972913	2.524644785
	2.509695219	2.524644785	2.150438548	2.150438548	2.027378535
	2.0324513	2.120936104	2.069157508	2.069157508	2.091946116
	2.060978607	2.065070351	2.166694949	2.034803702	2.065117405
	2.034803702	2.021117807	1.994713097	1.999613347	2.003449262
	2.009325978	2.027121891	2.015676892	2.024480714	2.024480714
	2.182628542	1.900050734	2.724342184	2.014658756	1.860153901
	2.014658756	2.086807639	2.168052505	2.168052505	2.082761825
	2.182628542	2.191732167	2.219968278	2.232867764	2.201042195
	2.429447428	3.316674484	2.50709022	2.509060096	2.532987104
	2.532987104	2.497433643	2.461735419	2.47568123	2.485251675
	2.446028518	2.392723927	2.392723927	2.412477526	2.398124327
	2.392825353	2.398763304	2.357618517	2.485251675	2.469987493
	2.446028518	2.508080501	2.524644785	2.497433643	2.483322068
	2.503680705	2.207596336	2.166694949	2.042439567	2.042439567
	2.152335303	2.069157508	2.091946116	2.150651479	2.053513914
	2.053513914	2.078189192	2.06765822	2.05390321	1.999613347
	2.00124973	2.010655405	2.00634948	2.0344253	2.027121891
	2.024701668	2.024701668	2.207596336	2.222377273	1.555523601
	2.724342184	1.976530437	1.880763925	2.101194055	2.242944799
	2.180003693	2.213275212	2.222377273	2.219968278	2.219968278
	2.242232597	2.253836639	3.040348578	2.388015888	2.388015888
	2.518417806	2.462322614	2.491547991	2.47568123	2.485251675
	2.434632724	2.417338298	2.417338298	2.437267009	2.430210515
	2.42849826	2.392825353	2.427448886	2.436480704	2.471208592
	2.455110902	2.463574414	2.511754166	2.518417806	2.511754166
	2.48632726	2.472857825	2.480042961	2.207596336	2.189761969
	2.077443744	2.150651479	2.136895847	2.177203336	2.177203336
	2.09880658	2.076486371	2.129734261	2.09880658	2.067978739
	2.00124973	2.00124973	2.063360002	2.020653338	2.031683934
	2.024701668	2.269708143	2.261930258	2.261930258	1.478910027
	2.544848039	1.976530437	1.931801712	2.072714208	2.242232597
	2.213275212	2.200578326	2.284064096	2.282849999	2.242232597
	1.963240791	3.040348578	2.388015888	2.209400511	2.451062316
	2.472171902	2.476979135	2.414413708	2.454952191	2.454952191
	2.454139596	2.462175793	2.458292588	2.42849826	2.42849826
	2.456615793	2.310183079	2.463391545	2.473648643	2.463391545
	2.511754166	2.451062316	2.476945109	2.459614624	2.459614624
	2.480042961	2.262586265	2.250059613	2.097929752	2.097929752
	2.202287143	2.167499803	2.190284094	2.09880658	2.142164328
	2.134184467	2.08556906	2.004457128	2.006286215	2.006286215
	2.063360002	2.063360002	2.020653338	2.031683934	2.269708143
	2.324902551	2.324902551	2.269708143	1.931801712	2.325956216
	2.034938538	1.973112437	2.232063137	2.27831525	2.272634914
	2.232063137	2.284064096	2.313107612	2.313107612	2.209400511
	2.673839069	2.22722311	2.22722311	2.405125624	2.46366344
	2.462285463	2.371917418	2.473648643	2.474906274	2.497954862
	2.481507161	2.504323742	2.480917857	2.496149116	2.492538708
	2.310183079	2.453520716	2.467086557	2.473648643	2.450874575
	2.433010691	2.388643259	2.459614624	2.437437042	2.421133048
	2.462285463	2.432837743	2.250059613	2.231470576	2.097929752
	2.141949788	2.163136666	2.229424086	2.190284094	2.190284094
	2.163136666	2.08556906	2.102374854	2.005821618	2.006286215
	2.013426728	2.021527518	2.061958823	2.05129244	2.026170638
	2.309776736	2.313250327	2.341268484	2.351147167	1.973112437
	2.457311781	2.142209431	1.973112437	2.232063137	2.27831525
	2.296839642	2.296839642	2.313107612	2.322009605	1.867719039
	2.587270842	2.22722311	2.002620762	2.371917418	2.46366344
	2.371917418	2.467086557	2.474906274	2.481507161	2.534485045
	2.528734879	2.480917857	2.550913808	2.480917857	2.475172308
	2.478556371	2.241860015	2.450874575	2.467086557	2.450874575
	2.420948014	2.396332443	2.343542885	2.403310778	2.396332443
	2.379617822	2.397101863	2.432837743	2.303300382	2.250575691
	2.250575691	2.109182003	2.141949788	2.179389473	2.199796881
	2.199796881	2.12648461	2.102374854	2.082618328	2.082618328
	2.008101297	2.008101297	2.015622433	2.015622433	2.069727726
	2.047776646	2.059345014	2.303300382	2.350680363	2.333614568
	2.385748214	2.351147167	1.551197643	2.393907238	2.065431538
	2.087093843	2.232626567	2.332450679	2.357426981	2.356747904
	2.34972107	2.397407352	2.389881472	2.002620762	2.587270842
	2.043346146	2.043346146	2.226395481	2.22546343	2.434563033
	2.472337836	2.489415086	2.496308286	2.548443853	2.575288836
	2.575288836	2.572583058	2.49486525	2.496996892	2.478556371
	2.478556371	2.052708187	2.420948014	2.45647036	2.434563033
	2.420948014	2.396332443	2.339399026	2.328867422	2.356352325
	2.379617822	2.397101863	2.342607473	2.318125727	2.281434972
	2.241868514	2.281434972	2.167191758	2.179389473	2.179389473
	2.134689766	2.134689766	2.089397414	2.342209683	2.008291416
	2.008291416	2.015622433	2.025468595	2.045540412	2.045540412
	2.089397414	2.385748214	2.350680363	2.367703765	2.396578449
	2.396578449	1.658537726	2.610106036	2.232626567	2.232626567
	2.370218374	2.397407352	2.423361498	2.397407352	2.412292144
	1.912959157	1.912959157	2.628788635	2.052708187	2.132429743
	2.22546343	2.429933771	2.445749812	2.497991789	2.503682983
	2.631683578	2.575288836	2.621318815	2.572583058	2.572583058
	2.500118106	2.45647036	1.997721522	2.132429743	2.401039947
	2.45647036	2.401039947	2.348276354	2.319833435	2.226134461
	2.127069687	2.226134461	2.319833435	2.338143841	2.29533418
	2.342607473	2.342607473	2.310541121	2.281434972	2.252224882
	2.252224882	2.19228612	2.219204874	2.134689766	2.182287234
	2.089397414	2.367703765	2.346204831	2.003252434	2.005615516
	2.016834847	2.045540412	2.058782535	2.058782535	2.11437706
	2.424700693	2.367703765	2.396578449	2.426942926	2.118102198
	2.771121013	2.182604343	2.182604343	2.370218374	2.412292144
	2.444864904	2.424145595	2.439184247	2.444864904	1.912959157
	1.913051769	2.421153458	1.997721522	2.132429743	2.374320398
	2.538220109	2.538220109	2.656085217	2.656085217	2.660815683
	2.581382969	2.564298325	2.510835791	2.452094123	2.478875129
	1.997721522	2.055555576	2.347696712	2.348276354	2.452094123
	2.394677931	2.374320398	2.347696712	2.344116679	2.256793928
	2.127069687	2.226134461	2.125639007	2.287395873	2.320630967
	2.174319128	2.270909679	2.270909679	2.310541121	2.270775616
	2.246284927	2.219545553	2.219545553	2.140080757	2.198217283
	2.154373144	2.364048964	2.346204831	2.00006568	2.016834847
	2.016834847	2.034972501	2.060335743	2.0627956	2.11437706
	2.429178562	2.432792425	2.432792425	2.426437832	1.802268085
	2.849325401	2.233964804	2.343300504	2.355887688	2.458463544
	2.455293433	2.441582883	2.455293433	1.405265405	1.744085538
	2.216878586	1.809344727	1.956725606	2.538220109	2.548526571
	2.716142875	2.656085217	2.652711908	2.621306145	2.621306145
	2.613306587	2.568266663	2.542760869	2.46053849	2.452094123
	2.401496983	1.935323586	1.952069382	2.324682394	2.313035836
	2.335968797	2.336529115	2.315919152	2.220511171	2.058811445
	2.185715328	2.185715328	2.174319128	2.234419254	2.174319128
	2.270909679	2.21471191	2.298002066	2.270775616	2.246284927
	2.246284927	2.208346335	2.154373144	2.154373144	2.364716857
	2.364716857	2.001473818	2.001473818	2.034972501	2.034972501
	2.060335743	2.08824227	2.126347164	2.432792425	2.432820591
	2.432820591	1.802268085	3.233011166	2.321528884	2.332405638
	2.466455639	2.450616926	2.455293433	2.508217334	2.500441111
	1.375554039	1.791068874	2.122859061	1.854575549	1.952069382
	2.542760869	2.779669111	2.779669111	2.714549247	2.773166805
	2.71033498	2.483668552	2.613306587	2.547780378	2.547780378
	2.401496983	2.401496983	2.333623108	1.798354525	1.781784966
	2.264992097	2.315919152	2.336529115	2.336529115	2.169732355
	2.169732355	2.058811445	2.058811445	2.122993508	2.11526899
	2.11526899	2.153483739	2.153483739	2.139798346	2.188929926
	2.328473168	2.244748665	2.244748665	2.162056946	2.383371845
	2.39794176	2.366301395	1.986572286	1.993590862	2.008288632
	2.02610809	2.08824227	2.08824227	2.170670672	2.462123643
	2.485865151	2.433189877	2.449413622	1.951323591	3.233011166
	2.321528884	2.474385268	2.455845449	2.50666065	2.500441111
	2.566598783	1.342489319	1.627516971	2.122859061	1.678432828
	1.804734391	2.436830817	2.15593657	2.882049934	2.779669111
	2.784187465	2.773166805	1.866506875	2.71033498	2.703740626
	2.488017796	2.592521185	2.535922607	2.392523847	2.363633744
	2.333623108	1.798354525	1.798354525	2.15593657	2.248237378
	2.26779918	2.169732355	2.05070293	2.072172268	1.901183041
	2.042401542	2.048881398	2.039539031	2.153483739	2.072172268
	2.236434673	2.282425404	2.244748665	2.170670672	2.385867843
	2.372086584	2.287854479	1.981869583	1.981869583	1.989079262
	2.02610809	2.062924884	2.136937673	2.141953683	2.386799461
	2.490424576	2.507506551	2.487844698	2.174470112	3.519695439
	2.474385268	2.474385268	2.581157145	2.555779707	2.573288939
	2.554964941	2.57953063	1.346306727	1.678432828	2.12102962
	1.678432828	1.804734391	1.866506875	2.15593657	2.179397737
	2.836203807	2.881666386	2.881666386	2.765087681	2.703740626
	1.901183041	2.595970727	2.595970727	2.392523847	2.535922607
	2.535922607	2.324932079	2.2809664	2.2809664	1.71457744
	1.627779465	2.092093824	2.179397737	2.037563094	1.996483388
	2.037563094	1.985298684	1.985298684	1.928250397	1.967364605
	1.951650324	1.979235545	2.225631828	2.25083114	2.225631828
	2.336085705	2.386799461	2.287854479	2.386799461	1.966792378
	1.989079262	1.989079262	2.056567141	2.056567141	2.101403031
	2.141927857	2.554964941	2.426976192	2.426976192	2.174470112
	4.436587291	2.644453738	2.581157145	2.581157145	2.573288939
	2.554964941	2.498964275	2.533866322	2.62743456	1.275839228
	1.526520026	2.320638431	1.621559102	1.71457744	1.796594779
	1.753604551	2.061240584	2.213107545	2.324932079	3.025611065
	2.981661663	2.967947929	2.967947929	2.725730132	2.702059186
	1.928250397	2.595970727	2.361369647	2.461448101	2.324932079
	2.188434555	2.107492108	1.624871058	1.576764521	2.053710834
	2.019879465	2.037563094	1.979060361	1.911531528	1.979235545
	1.93821215	1.928250397	1.925215434	1.979235545	1.744596442
	2.394305191	2.179798329	2.225631828	2.336085705	2.281799696
	2.394305191	1.94972102	1.974887211	1.974887211	2.004721965
	2.004721965	2.141927857	2.141927857	2.438376509	2.426976192
	2.507687034	2.644453738	3.800159384	2.598134779	2.678276389
	2.618173865	2.533866322	2.502583973	2.502583973	2.641041209
	1.316172396	1.526520026	2.12053157	1.576764521	1.653105939
	1.653348958	1.744596442	2.053710834	2.140890788	2.263692877
	2.263692877	1.555639626	3.989887242	3.056275859	3.201086986
	2.863993442	3.056275859	2.628758769	2.628758769	2.520481025
	1.8186014	2.461448101	2.188434555	2.188434555	2.012015609
	2.012015609	1.576764521	2.053710834	1.973744949	1.952554433
	1.9648761	1.918325401	1.911531528	1.840854517	1.890322374
	1.873655383	1.797678874	1.888927048	1.744596442	2.384401809
	2.232385014	2.232385014	2.272726816	2.27815945	2.355430082
	1.90853272	1.904619041	1.941634229	2.004721965	1.987040818
	2.087370597	2.19132035	2.19132035	2.416821734	2.416821734
	2.472216365	2.758457678	3.800159384	2.781880158	2.678276389
	2.813433933	2.641041209	2.558516856	2.472216365	2.502583973
	2.684982576	1.316172396	1.527674872	2.12053157	1.529797764
	1.606302942	1.653348958	1.653348958	1.606302942	2.263692877
	2.294614903	1.797678874	1.555639626	2.520481025	3.989887242
	3.989887242	3.056275859	3.191020906	2.63623664	2.852723484
	2.628758769	2.324472646	1.70486966	2.294614903	2.083143961
	2.074904842	1.985002751	1.939114925	1.939114925	1.529797764
	1.890744128	1.864273335	1.849097024	1.829910371	1.918325401
	1.840854517	1.840854517	1.869067035	1.821084227	1.797678874
	1.629766489	2.355430082	2.259197138	2.259197138	2.355430082
	1.843871598	1.843871598	1.941634229	1.987040818	2.032346189
	2.032346189	2.197770238	2.141471762	2.416821734	2.472216365
	2.80391067	4.261381307	2.781880158	2.802071423	2.454398386
	2.802071423	2.603655569	2.603655569	2.564750056	2.507377414
	2.65220871	1.417201398	1.527674872	2.264905064	1.484673743
	1.606302942	1.541995772	1.498345401	1.533581009	1.483015348
	2.294614903	1.712804248	1.513414349	2.387429301	4.709311889
	3.474248403	3.186110209	2.852723484	2.773555561	2.492779416
	2.568029528	2.492779416	2.387429301	2.324472646	1.650215856
	2.177376184	2.034292798	1.999186975	1.999186975	1.957591987
	1.939114925	1.823962827	1.422513741	1.414072774	1.890744128
	1.793178552	1.770254483	1.829910371	1.808431968	1.769607339
	1.745019977	1.689647625	1.786475135	1.650215856	1.676269068
	1.689647625	1.629766489	1.498345401	2.365388047	2.327320938
	2.251475256	1.843871598	1.924121134	1.974841342	2.251475256
	1.974841342	2.016133866	2.082344337	2.082344337	2.323101564
	2.310101812	2.80391067	4.261381307	2.95034162	2.954479283
	2.45296876	2.477253775	2.684674171	2.603655569	2.509486905
	2.684674171	1.367326684	1.482912274	2.264905064	1.422513741
	1.469705196	1.45462746	1.498345401	1.483015348	2.787886214
	2.787886214	2.393817792	2.492779416	2.440990315	2.329348041
	2.201291282	2.158898022	1.569385375	2.011923457	2.037756646
	1.999186975	1.852789623	1.802389602	1.802980089	1.414072774
	1.414072774	1.407530941	1.793178552	1.770254483	1.770254483
	1.730181345	1.736066498	1.745019977	1.627372095	1.689647625
	1.652215366	1.526142942	1.676269068	1.526142942	1.36675656
	2.323101564	2.251475256	1.80536145	2.197560129	1.823575263
	1.956625837	2.197560129	2.016133866	2.009562269	2.082344337
	2.396340507	2.310101812	2.310101812	3.30599675	4.880773634
	2.95034162	2.849279602	2.535865583	2.396340507	2.771834095
	2.535865583	2.709392932	1.33535403	1.411933146	2.45616933
	1.411933146	1.421390493	1.407530941	1.400396347	2.393817792
	2.13865928	2.282651108	2.440990315	2.104750909	2.13865928
	1.569385375	1.920864425	1.96230721	1.902978337	1.802980089
	1.787600085	1.802980089	1.352661086	1.358557519	1.352661086
	1.407530941	1.745716166	1.72438943	1.651510026	1.662086902
	1.632478152	1.632478152	1.602826599	1.603969993	1.545435097
	1.537734003	1.526142942	1.514348174	1.421390493	1.319087213
	1.394257205	2.25141089	2.200419038	1.821472192	2.124900623
	1.791342765	1.886416763	2.129757237	2.009562269	2.009562269
	2.325118822	2.334633491	2.315822251	2.255002676	3.159041622
	4.880773634	3.040549415	2.789986907	2.790110518	3.040549415
	2.535865583	2.47644837	2.47644837	2.709392932	2.629083427
	2.698772756	1.376243726	1.387948541	2.505838826	1.387948541
	1.400396347	1.362036058	1.400396347	2.050256637	2.185145142
	2.104750909	2.040750871	2.040750871	1.473187733	1.920864425
	1.920864425	1.667995962	1.813835662	1.765337175	1.733589014
	1.783724442	1.315535235	1.352661086	1.362598068	1.280232854
	1.297647219	1.294245541	1.632011028	1.651510026	1.651510026
	1.602826599	1.569630502	1.569630502	1.602826599	1.545435097
	1.485584374	1.524046074	1.473187733	1.460493567	1.36136577
	1.294245541	1.267816645	1.36136577	2.200419038	2.124900623
	1.791342765	2.124900623	1.791342765	1.862085721	1.916018522
	1.916018522	2.334633491	2.334633491	2.255002676	2.200491423
	3.199999528	4.906525154	3.027972307	2.790110518	2.960347329
	2.40192281	2.63746963	2.47644837	2.40192281	2.468947103
	2.63746963	2.592466653	2.716373065	1.396476209	1.387948541
	2.442116563	1.362598068	1.289819249	1.289819249	1.473187733
	1.865441044	1.667995962	1.621438677	1.815850132	1.768506754
	1.718455117	1.309240637	1.334263844	1.249180367	1.256953172
	1.297647219	1.294245541	1.57436984	1.632011028	1.64687467
	1.489612049	1.46132004	1.451219194	1.494617796	1.487739198
	1.475354746	1.457001717	1.415876394	1.460493567	1.460493567
	1.36136577	1.267816645	1.249180367	1.301212037	2.183813557
	2.0605505	1.76113935	1.982582121	1.765048322	1.844513683
	1.916018522	2.178528464	2.112052646	2.200491423	3.289815039
	4.906525154	3.289815039	2.960347329	2.847648233	2.269713722
	2.340130276	2.519437095	2.432239615	2.519437095	2.739051636
	1.396476209	1.490838209	2.524321556	1.377953215	1.352966744
	1.27364447	1.289819249	1.270570751	1.310403192	1.249180367
	1.265059467	1.272739254	1.525894733	1.538786333	1.489612049
	1.457001717	1.400663863	1.391836393	1.475354746	1.423999866
	1.457001717	1.38385844	1.38385844	1.345117499	1.301212037
	1.219390982	1.217337493	1.237071942	1.226980381	1.2212115
	1.298961757	2.055795384	2.055795384	1.648814201	1.900104609
	1.81811737	1.820352312	2.191554907	2.17958343	2.112052646
	2.042129009	5.338531789	3.289815039	3.610238108	3.15943795
	2.979121622	2.847648233	2.726454569	2.269713722	2.342985075
	2.520059196	2.432239615	2.520059196	1.377953215	1.491578511
	2.192073669	1.379532164	1.275470705	1.223584197	1.226435797
	1.226980381	1.211033415	1.4813964	1.43572239	1.400663863
	1.391836393	1.391836393	1.172031889	1.370693401	1.312600118
	1.404480111	1.330607631	1.330607631	1.245316136	1.183215093
	1.237071942	1.283102773	1.203409987	1.183126799	1.203409987
	1.244985895	1.183806039	1.223584197	2.042129009	1.872007747
	1.610799371	1.800430718	1.800430718	2.192160488	2.122037746
	2.122037746	2.04298937	2.031592184	5.338531789	3.101390653
	3.835270223	3.101390653	3.103008367	2.838448057	2.726454569
	2.726454569	2.264847393	2.436655072	2.524929712	2.341400925
	2.436655072	2.520059196	1.379532164	1.456124774	2.1274993
	1.351988594	1.190617709	1.190617709	1.396775706	1.393097672
	1.157134021	1.183126799	1.312600118	1.312600118	1.310947327
	1.24017716	1.275412811	1.204558274	1.158151397	1.171424328
	1.283102773	1.203409987	1.224116356	1.183126799	1.205677791
	1.152085542	1.156132304	1.872007747	1.872007747	1.681205491
	1.77998169	2.192160488	2.192160488	1.998153153	1.998153153
	1.998153153	5.073321405	3.307436076	3.169216994	3.101390653
	2.954430712	2.973164907	2.856357804	2.739762788	2.624645387
	2.264847393	2.624645387	2.445070153	2.445070153	1.382172284
	1.506202485	2.512384308	1.382172284	2.512384308	1.171424328
	1.309424615	1.157411084	1.157134021	1.147514694	1.309424615
	1.275412811	1.310947327	1.240917445	1.237862381	1.205157298
	1.14278546	1.23497191	1.224116356	1.224116356	1.174127725
	1.138372378	1.151188764	1.154994974	1.149394118	1.149394118
	1.867966888	1.776400173	1.671298689	1.664159324	2.200591552
	2.120773511	1.9561475	1.9561475	5.037173608	3.307436076
	2.98418616	2.954430712	2.952343338	2.742405616	2.739762788
	2.539716943	2.274992776	2.369945126	2.445070153	2.200591552
	1.382172284	1.425822155	1.425822155	1.310741284	1.310741284
	1.390880631	2.440503239	1.120709356	1.157411084	1.134020286
	1.271579546	1.237862381	1.175924862	1.237862381	1.150787256
	1.120709356	1.11854725	1.174127725	1.284503117	1.23699353
	1.23699353	1.124046385	1.130357701	1.140132121	1.151188764
	1.129559185	1.135229847	1.149394118	1.86099823	1.656190566
	1.530662314	1.530662314	2.200591552	2.036242654	2.123767212
	1.9561475	2.031221811	1.873099729	5.195307412	3.263520736
	3.122842903	2.95003049	2.98418616	2.742405616	2.742405616
	2.751883978	2.540830823	2.375043951	2.290226561	2.375043951
	2.290226561	1.444301536	1.285764902	1.358389634	1.444301536
	1.368632937	2.440503239	1.11286601	1.126631689	1.202958174
	1.177390645	1.176620104	1.135186074	1.11854725	1.11854725
	1.124046385	1.108818285	1.172467284	1.242442771	1.242442771
	1.118523695	1.140132121	1.142271477	1.156706411	1.135186074
	1.130810195	1.129559185	1.108171344	1.656099868	1.652322431
	1.530662314	2.060903355	1.879398983	2.036242654	2.061737302
	1.879398983	1.787184647	4.681079504	3.13778521	3.200883663
	2.802872027	2.802872027	2.802872027	2.733801385	2.642354693
	2.550171881	2.375043951	2.477207394	2.290226561	2.237266734
	2.238362277	2.379151808	2.444505772	1.358389634	1.310829703
	1.40297952	1.340866093	1.404452725	1.368632937	1.105869098
	1.176620104	1.135186074	1.115322799	1.104462779	1.09887282
	1.211950282	1.242442771	1.228045796	1.105869098	1.125145825
	1.142271477	1.142271477	1.199246124	1.117938737	1.111687825
	1.107520387	1.108171344	1.651792963	1.651792963	1.979221906
	1.879398983	1.962910551	1.787184647	1.787184647	2.092320774
	4.681079504	3.13778521	4.269039656	4.01979217	3.13778521
	2.793319424	2.793319424	2.803730984	2.813499138	2.642546399
	2.662684618	2.491906193	2.491906193	2.395956407	2.237266734
	2.256865596	2.188343937	4.01979217	2.420856484	1.509035321
	1.470787156	2.134498844	1.340866093	1.404452725	1.351327173
	1.346666111	1.404452725	1.470787156	1.105869098	1.115322799
	1.09887282	1.272084391	1.211950282	1.228045796	1.1079119
	1.199246124	1.114541343	1.103649327	1.114541343	1.125145825
	1.14634329	1.168449878	1.199246124	1.109478932	1.1079119
	1.102648152	1.528066357	1.793693239	1.979221906	1.907037045
	1.701199261	2.023106059	2.119589306	3.059824568	2.949254133
	2.932719433	2.86775144	2.949254133	2.793319424	2.715974669
	2.740325801	2.724731179	2.595870499	2.510918675	2.510918675
	2.395956407	2.256865596	2.279817017	2.119589306	2.551362793
	3.499117179	2.134498844	2.113657835	2.184665083	2.210485875
	2.245736972	2.395812261	2.3064411	1.509035321	1.506461795
	1.470787156	1.506268582	1.325044863	1.404533748	1.371090969
	1.413033825	1.102602186	1.271641382	1.233435494	1.279611183
	1.105723415	1.233435494	1.114541343	1.110263511	1.149977278
	1.156576274	1.184550429	1.214903551	1.205548066	1.105723415
	1.102602186	1.581270625	1.907037045	1.907037045	1.701199261
	1.942370314	2.023106059	2.119589306	2.871699691	2.72151478
	2.86775144	2.625177414	2.72151478	2.674090834	2.66711277
	2.595870499	2.595870499	2.497960852	2.402453973	2.402453973
	2.279817017	2.208947825	2.148420852	3.257141246	3.145826032
	2.622938044	2.33924188	2.622938044	2.478487399	2.33924188
	2.614942071	2.32792124	1.486094883	1.545005334	1.636573455
	1.339075235	1.436558687	1.369835114	1.362280279	1.506268582
	1.531798818	1.459151406	1.558578413	1.346449783	1.346449783
	1.395043854	1.410552942	1.481383015	1.102602186	1.3136821
	1.233435494	1.105723415	1.232986915	1.130572233	1.12467521
	1.156576274	1.149977278	1.207855427	1.218094888	1.282721983
	1.108442651	1.108808167	1.727651352	1.942370314	1.732322321
	2.045959003	2.045959003	2.15182643	2.682964863	2.72151478
	2.644649622	2.625177414	2.724597923	2.660001688	2.674090834
	2.541594002	2.541594002	2.46654477	2.402453973	2.291666843
	2.291666843	2.216156919	2.15182643	2.479976581	1.976349341
	1.858528842	1.50737656	2.129784677	1.595739796	2.43022175
	2.479976581	1.845103829	1.558578413	1.632700342	1.636573455
	1.786257032	1.743518737	1.743518737	1.531798818	1.531798818
	1.541607173	1.636472064	1.355478383	1.346449783	1.369672786
	1.410552942	1.410552942	1.481383015	1.108808167	1.3136821
	1.112044765	1.282721983	2.550377561	1.138702457	1.172234094
	1.143379218	1.20932176	1.321808626	1.248053843	1.116510507
	1.138001525	1.126760965	1.662149226	1.98655113	1.662149226
	1.98655113	2.092622173	2.643191839	2.643191839	2.644649622
	2.611434661	2.660001688	2.660001688	2.612303732	2.440960641
	2.437476705	2.381273715	2.177170299	2.345661486	2.283572124
	2.177170299	2.343100977	2.245868665	2.155201144	1.845103829
	2.045007638	2.507817717	2.42216493	1.958147794	1.632700342
	1.764192354	1.800786247	1.786257032	1.958147794	1.541607173
	1.56352778	1.541607173	1.537076829	1.705676866	1.391243616
	1.364387897	1.393941652	1.468250864	1.537076829	2.479684702
	1.138001525	2.550377561	1.338956702	2.550377561	1.138702457
	1.191577171	1.208749442	1.239753411	1.36479106	1.284668063
	1.126760965	1.138001525	1.126760965	1.662149226	1.941580338
	1.810189794	1.941580338	2.204383447	2.643191839	2.663881264
	2.611434661	2.516406791	2.620193719	2.532341039	2.620193719
	2.437476705	2.345661486	2.452096879	2.293464315	2.345661486
	2.204383447	2.42216493	2.245868665	2.095292034	2.155201144
	2.104442526	2.42216493	1.958147794	1.802653788	1.802653788
	1.933914064	1.943780377	1.691300459	1.640416116	1.537076829
	1.705676866	1.772538761	1.460062026	1.460062026	1.382515896
	1.555161445	2.481868846	1.191613255	2.532341039	1.382515896
	1.382515896	2.504509036	1.36479106	1.191613255	1.191577171
	1.239753411	1.239753411	1.343215873	1.144519606	1.163204848
	1.161911418	1.715204029	1.941580338	1.854982201	1.983894862
	2.183764205	2.577869904	2.634131366	2.588719304	2.59084907
	2.481868846	2.588979135	2.584960388	2.532341039	2.588979135
	2.451844594	2.416300543	2.293464315	2.344726202	2.260054927
	2.32577846	2.248379691	2.120470471	2.120470471	2.104442526
	2.395424593	2.024772441	1.802653788	1.89172257	2.024772441
	1.754864878	1.555161445	1.772538761	1.772538761	1.499031668
	1.509404148	1.512968165	1.651774868	2.481868846	2.445234319
	1.191613255	1.446287362	1.446287362	2.451844594	1.274573476
	1.444807639	1.257306981	1.265751845	1.312878199	1.189691511
	1.189822775	1.217758625	1.769480635	2.019896418	2.019896418
	2.183202532	2.183764205	2.538794012	2.588719304	2.554401593
	2.500832103	2.588979135	2.53374961	2.566293686	2.451844594
	2.416300543	2.416300543	2.339808005	2.299216349	2.315920378
	2.315920378	2.183282992	2.24965788	2.373918903	2.121326537
	2.024772441	1.89172257	1.996005326	1.743366716	1.754864878
	1.651774868	1.830280969	1.917669101	1.624418134	1.580709716
	1.512968165	1.512968165	1.651774868	2.465546357	2.36558803
	1.217715621	1.444807639	2.505034634	1.312878199	1.368719818
	1.444807639	1.257306981	1.347811358	1.400540815	1.485213917
	1.219338336	1.217715621	1.250904154	1.833232128	2.019896418
	2.016268959	2.167071319	2.167071319	2.500832103	2.538794012
	2.56739855	2.465546357	2.566293686	2.505034634	2.537712067
	2.428537388	2.427586539	2.395062457	2.339808005	2.299216349
	2.302496853	2.202997026	2.183282992	2.183282992	2.302496853
	2.088032796	1.998811426	2.088032796	2.202997026	1.773252508
	1.687591471	1.91570158	1.91570158	1.998811426	1.646932863
	1.577040899	1.646932863	2.465546357	2.35922244	1.217715621
	1.400540815	1.485213917	1.300264705	1.405293262	1.400540815
	1.590638427	1.251080312	1.250904154	1.254178152	1.896590903
	2.113537842	2.066503659	2.167071319	2.27622086	2.49513974
	2.526164448	2.541777225	2.49513974	2.512185206	2.514496327
	2.470970901	2.529846408	2.402153406	2.402153406	2.405109224
	2.366573503	2.302496853	2.239825351	2.348168266	2.070914082
	2.137226927	2.302617154	1.687591471	1.822320739	1.732058635
	1.91570158	2.039135716	2.039135716	1.590638427	1.646932863
	1.683545926	1.822106053	2.448754967	2.413621994	1.300264705
	2.442697959	1.51654904	1.51654904	1.349026765	1.405293262
	1.46964287	1.590638427	1.254178152	1.337047873	1.333435555
	2.066503659	2.199904404	2.066503659	2.238238708	2.27622086
	2.538538376	2.517620447	2.529846408	2.498683928	2.507831852
	2.454151715	2.507831852	2.343175332	2.402153406	2.366573503
	2.348168266	2.348168266	2.205034296	2.116524887	2.302617154
	2.2482481	1.872975238	1.886763462	1.872975238	2.116524887
	1.970095752	2.039135716	1.683545926	1.683545926	1.799457136
	2.399042323	2.469287265	1.337047873	2.442697959	1.51654904
	1.524013723	1.394693908	1.493196641	1.538135872	1.624675021
	1.288946248	1.337047873	1.333435555	2.094973057	2.238238708
	2.175189013	2.238238708	2.33613927	2.387448112	2.510554552
	2.500599063	2.504100159	2.517620447	2.475804524	2.507831852
	2.501540064	2.393860616	2.421250841	2.499392034	2.303934125
	2.399042323	2.116524887	2.303934125	2.266209301	2.239460153
	1.886763462	1.886763462	2.012350872	2.091532722	2.012350872
	2.010384266	1.763204149	1.763204149	1.838699839	2.389568136
	1.394693908	2.484191112	1.624675021	1.563072671	1.434890208
	1.540773692	1.540773692	1.64686887	1.331550695	1.376456912
	1.376456912	2.175189013	2.247457956	2.175189013	2.247457956
	2.355728195	2.425060663	2.425060663	2.499392034	2.504100159
	2.475804524	2.450119308	2.502678973	2.451712697	2.451712697
	2.487848449	2.499392034	2.350967402	2.389568136	2.202441987
	2.324399822	2.239460153	1.923095814	1.994756341	2.010384266
	2.06717423	2.010384266	2.174797777	1.763204149	1.838699839
	1.838699839	2.387990236	1.434890208	1.631431037	1.700235013
	1.479619891	1.540773692	1.631431037	1.759041733	1.371323267
	1.419887204	1.419887204	2.216131567	2.247457956	2.216131567
	2.355728195	2.355728195	2.425060663	2.424568248	2.486679104
	2.48633112	2.434970801	2.434970801	2.487848449	2.471283881
	2.479170891	2.486679104	2.324399822	2.178873904	2.248372857
	2.174797777	2.031257029	2.03638814	2.174797777	2.117303773
	1.758293144	1.897622016	2.014589993	2.387990236	1.479619891
	1.683908602	1.552051623	1.596924348	1.683908602	1.747838468
	1.747838468	1.459134667	1.515992049	1.467536144	2.216131567
	2.286217614	2.275127488	2.393540719	2.424568248	2.435490148
	2.424568248	2.486679104	2.437956547	2.434970801	2.479170891
	2.471283881	2.481021909	2.475839481	2.339710065	2.271491348
	2.208481199	2.206287928	2.014589993	2.142692969	1.897622016
	2.014589993	2.375773969	1.585410613	1.590733296	1.654853704
	1.698412556	1.775237646	1.804731964	1.942651461	1.459134667
	1.527486446	1.516104858	2.271519363	2.374975283	2.365425581
	2.374975283	2.440212202	2.462271001	2.440212202	2.464696386
	2.449869547	2.405153735	2.405153735	2.482969359	2.482969359
	2.483070458	2.464696386	2.271491348	2.232825847	2.157584622
	2.07334962	2.069846138	2.011773746	2.375773969	1.590733296
	1.642308832	1.699800789	1.775187965	1.85130819	1.908291325
	2.011773746	1.557987054	1.626905416	1.614702807	2.365425581
	2.40298421	2.365425581	2.40298421	2.440212202	2.471489023
	2.492948351	2.464696386	2.432580672	2.403071244	2.482969359
	2.497102599	2.465427077	2.48384852	2.319472516	2.214001919
	2.207975735	2.131935597	2.011773746	2.342578811	1.642308832
	1.642308832	1.762410933	1.827983873	1.888197515	2.030583362
	2.030583362	1.602232386	1.618178827	1.618178827	2.412996076
	2.404129774	2.441472093	2.433951056	2.49252298	2.492948351
	2.49252298	2.435828379	2.403071244	2.403071244	2.477944112
	2.50675451	2.498512569	2.490494444	2.342578811	2.245479449
	2.16499128	2.16499128	2.342578811	1.685515092	1.762410933
	1.762410933	1.841782099	1.971896059	2.030583362	2.126156465
	1.652372976	1.618178827	1.652372976	2.412996076	2.441472093
	2.441472093	2.501968967	2.49252298	2.50675451	2.532724769
	2.537738335	2.426160291	2.453946713	2.426160291	2.490494444
	2.520298403	2.498512569	2.406615664	2.245479449	2.245479449
	2.16499128	2.368758543	1.75248458	1.822764917	1.822764917
	1.971896059	1.971896059	2.062958878	2.217209648	1.702824724
	1.736939684	1.702824724	2.476649693	2.476870947	2.476870947
	2.523706172	2.523706172	2.532724769	2.524011355	2.532371586
	2.537738335	2.458699179	2.497384573	2.459132308	2.391844262
	2.319303082	2.217209648	2.319303082	1.736939684	1.99164183
	1.866338817	2.285367471	1.99164183	2.060232743	2.140758783
	2.217209648	1.702824724	1.78491601	1.817783172	2.487522107
	2.51207577	2.51207577	2.57553215	2.554603095	2.572745482
	2.533835341	2.549233947	2.533835341	2.459132308	2.436730697
	2.386667493	2.319303082	1.91191276	1.99164183	1.91191276
	2.285367471	2.285369461	2.060232743	2.167951526	1.805482677
	1.817783172	1.817783172	2.548630976	2.56329097	2.53798919
	2.610339425	2.56329097	2.585233531	2.639073916	2.576792643
	2.576792643	2.5050893	2.5050893	2.434389395	2.434389395
	1.959838415	2.091795139	1.959838415	2.295518342	2.295518342
	2.190911962	2.091795139	1.862517986	1.887027163	1.862517986
	2.548630976	2.56329097	2.579181383	2.642485197	2.62840386
	2.62840386	2.670326961	2.576792643	2.488151033	2.557288308
	2.414010986	1.959838415	2.091795139	1.972698923	2.26206587
	2.414010986	2.235571831	1.862517986	1.960689375	1.932694343
	2.579181383	2.642485197	2.618004163	2.672373975	2.62840386
	2.670326961	2.557288308	2.485840592	2.557288308	2.485840592
	1.960689375	2.134901428	2.109625106	2.235571831	2.244760646
	2.134901428	2.485840592	1.917872004	2.072994654	1.98364825
	2.610235941	2.683435136	2.644287729	2.644287729	2.672373975
	2.724620628	2.741675257	2.573325886	2.505369019	2.374138273
	2.072994654	2.264775986	2.264775986	2.657129825	2.556616626
	1.98364825	2.072994654	2.043804796	2.675292312	2.741675257
	2.784789315	2.710924955	2.727949246	2.796900495	2.612073348
	2.374138273	2.25400856	2.264775986	2.710924955	2.657129825
	2.496666723	2.406881353	2.115205802	2.115205802	2.675292312
	2.743428778	2.819520836	2.718110706	2.842632311	2.653446489
	2.612090335	2.25400856	2.612090335	2.406881353	2.115205802
	2.112320869	2.814217628	2.819520836	2.999568325	2.826427579
	2.95576155	2.696404775	2.612090335	2.470586665	2.298760373
	2.19583488	2.19583488	2.787428301	2.878003589	2.999568325
	2.95576155	2.700621021	2.700621021	2.331362531	2.416731815
	2.416731815	2.878003589	3.066371056	3.191719174	2.857285352
	2.571768609	2.416731815	3.007179365	3.456151851	3.053157805
	2.571768609	2.571768609	3.456151851	3.456151851	3.053157805
	3.187532652	4.037248079	3.187532652	4.70578122	1.190983898
	1.133981664	1.464967642	1.464967642	0.6335119311	1.486421589
	0.7401603981	0.6535538895	0.6335119311	1.606812365	1.015671214
	1.606812365	1.491555149	1.28359699	1.500661089	1.496325395
	1.126485046	1.501087874	1.152550618	1.501678706	1.501913813
	1.486421589	1.486421589	0.6535538895	0.6949082106	1.56101163
	1.505979198	1.350802093	1.350802093	1.332294013	1.409291658
	1.485269896	1.287243135	1.60615491	1.606812365	1.491555149
	1.491555149	1.500661089	1.500661089	1.498377415	1.501678706
	1.501087874	1.503616307	1.511705091	1.501678706	1.519454788
	1.506266332	1.508037971	1.56101163	1.56101163	0.7675269024
	1.505979198	1.529934794	0.7496714179	1.497510231	1.494478067
	1.350802093	1.515433413	1.328293896	1.676752968	1.363225507
	1.363225507	1.485269896	1.43830016	1.328293896	1.468543437
	1.505390002	1.50535635	1.506459492	1.505164436	1.494556331
	1.505164436	1.511505404	1.503243303	1.503558068	1.505390002
	1.511705091	1.511705091	1.529934794	1.522208002	1.548280785
	1.548280785	1.503743956	1.534611673	1.537772202	1.510886273
	1.511723315	0.8221486267	0.8315860958	1.503743956	1.494478067
	1.515433413	1.510886273	1.542510303	1.351589412	1.517130131
	1.640272062	1.500117328	1.510747127	1.468543437	1.529538384
	1.450259343	1.468543437	1.507542763	1.510747127	1.507542763
	1.505164436	1.502100892	1.503243303	1.506370238	1.510461633
	1.515656841	1.515656841	1.522208002	1.526327601	1.535028753
	1.548280785	1.526327601	1.530265372	0.8120765811	1.533125311
	1.510886273	1.533125311	1.532302748	1.510464807	1.51742543
	1.510464807	1.517853691	1.53397978	1.077021263	1.542510303
	1.542510303	1.505324774	1.481251825	1.500117328	1.500117328
	1.490598703	1.473674029	1.473674029	1.467626502	1.490598703
	1.490856357	1.506370238	1.505570509	1.505570509	1.507688166
	1.508559791	1.510461633	1.508979685	1.508979685	1.520340952
	1.513900663	1.522499375	1.526327601	1.530265372	1.530265372
	1.530498497	1.521351487	0.8370605997	1.301429474	1.561140774
	1.549589725	1.555084158	1.522122323	1.518401237	1.513706846
	1.507178347	1.510464807	1.555084158	1.53397978	0.8598729449
	1.488719562	1.473442737	1.491516867	1.488964184	1.50086118
	1.490598703	1.480540646	1.473674029	1.491516867	1.484174325
	1.507688166	1.507688166	1.499858468	1.50693929	1.507129179
	1.511441178	1.516438262	1.507521719	1.511317374	1.522499375
	1.520954515	1.527512951	1.526805586	1.5251898	1.5251898
	1.301429474	1.531652205	1.301429474	1.539316726	1.52228263
	0.9040032047	1.561140774	1.561140774	1.547214362	1.522206737
	1.516460749	1.520911013	1.543551468	1.535289009	1.488719562
	1.23430219	0.8598729449	1.431285234	1.460805981	1.473442737
	1.473442737	1.493641464	1.499858468	1.493641464	1.4898122
	1.484174325	1.473285303	1.484174325	1.507899386	1.507899386
	1.498665744	1.503902611	1.516438262	1.516438262	1.510214933
	1.510214933	1.523031991	1.520954515	1.527062421	1.525167472
	1.524435568	1.5251898	1.505152692	1.505152692	1.549222573
	1.6542868	1.527382258	1.505774547	0.6882257592	1.547214362
	1.52182393	1.547214362	1.542076288	1.525987142	1.525987142
	1.524435568	1.532096046	1.550915341	1.535289009	1.473450404
	1.447180752	1.23430219	1.431285234	0.6650876681	1.426172924
	1.513142348	1.451956707	1.451956707	1.471028918	1.457345937
	1.498665744	1.493641464	1.493165604	1.488331386	1.481958014
	1.481958014	1.507899386	1.505657311	1.498665744	1.513491917
	1.516388792	1.507484358	1.507484358	1.523791236	1.51926484
	1.525868748	1.525167472	1.524243723	1.52182393	1.505152692
	1.549222573	1.549222573	1.530734358	1.537386106	1.539994627
	1.519822448	0.7087796022	1.550915341	1.542076288	1.542076288
	1.525501324	1.525501324	1.525987142	1.532096046	1.536141912
	1.545254842	1.445427067	1.447765896	1.449910416	1.389503487
	1.389503487	1.426223854	1.510502605	1.447765896	1.455394539
	1.471028918	1.471028918	1.498183963	1.49049239	1.485742827
	1.485742827	1.476625996	1.496405189	1.505656404	1.516388792
	1.516388792	1.507484358	1.501030211	1.509035492	1.523791236
	1.521495982	1.525372803	1.524683697	1.527171584	1.552611675
	1.531686629	1.513621528	1.51363249	1.546870696	1.51392665
	1.511701476	0.7087796022	1.537759178	1.537744735	1.543218062
	1.531529023	1.531529023	1.534460257	1.536141912	1.536141912
	1.421968393	1.445427067	1.447765896	1.4347833	1.389503487
	1.427722666	1.427722666	1.512721764	1.450378764	1.464489567
	1.464489567	1.476625996	1.496405189	1.490675083	1.485742827
	1.483594617	1.4757722	1.501030211	1.515591578	1.515591578
	1.504706197	1.496359105	1.504405992	1.518055422	1.521495982
	1.525342688	1.527171584	1.536229085	1.517247028	1.513621528
	1.513621528	1.546870696	1.536872404	1.517740792	1.533997775
	1.533997775	0.7041627076	1.537744735	1.537759178	1.537744735
	1.536872404	1.529358077	1.531529023	1.534460257	1.536485309
	1.401057614	1.421968393	1.375998327	1.450378764	1.442467987
	1.433198586	1.404052806	1.433198586	1.427722666	1.512721764
	1.4757722	1.450378764	1.464489567	1.465649242	1.490859422
	1.485171485	1.480042376	1.480042376	1.491918224	1.511815088
	1.514824808	1.504319842	1.499755748	1.491918224	1.504319842
	1.518314561	1.523047554	1.525342688	1.526957982	1.528752175
	1.517247028	1.517434024	1.53163291	1.536872404	1.515369908
	0.6615065855	1.50001213	1.533997775	1.531680523	1.539890935
	1.539456197	1.526332137	1.52945687	1.533215993	1.528157007
	1.526433417	1.532627571	1.360092362	1.404052806	1.360092362
	1.346244698	1.449288269	1.435827231	1.435827231	1.390608077
	1.40577901	1.41771515	1.403191073	1.511146154	1.465649242
	1.449288269	1.465649242	1.485171485	1.485171485	1.480042376
	1.475046989	1.467298247	1.491918224	1.511146154	1.514824808
	1.504319842	1.498562879	1.491056258	1.503246969	1.522026972
	1.522026972	1.526957982	1.526957982	1.521178225	1.517220754
	1.515326628	1.522358941	1.53163291	1.515326628	1.504546893
	1.497553251	1.557319787	1.50001213	1.519583371	1.530040263
	1.532627571	1.527819972	1.530040263	1.528117397	1.526433417
	1.526433417	1.528117397	1.360092362	1.330821262	1.330821262
	1.309879735	1.449288269	1.435827231	1.375405395	1.403191073
	1.414997903	1.403191073	1.511146154	1.51159341	1.45947708
	1.454655102	1.436594709	1.454655102	1.486449466	1.475046989
	1.464688206	1.48609764	1.51159341	1.512554347	1.490134892
	1.503246969	1.49690656	1.503246969	1.519575107	1.520198489
	1.520198489	1.519244658	1.519391536	1.519391536	1.518597833
	1.512447062	1.507788737	1.50675589	1.497553251	1.497553251
	1.498161395	1.519583371	1.518651413	1.530040263	1.526954205
	1.530877662	1.528117397	1.524695644	1.525970228	1.37836923
	1.375405395	1.368981914	1.338974525	1.206040794	1.309879735
	1.368550873	1.436594709	1.420655788	1.40102511	1.40102511
	1.416807976	1.507125771	1.45947708	1.438152447	1.447260173
	1.438811711	1.477884894	1.467929611	1.463061964	1.480220482
	1.511261705	1.514458009	1.485246631	1.494951242	1.501214627
	1.501214627	1.518999436	1.516215653	1.520198489	1.519244658
	1.519244658	1.516737745	1.482851728	1.515612556	1.509930263
	1.508470516	1.482851728	1.506577364	1.508470516	0.7729645624
	1.518651413	1.521808659	1.525526753	1.519927755	1.519809845
	1.520571054	1.52111906	1.392774398	1.378863977	1.371441033
	1.368550873	0.6395366611	1.368550873	0.5487330846	1.417504109
	1.392774398	1.404693839	1.506174071	1.428128129	1.457487153
	1.438811711	1.438811711	1.475430904	1.472890369	1.450232438
	1.460886475	1.485246631	1.508492905	1.516215653	1.485246631
	1.494951242	1.499830028	1.499830028	1.520571054	1.517494475
	1.517494475	1.520016312	1.520058315	1.374128567	1.512065563
	1.509930263	1.509930263	1.508470516	1.49263436	1.511168529
	0.7729645624	1.460999451	1.512398532	1.513219659	1.518702954
	1.519927755	1.519927755	1.52111906	1.520571054	1.52111906
	1.398397734	1.378863977	1.378863977	1.371441033	1.369593557
	1.415124502	0.7885026845	1.370263988	1.305788241	1.417504109
	1.398397734	1.411980596	1.504925042	1.42798447	1.441675506
	1.438946697	1.446411932	1.479343522	1.456526046	1.470967543
	1.46355839	1.46355839	1.470967543	1.509250935	0.8347177593
	0.8347177593	1.514164266	1.498166132	1.481204319	1.491744831
	1.499830028	1.505745736	1.517774116	1.507928808	1.512398532
	1.474683979	1.510850543	1.504460671	1.507819765	1.501766554
	1.49263436	1.460999451	1.473174945	1.512398532	1.513219659
	1.51619171	1.520960445	1.518867642	1.507928808	1.516151295
	1.507775726	1.398397734	1.384223043	1.378812217	1.305788241
	1.362918497	1.301993862	1.358238943	1.358238943	1.254772591
	1.305788241	1.411980596	1.418394002	1.507004728	1.430281185
	1.435940257	1.435940257	1.442749771	1.483029627	1.456526046
	1.462939767	1.470967543	1.501072726	1.474199067	0.9341439733
	1.429713383	0.6167159089	1.495625801	1.4969177	1.483029627
	1.493285852	1.501072726	1.50751698	1.507928808	1.509793341
	1.474683979	1.507819765	1.507819765	1.493179807	1.499432426
	1.474199067	1.481126695	1.51042222	1.506915081	1.513413911
	1.510040065	1.510040065	1.509498478	1.503343813	1.503842827
	1.384223043	1.36234719	1.301993862	1.278076249	1.351501005
	1.358238943	1.365906576	1.278076249	1.406606056	1.400725214
	1.503766123	1.421910257	1.437500643	1.437500643	1.454495923
	1.483029627	1.468350728	1.461432855	1.454495923	1.495009479
	1.470440166	0.970534986	0.970534986	1.429713383	1.267653656
	1.498942961	1.4906036	1.480439122	1.495009479	1.505049176
	1.503141756	1.506461842	1.489248022	1.50514582	1.493179807
	1.493179807	1.480419401	1.489248022	1.49855035	1.508697113
	1.508697113	1.503141756	1.508662277	1.503343813	1.50155666
	1.500227685	1.500066056	1.378562903	1.38852086	1.365906576
	1.301247846	1.301247846	1.33676849	1.336458015	1.365906576
	1.267653656	1.29839543	1.421910257	1.416211743	1.406606056
	1.489373864	1.421910257	1.444780259	1.454495923	1.474846319
	1.474846319	1.467704722	1.461432855	1.495009479	1.470642572
	1.177524851	1.489981051	1.470967383	1.060435088	0.6244206356
	1.492700836	1.485803273	1.492239722	1.492239722	1.495768512
	1.500742203	1.489248022	1.498075975	1.495342276	1.479818154
	1.491422271	1.499291814	1.50155666	1.495632552	1.50155666
	1.500876162	1.499444967	1.500876162	1.497852902	1.386178063
	1.386178063	1.371209652	1.360203787	1.301247846	1.320240946
	1.336458015	1.336458015	1.311971355	1.320240946	1.425078171
	1.405700435	1.405700435	1.489373864	1.468610961	1.433349988
	1.444780259	1.45255224	1.474846319	1.467704722	1.449143125
	1.482970994	1.471249127	1.489981051	1.461787928	1.48266556
	1.483437797	1.387358436	0.6263810441	1.485803273	1.480415316
	1.489477075	1.489435833	1.495342276	1.491422271	1.495867624
	1.492189575	1.485096956	1.485372351	1.495420677	1.49431373
	1.496149604	1.500876162	1.497852902	1.386178063	1.377543146
	1.360203787	1.352893594	1.332516668	1.344893083	1.340027124
	1.324323213	1.324323213	1.407712802	1.409458067	1.405700435
	1.473888758	1.468610961	1.468610961	1.433349988	1.439570901
	1.447997757	1.453766607	1.447997757	1.473888758	1.48266556
	1.477906747	1.477906747	1.480014867	1.16554116	1.16554116
	0.6443516697	0.5386634811	1.272852169	1.476408475	1.489477075
	1.484812843	1.489435833	1.492189575	1.484635708	1.492823291
	1.492189575	1.484635708	1.493333423	1.490086479	1.496149604
	1.490086479	1.377543146	1.377543146	1.355510989	1.355510989
	1.335442627	1.335442627	1.312593746	1.312593746	1.272852169
	1.417807334	1.407712802	1.389513329	1.473888758	1.470039829
	1.462718454	1.435480837	1.417807334	1.447997757	1.452825513
	1.472932456	1.479204626	1.490985034	1.478689186	1.477906747
	1.474386058	1.511420648	1.242063439	1.242063439	1.25199696
	1.472932456	1.477822737	1.482574087	1.487829342	1.492823291
	1.483952516	1.487338251	1.492823291	1.479204626	1.483952516
	1.493333423	1.490086479	1.49004335	1.364025277	1.374274166
	1.355510989	1.364025277	1.335739455	1.335442627	1.293738571
	1.312593746	1.293738571	1.4240321	1.415158172	1.399181219
	1.380418803	1.462819926	1.463000407	1.457860761	1.462819926
	1.444440407	1.4240321	1.444440407	1.472932456	1.450476549
	1.475453734	1.479204626	1.467965646	1.475244226	1.450476549
	1.25199696	1.377160291	1.47556863	1.479458212	1.47556863
	1.487444277	1.488795203	1.487338251	1.478358551	1.478358551
	1.485336335	1.484987604	1.380418803	1.380418803	1.364025277
	1.338028357	1.362775743	1.330724831	1.330724831	1.320237345
	1.306651285	1.297509924	1.4240321	1.412057725	1.395196064
	1.462819926	1.45650643	1.444620475	1.466098839	1.444440407
	1.425927049	1.432972556	1.468965882	1.459715058	1.483040186
	1.475453734	1.475943149	1.470841971	1.37530029	0.6259007549
	1.278274757	1.444620475	1.47556863	1.47677984	1.479458212
	1.48038021	1.482212593	1.480512053	1.477220019	1.475799241
	1.479285176	1.379098236	1.369821309	1.362775743	1.3517713
	1.331172486	1.33958731	1.330724831	1.320237345	1.329059584
	1.412057725	1.395196064	1.395196064	1.459773086	1.44063421
	1.459773086	1.437822081	1.426022845	1.468965882	1.457360976
	1.457360976	1.457360976	1.478524969	1.475803269	1.323353449
	0.6356896934	1.272857462	1.324566539	1.272857462	1.449004797
	1.462104987	1.44063421	1.475270898	1.473532388	1.473429252
	1.479200984	1.482212593	1.475322546	1.475322546	1.473571019
	1.471195126	1.475270898	1.385310977	1.366803309	1.358240602
	1.3517713	1.33958731	1.33958731	1.329059584	1.403519357
	1.403519357	1.385310977	1.449004797	1.452895607	1.430797074
	1.409093945	1.461061275	1.472249784	1.475145437	1.497165833
	1.475145437	1.472249784	1.350751196	0.6356896934	1.259804117
	1.259804117	1.294096383	1.433899506	1.452895607	1.402652347
	1.437831767	1.475270898	1.469515876	1.472237078	1.472237078
	1.470580292	1.466275167	1.463092624	1.465086782	1.468637159
	1.378192094	1.354038096	1.354038096	1.339396348	1.330236271
	1.403519357	1.378192094	1.421418381	1.436866886	1.452895607
	1.409093945	1.458151236	1.472249784	1.456501312	1.475145437
	1.626733673	1.664321801	1.260267685	1.307192267	1.259804117
	1.267931629	1.458151236	1.403913437	1.436866886	1.46120419
	1.465086782	1.472237078	1.470580292	1.465414008	1.461435076
	1.463092624	1.462773717	1.468637159	1.378192094	1.354038096
	1.307192267	1.340950611	1.33893959	1.39296785	1.372866051
	1.428041102	1.436866886	1.449330748	1.409356506	1.46120419
	1.457730134	1.456501312	1.320590753	1.260267685	1.297295098
	1.317864486	1.25204354	1.25204354	1.450206369	1.397781701
	1.426883686	1.45845246	1.45845246	1.461681615	1.462559313
	1.462424801	1.461689145	1.461435076	1.460078084	1.372866051
	1.361168906	1.317864486	1.340950611	1.385516803	1.373686574
	1.417440587	1.436452518	1.450206369	1.417440587	1.455330117
	1.320590753	1.457730134	1.457901098	1.339225226	0.5448715501
	1.311107339	1.311107339	1.129541045	1.309426343	1.396869806
	1.43831023	1.431630031	1.45845246	1.460078084	1.457901098
	1.457143189	1.457143189	1.456585569	1.460078084	1.373686574
	1.361168906	1.334007028	1.389167051	1.396869806	1.417440587
	1.433580654	1.416607985	1.445141105	1.445356603	1.457901098
	1.446951772	1.434407699	1.249713078	0.6644142602	1.337012469
	1.349817389	1.387586985	1.387586985	1.396869806	1.43831023
	1.433580654	1.234924256	1.446522374	1.450670809	1.451905531
	1.45794278	1.451905531	1.361903169	1.349817389	1.349817389
	1.388119283	1.400031977	1.424774924	1.436272954	1.413561137
	1.445141105	1.445356603	1.450670809	1.446951772	1.411173503
	1.175916108	1.175916108	1.36058446	1.387586985	1.36058446
	1.398926158	1.436272954	1.420571217	1.174126586	1.440920115
	1.451146003	1.451905531	1.445894879	1.3765888	1.367597316
	1.389322963	1.398926158	1.420571217	1.419960276	1.398926158
	1.440920115	1.430680844	1.43882195	1.438049154	1.445346248
	1.28582333	1.323050396	1.36058446	1.31511617	1.349599865
	1.197707431	1.440920115	1.437388908	1.434521091	1.367597316
	1.358267276	1.389322963	1.403080123	1.419960276	1.419960276
	1.403080123	1.42726899	1.42155619	1.436854503	1.43504076
	0.5609040351	1.346651715	1.349599865	1.344239494	1.43814739
	1.436854503	1.434521091	1.434521091	1.425185662	1.37970834
	1.369043447	1.37970834	1.403080123	1.41557214	1.404529411
	1.41557214	1.43504076	0.5892034737	1.347158484	1.347158484
	1.146065953	1.427346048	1.425185662	1.392161801	1.391965253
	1.401009709	1.415953353	1.416968004	1.401009709	1.405004544
	1.47582254	1.362023741	1.347158484	1.391817518	1.432874798
	0.9499157512	1.405868347	1.405868347	1.394870998	1.401009709
	1.416031719	1.405004544	1.405004544	1.47582254	0.7033209963
	1.386672008	1.368606529	1.405868347	1.394870998	1.402099335
	1.402099335	0.8998194274	1.37619481	1.368606529	1.423714711
	1.37619481	0.8164062761	0.6946652219	0.7214155736	