5884	
	1.999794881	2.000246644	2.000246644	2.001807237	2.000917643
	1.99839489	1.996006415	2.001807237	2.000387369	1.99839489
	1.99839489	1.993515305	2.001721735	2.001721735	2.001817689
	2.000989406	2.000387369	1.99841001	1.993515305	1.993515305
	2.00171147	2.002200095	2.00171147	2.00478556	2.000349204
	2.000547489	2.000547489	1.995971454	1.991479849	2.002655322
	2.00452319	2.00171147	2.00478556	2.008284879	2.005359228
	2.001071338	1.998488623	1.995205471	1.995205471	1.998438576
	1.998181504	2.001144881	1.994986511	2.008284879	2.008135577
	1.998277295	2.005359228	2.008135577	2.005359228	2.001071338
	2.001071338	2.002561171	1.995205471	1.990189885	1.989017627
	2.000982405	1.995271994	1.994986511	1.994986511	2.014365836
	2.005492058	2.022952998	1.998535751	1.983903429	2.006797005
	2.020271578	2.006797005	2.002561171	2.025553669	2.007639036
	1.994832868	1.99268948	1.986379972	1.995271994	1.998535751
	1.990188297	2.003613778	2.025552021	2.025552021	2.036014286
	1.975863411	1.978437694	2.020271578	2.020271578	2.02083701
	2.007639036	2.025553669	2.006280593	1.998873618	1.990941253
	1.986379972	2.003613778	1.996778304	1.973183779	2.029241154
	2.003792693	2.036014286	2.025552021	2.03527675	2.036014286
	2.039749864	1.978437694	1.978437694	2.036476873	2.017919262
	2.016052948	2.052644775	2.036476873	1.998873618	2.01859496
	1.998873618	1.986606398	1.986606398	2.003792693	1.993079858
	1.973183779	2.029241154	2.03527675	2.042720627	2.027934382
	2.05620189	2.05620189	1.968278425	1.953662195	2.071832087
	2.071832087	2.036476873	2.040789025	2.05960225	2.063453516
	2.03679935	2.009915442	2.009915442	2.063453516	1.995886352
	1.981562033	1.982740644	1.962978496	2.00733443	1.994177338
	2.027934382	2.072650027	2.065416931	2.034814613	2.099647771
	2.072650027	1.93991695	1.93991695	2.104975136	2.104975136
	2.099647771	2.050666574	2.063453516	2.03679935	2.025704155
	2.009915442	2.100348433	1.981562033	1.981562033	1.955693309
	1.940631164	1.968844406	1.998225282	2.00733443	2.034814613
	2.093938298	2.034814613	2.065416931	2.128103501	2.102177138
	2.153504441	1.936835219	1.91790936	2.104975136	2.150041893
	2.118577329	2.182094823	2.057268625	2.066600898	2.048221693
	2.048221693	2.011124552	2.100348433	2.100348433	1.989456349
	1.963573979	1.939670927	1.945307576	1.999864119	1.973276132
	2.026728575	2.026728575	2.102177138	2.065318658	2.065318658
	2.153504441	2.120454557	2.153504441	1.936835219	1.91790936
	2.150041893	2.182094823	2.234563889	2.200314696	2.150041893
	2.152286773	2.093833188	2.063318894	2.0335003	2.009528077
	2.11243237	2.118925299	1.980909008	1.980909008	1.939670927
	1.945307576	1.945307576	2.019317894	1.973276132	2.019317894
	2.074243805	2.120454557	2.10275515	2.042236647	2.150301369
	2.120454557	2.146652228	2.227267876	1.910592718	1.880441799
	2.234563889	2.172726857	2.200314696	2.234563889	2.200314696
	2.199855279	2.11243237	2.064615217	2.012138243	2.009528077
	2.11243237	2.153949295	1.970510464	1.970510464	1.896715626
	1.915465622	1.947507757	1.981513104	2.012405561	2.075761989
	2.10275515	2.10275515	2.042236647	2.006865599	2.20074691
	2.20074691	2.147143255	2.227267876	2.272387363	1.880441799
	1.880441799	2.285000151	2.182088166	2.222244816	2.285000151
	2.231271253	2.188204589	2.064615217	2.064615217	2.035050764
	2.032004527	2.100946665	2.182088166	1.998567266	1.916219909
	1.872237793	1.901351517	1.940867748	1.976651745	2.006865599
	2.006865599	2.075761989	2.129947546	2.077412181	2.071183007
	2.20074691	2.196764097	2.159713282	2.273434274	2.29260447
	2.29260447	1.848787277	1.901351517	1.848787277	2.331706333
	2.331706333	2.197794302	2.233323537	2.308811524	2.29239764
	2.255470894	2.255470894	2.102336512	2.035050764	2.035050764
	1.990627741	2.141048276	2.181095596	1.945902682	1.872237793
	1.872237793	1.901351517	1.961359618	1.961359618	2.019287258
	2.028846547	2.124450133	2.124450133	2.071183007	2.223332987
	2.193061743	2.193061743	2.273434274	2.3393814	2.316434503
	1.882948613	1.848787277	1.860140585	1.841040511	2.372223472
	2.372223472	2.403427508	2.364963412	2.331706333	2.310912902
	2.180279313	2.304573633	2.304573633	2.255470894	2.26060925
	2.10587753	2.06981404	2.06981404	1.945902682	2.140390165
	2.192652263	1.945902682	1.839778004	1.807132624	1.947827268
	1.975186337	1.978621937	2.019287258	2.161896979	2.055904429
	2.124450133	2.224163853	2.194296753	2.194296753	2.281248763
	2.367936281	2.281248763	2.360354079	2.402738026	1.902394055
	1.876960999	1.842712941	1.842712941	1.808006699	2.372223472
	2.414478262	2.402738026	2.402699229	2.435623376	2.372132112
	2.353843271	2.192652263	2.336367275	2.336367275	2.27658335
	2.328125916	2.10587753	2.06981404	2.020629191	2.030822759
	2.111211493	2.192652263	1.911139563	1.959546179	1.846738973
	1.844214201	1.978267819	2.000182861	1.978267819	2.065729958
	2.14545102	2.091924936	2.14545102	2.030645155	2.259887174
	2.194296753	2.360354079	2.262573073	2.313918375	2.185046434
	2.417467022	2.403504562	2.388340517	2.368813775	2.402738026
	1.939723687	1.904002999	1.869304036	1.834280227	1.833971493
	1.792837736	2.392308898	2.417467022	2.417467022	2.402699229
	2.414478262	2.402699229	2.435623376	2.372132112	2.416106477
	2.363064783	2.230885624	2.297425473	2.336367275	2.297425473
	2.107299449	2.107299449	2.016596115	2.157131147	2.206870285
	2.016596115	1.911139563	1.959546179	1.846738973	1.817267109
	1.978267819	2.000182861	2.085239422	2.14545102	2.134531495
	2.082652448	2.027642587	2.208951972	2.23699242	2.353378112
	2.262573073	2.242724089	2.213431357	2.345747769	2.345747769
	2.354473266	2.380242248	2.380242248	2.346419005	1.904002999
	1.869304036	1.869304036	1.806963244	1.822157943	1.792243707
	2.13157281	2.382817008	2.382817008	2.469273792	2.469273792
	2.487449812	2.430712339	2.463204083	2.430712339	2.364462862
	2.409446933	2.466114911	2.415682098	2.247729429	2.331411606
	2.364462862	2.364462862	2.107299449	2.016596115	2.247729429
	2.157131147	2.169866388	2.053953709	1.999327307	1.872489119
	1.944833674	1.791265769	1.698302149	1.950815931	1.989945549
	2.134531495	2.082652448	2.082652448	2.027642587	2.027642587
	1.748255551	2.067816953	2.208951972	2.31556216	2.242724089
	2.313782844	2.242724089	2.174116083	2.352391393	2.315401299
	2.315401299	2.380242248	2.31556216	1.907152513	1.867084446
	1.822157943	1.793114406	1.793114406	1.76975181	2.662847227
	1.798939686	2.231509721	2.342696235	2.382817008	2.469273792
	2.517822447	2.517822447	2.466114911	2.499516596	2.415682098
	2.409446933	2.466114911	2.415682098	2.247729429	2.331411606
	2.381607393	2.110682435	2.11314973	2.218113478	2.274734616
	2.218113478	2.053915347	1.999327307	1.852225824	1.852225824
	1.76536439	1.698302149	1.904796696	1.98308378	2.182750677
	2.135070526	2.07483697	2.05069708	2.013298674	2.550303186
	1.623599957	2.067816953	2.21376394	2.327605999	2.313782844
	2.235338407	2.263524983	2.182750677	2.182750677	2.315401299
	2.21376394	2.332142614	2.227515015	2.339782538	1.904796696
	1.853508471	1.834053448	1.793114406	1.788754169	1.76975181
	2.888583058	2.231509721	2.342696235	2.404391696	2.404391696
	2.483538647	2.500811681	2.496471661	2.496471661	2.501968834
	2.424056334	2.455596764	2.369719779	2.381607393	2.369719779
	2.11314973	2.102164739	2.314337674	2.21363673	2.053915347
	1.974049368	1.76536439	1.902322363	1.76536439	1.735591729
	1.904515524	1.924092786	2.069133169	2.146626515	2.069133169
	2.01846133	1.978661011	2.550303186	1.569890615	2.025144074
	2.068516406	2.251943326	2.261712412	2.180028364	2.12250794
	2.181570388	2.255920152	2.227515015	2.227515015	2.181570388
	1.853508471	1.87699832	1.853508471	1.802342617	1.762173323
	1.773029259	1.762173323	3.101712861	2.105353028	2.490648024
	2.490648024	2.505709352	2.522163601	2.545000492	2.49748787
	2.455596764	2.429642338	2.455596764	2.358265165	2.396966869
	2.367602006	2.276560881	2.102164739	2.102164739	2.21363673
	2.04302313	2.046477916	1.902322363	1.832114108	1.885907617
	1.735591729	1.713534207	1.87699832	1.904515524	1.946410408
	2.069133169	2.12250794	2.079808529	2.01846133	1.990195876
	1.969905904	2.340785086	1.543434471	2.068516406	2.068516406
	2.21416662	2.109173327	2.181570388	2.21416662	2.186956713
	2.15801501	1.87699832	1.861839772	1.802342617	1.802342617
	1.764147884	1.74373765	1.726584107	3.462830137	2.273623979
	2.490648024	2.505709352	2.505709352	2.49748787	2.546318693
	2.49748787	2.477311902	2.472743012	2.396966869	2.573732109
	2.276560881	2.377102031	2.377102031	2.276560881	2.430569137
	2.156787294	2.220770341	2.022766614	2.093755942	1.961531592
	1.797022133	1.797022133	2.050505995	1.795918429	1.685732209
	1.847749941	1.946410408	2.050505995	2.109173327	2.031951288
	2.006873157	1.953743055	1.969905904	2.527008815	1.542144893
	1.922323342	2.025601519	2.102930945	2.047756466	2.102930945
	2.038855888	2.192946809	2.15801501	1.847749941	1.843104151
	1.807470564	1.828557537	1.777994827	1.74373765	1.74373765
	1.718660793	3.396695014	2.310504318	2.640135391	2.635074967
	2.615585684	2.587856219	2.615585684	2.46988704	2.477311902
	2.542942142	2.548082734	2.220770341	2.324071384	2.377102031
	2.408522716	2.093755942	2.22350397	2.02214064	2.093755942
	1.961531592	2.147959562	1.797022133	1.868266077	1.669943311
	1.545917873	2.047756466	1.887818922	1.863724207	2.031951288
	2.0531905	1.964713254	1.940604072	1.905060055	2.527008815
	1.524606066	1.922323342	2.038855888	2.102930945	2.047756466
	2.086994088	2.086070437	1.828557537	1.829943114	1.787169854
	1.780724184	1.828557537	1.777994827	1.718660793	1.731501504
	1.754656508	2.46988704	3.701724983	2.50057336	2.659401385
	2.698917495	2.615585684	2.596703481	2.469071786	2.548082734
	2.343885402	2.457988031	2.324071384	2.33985898	2.324071384
	2.22350397	2.089387125	2.0149704	1.938472406	2.089387125
	1.767519913	1.767519913	1.653387739	1.653387739	2.012053047
	2.023001094	1.873306666	1.964713254	1.964713254	1.940604072
	1.859101459	2.441068234	1.577744344	1.970815192	2.042282858
	2.086070437	2.025099074	1.847667035	1.847667035	1.780724184
	1.776854666	1.780724184	1.811192802	1.739228346	1.754656508
	1.750611683	1.754656508	2.476623584	2.518435229	3.989920768
	2.820464057	2.753651573	2.753651573	2.596703481	2.596703481
	2.590144112	2.387851965	2.448401116	2.531851272	2.286292216
	2.286292216	2.220268816	2.089387125	2.007791511	1.855640419
	2.220268816	1.75943429	1.855640419	1.645170719	1.529741083
	1.941737546	1.98960196	1.926942841	1.82477878	1.941737546
	1.898212223	2.441068234	1.909280025	1.952113653	1.952113653
	1.98960196	1.796438383	1.847667035	1.765655564	1.776854666
	1.754348838	1.754348838	1.757536554	1.763394911	1.741258194
	1.708917491	1.731149134	1.7575941	2.590144112	3.989920768
	2.735126194	2.753651573	2.82932224	2.69983557	2.69983557
	2.448401116	2.531851272	2.531851272	2.477669228	2.361407373
	2.286292216	2.220268816	2.068970876	2.007791511	1.852246924
	2.069560076	1.754316395	1.852246924	1.754316395	1.525855126
	1.941737546	1.926942841	1.926942841	1.818441607	1.820910353
	1.868777899	2.800307342	1.898199783	1.921629527	1.952113653
	1.906768164	1.818441607	1.795380456	1.795380456	1.818441607
	1.735710727	1.754348838	1.763394911	1.763222725	1.737007101
	1.729219788	1.741715177	1.731149134	1.731149134	1.762377426
	2.642176223	2.716414601	4.004518194	2.751464937	2.82932224
	2.784116235	2.784116235	2.384376988	2.417577494	2.477669228
	2.642176223	2.268373109	2.343009302	2.217479583	2.085838301
	2.085838301	2.010302303	2.085839148	1.754316395	1.844507774
	2.008320977	1.645301418	1.64231667	1.921629527	1.884522169
	1.888651208	1.779993674	1.868777899	1.884522169	2.701540837
	1.930634371	1.86803242	1.930634371	1.86803242	1.763222725
	1.792082952	1.795380456	1.741698459	1.735710727	1.730029534
	1.740002661	1.737007101	1.721857469	1.733248548	1.729219788
	1.739082469	1.745446442	1.739082469	1.762377426	1.762377426
	2.662920454	2.722032832	2.832163768	4.446384163	3.215789949
	2.880183169	2.832163768	2.417577494	2.417577494	2.567901668
	2.561656694	2.398830042	2.329665792	2.305505078	2.228441236
	2.008320977	2.083059886	2.008320977	2.083059886	1.852377951
	1.75688539	1.933684719	1.664615318	1.664615318	1.914657259
	1.844012989	1.762680629	1.779993674	1.844012989	2.732589049
	1.930634371	1.86803242	1.905678063	1.737766535	1.735010506
	1.741698459	1.766053232	1.740002661	1.740002661	1.704925388
	1.716561058	1.726953107	1.708081057	1.745004095	1.753318793
	1.70966704	1.753745239	1.753745239	2.722032832	2.800833865
	2.991294309	4.520293306	3.29265342	2.991294309	2.459230617
	2.573802534	2.557500259	2.762434358	2.376092336	2.300874287
	2.228441236	2.012492871	2.083059886	2.159852515	2.163929335
	2.163929335	1.762818979	1.860932353	1.862420462	1.664615318
	1.762818979	1.688147595	1.688147595	1.845199026	1.78091578
	1.762680629	1.799391467	2.732589049	1.902296925	1.905678063
	1.845199026	1.726953107	1.686698135	1.795538648	1.762159155
	1.731214553	1.691631264	1.704925388	1.745254414	1.727485523
	1.691631264	1.716561058	1.716561058	1.753648478	1.71893495
	1.727524416	1.727524416	1.723717683	1.753270862	1.757016903
	1.757568155	1.720281015	2.800962659	2.800833865	3.204005489
	4.816396914	3.203008131	2.459230617	2.557500259	2.557500259
	2.800962659	2.573802534	2.300874287	2.293844454	2.295914876
	2.016573617	2.080856343	2.152457644	2.23546036	1.762818979
	2.031013448	1.881089275	1.881089275	1.818390629	1.818390629
	1.715942293	1.845199026	1.856349802	3.149942665	1.914220088
	1.937083232	1.686698135	1.773621825	1.686698135	1.746428711
	1.731214553	1.691631264	1.71918821	1.709088109	1.698419363
	1.698419363	1.756325626	1.757568155	1.71893495	1.727524416
	1.71918821	1.729673639	1.756224559	1.751442846	1.757568155
	2.800962659	3.074191191	3.203008131	4.816396914	2.465838282
	2.785919708	2.573666184	2.898350608	2.785919708	2.293844454
	2.293844454	2.23546036	2.031013448	2.152457644	2.152457644
	2.12937603	2.244495265	1.9713573	2.031013448	1.881089275
	1.856349802	1.611643234	1.821469456	1.84482506	1.84482506
	1.937083232	1.773621825	3.210026022	2.003097615	1.738504235
	1.780538065	1.780538065	1.729601804	1.703445022	1.733540049
	1.709088109	1.709088109	1.727560025	1.758598918	1.74755298
	1.772040238	1.725002143	1.72067764	1.7498812	1.725002143
	1.737561324	1.753971807	3.074191191	3.074191191	4.838624073
	2.465838282	2.782972473	2.465838282	2.667848914	2.93994011
	2.38295984	2.383627168	1.9713573	2.0309107	2.179462105
	2.251561005	2.133535241	2.194142647	1.991327167	1.789154853
	1.753242128	2.035892185	1.84482506	1.757303862	1.764010365
	2.036205635	1.959914577	1.861988689	3.227590699	1.695539239
	1.703445022	1.780538065	1.773757226	1.73276357	1.703445022
	1.733540049	1.72067764	1.727560025	1.775782162	1.786135873
	1.774816941	1.779105468	1.72067764	1.7498812	1.771157934
	1.785246702	1.722884676	2.93994011	3.309149212	4.838624073
	2.38295984	2.56167462	2.782972473	2.563241716	3.101547547
	2.38295984	2.318854738	2.392542572	2.090047473	2.251561005
	2.179462105	2.21534028	2.21534028	2.090047473	2.10879315
	1.829598326	1.829598326	1.914712592	2.039343995	2.054098843
	1.777047751	1.782508496	1.782508496	1.780764527	1.959914577
	1.959914577	1.84024324	3.303370184	1.74117394	1.729875165
	1.83145263	1.773757226	1.737300802	1.747847507	1.711517044
	1.711517044	1.767750488	1.744550981	1.773693155	1.775782162
	1.775782162	1.786135873	1.801960656	1.786358527	1.778312127
	1.786358527	1.79675716	1.806457896	3.346633547	3.346633547
	5.133642295	2.573430967	2.93226747	2.681918465	2.93226747
	3.090107796	2.392542572	2.346635697	2.573430967	2.215246169
	2.285991354	2.215246169	2.346635697	2.172856635	2.172856635
	1.875755011	1.875755011	1.953790393	2.077571914	2.117116084
	2.080624834	1.808171319	1.766507762	1.782508496	1.778342234
	1.813527136	1.954648753	1.864859481	1.954648753	3.658932762
	1.725510699	1.729875165	1.766275874	1.898536228	1.854353316
	1.737898913	1.775925515	1.775925515	1.779150274	1.791693197
	1.790056362	1.801960656	1.79675716	1.80263395	1.800917864
	1.758909141	1.793371045	1.83036491	3.346633547	6.280293259
	2.573430967	2.796731257	2.93226747	2.796731257	3.090107796
	2.49215918	2.49215918	2.215246169	2.243687268	2.367535771
	2.285991354	2.465390507	2.199433488	1.865400236	1.875755011
	1.880753168	2.115489012	2.168158185	2.168158185	1.813933298
	1.837730736	1.807169674	1.817541967	1.84760792	1.838282687
	1.954648753	2.053272367	3.314806888	1.766275874	1.766275874
	1.938594046	1.854353316	1.800729953	1.83036491	1.803097966
	1.791693197	1.791693197	1.76520092	1.848803301	1.866026346
	1.866890699	1.866890699	1.836877104	1.841438559	1.83036491
	1.836877104	1.823289066	1.846827512	3.115166255	4.925070014
	2.575851603	2.791971355	2.796731257	2.788311292	3.107428807
	2.49215918	2.267623086	2.335130076	2.282866701	2.367535771
	2.465390507	2.267623086	2.267623086	2.57644199	1.927624614
	2.03024844	2.03024844	2.089814477	2.199671967	2.199671967
	1.825715274	1.837730736	1.863783109	1.851751568	1.838282687
	1.865653589	1.865653589	1.884057748	2.053272367	3.314806888
	1.828156384	1.791805837	2.023730671	1.841617292	1.803097966
	1.791805837	1.841617292	1.848803301	1.881015183	1.900074926
	1.929357312	1.884590682	1.884590682	1.846827512	1.859722107
	1.908177902	1.869776479	3.243131999	4.934577009	2.788257666
	2.77516617	2.77516617	2.896491863	2.478133866	2.57644199
	2.336421346	2.36793515	2.386807873	2.478133866	2.255041989
	2.336421346	2.57644199	2.70332138	2.030502595	2.030502595
	2.03024844	2.173590555	2.173590555	2.199671967	2.268247549
	2.3549623	1.871960199	1.89019733	1.919535254	1.833297124
	1.869784882	1.900299928	1.880231609	1.919535254	1.952329443
	1.963632858	1.952329443	1.884057748	1.865653589	1.917965655
	1.884057748	2.023730671	3.219855836	1.890696426	1.843906497
	1.950594102	1.832172166	1.841617292	1.876193572	1.813530818
	1.904460739	1.950118611	1.929357312	1.900074926	1.974170495
	1.884590682	1.89709515	1.908177902	1.947776167	3.17252303
	4.753686453	2.754912852	2.861646544	2.987135507	2.478133866
	2.572855377	2.442664668	2.442664668	2.490377157	2.50097116
	2.310124638	2.572855377	2.627480815	2.584907086	2.163951397
	2.030502595	1.98775152	2.163951397	2.173590555	2.332057384
	2.250885962	2.310124638	2.3549623	2.367669928	1.896160736
	1.911967116	1.92142015	1.880231609	1.879712861	1.921943316
	1.896160736	1.994075419	1.976190479	1.982651115	1.997116591
	1.936510629	1.963632858	1.950239247	1.963632858	1.997038856
	1.994075419	1.941343367	1.917965655	1.917965655	1.964134771
	1.96570922	3.318849117	1.847572102	1.910588748	1.910588748
	1.858416734	1.876193572	1.876193572	1.880427383	1.941343367
	1.950118611	2.000907592	1.974170495	1.960720653	1.953755985
	1.960720653	1.947776167	3.129059806	4.753686453	2.861646544
	2.754912852	2.987135507	2.555431595	2.442664668	2.487272254
	2.555431595	2.669438548	2.669438548	2.595884481	2.19685022
	2.198121066	2.160599662	2.130100738	2.349636323	2.234471223
	2.313763486	2.313763486	2.367669928	2.455487397	2.367669928
	1.896160736	1.911967116	1.926967559	1.893942379	1.950278466
	1.971145916	1.939927117	1.994075419	1.987849611	1.993605725
	1.983449675	1.950239247	1.974287658	1.952496556	2.003858909
	2.003858909	2.000824875	2.000804902	2.001791451	1.993135922
	1.997173311	1.994045952	1.980303025	1.979514159	1.979514159
	1.932019497	3.086255011	1.858416734	1.910588748	1.858416734
	1.884905723	1.955991238	1.917386041	2.003865764	1.994045952
	2.043601765	2.022758686	1.960720653	1.997949907	2.014943262
	3.072153001	4.696507912	2.862569942	2.732303237	2.867227463
	2.555431595	2.455487397	2.487272254	2.679849964	2.595884481
	2.595884481	2.19685022	2.19685022	2.231407454	2.202011121
	2.177440105	2.349636323	2.349636323	2.329143139	2.329143139
	2.491825492	2.41084867	2.459110337	1.957015088	1.957015088
	1.948464575	1.950278466	1.982575263	1.971145916	1.950870284
	1.997966251	1.988180173	1.988180173	1.984968541	1.968262819
	1.968262819	1.996928654	2.000824875	1.999764492	2.001791451
	2.001932599	2.000502724	2.001932599	1.997920964	1.997173311
	1.998685263	1.994045952	1.995739167	1.979514159	2.005643365
	1.882423073	3.086255011	1.910732861	1.894416372	1.910732861
	1.997949907	2.008137095	2.008137095	1.956903579	2.022758686
	2.043601765	2.01862695	2.043601765	2.061462586	2.061462586
	2.002187228	2.867227463	4.461391188	2.762764683	2.732303237
	2.780613528	2.623162714	2.536470154	2.623162714	2.580935798
	2.41296695	2.649527611	2.322398114	2.296959937	2.239498457
	2.206019013	2.227150588	2.218307142	2.40401817	2.336420499
	2.329143139	2.536470154	2.46518535	2.46864725	1.957015088
	1.988837732	1.988837732	1.982575263	1.982575263	2.034933907
	1.977866671	1.999830963	1.999830963	1.984968541	1.976845136
	1.984446841	1.996928654	1.998685263	1.997825673	1.99866871
	1.999522631	2.001932599	1.999448068	2.0046233	1.998685263
	2.030806582	2.034933907	2.071948134	1.728319756	2.966341189
	1.910732861	1.951793756	1.956903579	2.052636168	2.008137095
	2.016207535	2.073551858	2.053245289	2.094162444	2.094162444
	2.061462586	2.07970832	2.69952768	3.933084477	2.738082072
	2.640933974	2.780613528	2.580935798	2.546337336	2.565229746
	2.529620398	2.433058426	2.433058426	2.609832287	2.322398114
	2.322398114	2.296959937	2.305154407	2.227150588	2.218307142
	2.218307142	2.640933974	2.40401817	2.389685938	2.546337336
	2.49474244	2.506280411	1.977866671	2.012793235	1.993160095
	2.080912855	2.051145089	1.98992326	2.051145089	1.99972574
	1.999830963	1.996457162	1.996457162	2.017195771	2.009543176
	2.004203214	2.002893572	1.99866871	1.99866871	2.004731941
	2.001445319	2.001445319	2.0046233	2.005373931	2.009543176
	2.071948134	2.071948134	1.728319756	2.686177664	1.986923697
	1.945554315	1.986923697	2.098172271	2.052636168	2.024256508
	2.105886375	2.121312075	2.112959431	2.119154238	2.156671142
	2.130416664	2.69952768	3.657988376	2.640933974	2.611967232
	2.565229746	2.565229746	2.415629995	2.506280411	2.471930167
	2.471930167	2.573894949	2.390156719	2.390156719	2.349508099
	2.332654344	2.333628064	2.313485586	2.314732329	2.576461258
	2.437537549	2.437537549	2.535893646	2.499976471	2.506280411
	2.012050586	2.12097296	2.012793235	2.01376632	2.08356468
	2.051145089	2.03346037	2.03346037	2.012050586	2.030177093
	2.034818197	2.017195771	2.021121292	2.024481947	1.994588698
	1.998568383	2.006179076	1.998568383	2.005373931	2.013171489
	2.021121292	2.013171489	2.121312075	1.945554315	3.001958524
	1.986923697	1.900010391	2.014623029	2.130416664	2.098172271
	2.056722587	2.148389503	2.144298981	2.112959431	2.188049758
	2.188049758	2.168976723	2.68774456	3.567277607	2.660468754
	2.611967232	2.550121546	2.532919606	2.527173896	2.471930167
	2.454685487	2.454685487	2.550121546	2.389590689	2.390156719
	2.349508099	2.349508099	2.332654344	2.313485586	2.357520166
	2.313485586	2.507055787	2.437537549	2.535893646	2.524579886
	2.509620683	2.524579886	2.150479341	2.150479341	2.027387142
	2.032459299	2.12097296	2.069182448	2.069182448	2.091976826
	2.061004354	2.065097275	2.166736865	2.034818197	2.065140274
	2.034818197	2.021121292	1.994708713	1.99960727	2.003442856
	2.009318518	2.027119293	2.015673945	2.024479194	2.024479194
	2.182675591	1.900010391	2.724307312	2.014623029	1.860145147
	2.014623029	2.08679737	2.168072684	2.168072684	2.082758296
	2.182675591	2.191766767	2.220014622	2.232921261	2.201073378
	2.429509081	3.316919355	2.507055787	2.509040907	2.532919606
	2.532919606	2.497370254	2.461666417	2.475619201	2.48524555
	2.44596255	2.392653407	2.392653407	2.412409309	2.398024669
	2.3927494	2.39868729	2.357520166	2.48524555	2.469930548
	2.44596255	2.508028067	2.524579886	2.497370254	2.483287019
	2.503636182	2.207646367	2.166736865	2.042447249	2.042447249
	2.152375228	2.069182448	2.091976826	2.15068795	2.053527902
	2.053527902	2.078212785	2.06767869	2.053907302	1.99960727
	2.001239848	2.010644935	2.006340417	2.034421943	2.027119293
	2.024693284	2.024693284	2.207646367	2.222431913	1.555576545
	2.724307312	1.976521991	1.880759408	2.101172735	2.242988903
	2.180023102	2.213311831	2.222431913	2.220014622	2.220014622
	2.242276552	2.25399761	3.040563852	2.388085758	2.388085758
	2.518392524	2.462328591	2.491493254	2.475619201	2.48524555
	2.434565629	2.417269471	2.417269471	2.437199632	2.430119865
	2.428407753	2.3927494	2.427366609	2.4365358	2.47115113
	2.455049846	2.463521927	2.511731968	2.518392524	2.511731968
	2.486300831	2.472823957	2.480011803	2.207646367	2.1898054
	2.077452584	2.15068795	2.136928845	2.177243467	2.177243467
	2.098826285	2.076495653	2.129763541	2.098826285	2.06798261
	2.001239848	2.001239848	2.063358906	2.020640447	2.031674306
	2.024693284	2.269766661	2.261993019	2.261993019	1.47895066
	2.544854363	1.976521991	1.93184369	2.072722414	2.242276552
	2.213311831	2.200627919	2.284126135	2.282908577	2.242276552
	1.963433915	3.040563852	2.388085758	2.209555603	2.451090924
	2.472131688	2.476934226	2.414454252	2.454892417	2.454892417
	2.45407732	2.462085447	2.458227118	2.428407753	2.428407753
	2.456540092	2.310287585	2.463345804	2.473595703	2.463345804
	2.511731968	2.451090924	2.476946543	2.45960351	2.45960351
	2.480011803	2.262642487	2.250109828	2.097939555	2.097939555
	2.202326913	2.167535115	2.190320522	2.098826285	2.1421931
	2.134205574	2.085572937	2.004444285	2.006268498	2.006268498
	2.063358906	2.063358906	2.020640447	2.031674306	2.269766661
	2.324973664	2.324973664	2.269766661	1.93184369	2.325947154
	2.03498215	1.97318298	2.232128585	2.278370963	2.272698777
	2.232128585	2.284126135	2.313172278	2.313172278	2.209555603
	2.674035581	2.22735327	2.22735327	2.405172835	2.463622427
	2.462250073	2.371992783	2.473595703	2.47485003	2.49785541
	2.481447476	2.504240886	2.480848337	2.496072873	2.492469507
	2.310287585	2.453482749	2.467040075	2.473595703	2.450843413
	2.433030379	2.388675432	2.45960351	2.43743418	2.421127897
	2.462250073	2.432821687	2.250109828	2.231514065	2.097939555
	2.141966978	2.163162202	2.229466328	2.190320522	2.190320522
	2.163162202	2.085572937	2.102378082	2.005804233	2.006268498
	2.013409819	2.021509126	2.061952514	2.051279857	2.026156429
	2.309830954	2.313317496	2.341335196	2.351217285	1.97318298
	2.457307746	2.142264351	1.97318298	2.232128585	2.278370963
	2.296911568	2.296911568	2.313172278	2.322074169	1.867918327
	2.587356485	2.22735327	2.00275683	2.371992783	2.463622427
	2.371992783	2.467040075	2.47485003	2.481447476	2.534387477
	2.528644653	2.480848337	2.550839032	2.480848337	2.475096731
	2.478507222	2.241976465	2.450843413	2.467040075	2.450843413
	2.420928028	2.396363128	2.343601985	2.403314866	2.396363128
	2.379625341	2.397097893	2.432821687	2.303351564	2.250616959
	2.250616959	2.109190764	2.141966978	2.179413303	2.199828609
	2.199828609	2.126491918	2.102378082	2.082608902	2.082608902
	2.008078637	2.008078637	2.015595602	2.015595602	2.069719585
	2.047764346	2.059330062	2.303351564	2.350739533	2.333677746
	2.385821499	2.351217285	1.551281483	2.393957733	2.065535531
	2.087168476	2.232723783	2.332525066	2.357501468	2.356822549
	2.349788052	2.397481624	2.38996631	2.00275683	2.587356485
	2.043474116	2.043474116	2.226486366	2.225561567	2.434532887
	2.472297427	2.489365865	2.496249441	2.548354972	2.575206023
	2.575206023	2.572514499	2.494800185	2.49692715	2.478507222
	2.478507222	2.052828388	2.420928028	2.456431813	2.434532887
	2.420928028	2.396363128	2.339454348	2.3288975	2.356382502
	2.379625341	2.397097893	2.342612861	2.318172557	2.281471467
	2.24190027	2.281471467	2.167204567	2.179413303	2.179413303
	2.134690626	2.134690626	2.089386782	2.342254892	2.008263274
	2.008263274	2.015595602	2.025444818	2.045518904	2.045518904
	2.089386782	2.385821499	2.350739533	2.367757372	2.396643136
	2.396643136	1.658648527	2.610168097	2.232723783	2.232723783
	2.370322895	2.397481624	2.423439121	2.397481624	2.412378422
	1.913077205	1.913077205	2.628708509	2.052828388	2.132522982
	2.225561567	2.42990931	2.445719013	2.497936873	2.503624281
	2.631600295	2.575206023	2.621243585	2.572514499	2.572514499
	2.500070181	2.456431813	1.997829179	2.132522982	2.40102253
	2.456431813	2.40102253	2.348275035	2.319864177	2.226197808
	2.127157954	2.226197808	2.319864177	2.338158598	2.295357008
	2.342612861	2.342612861	2.310577878	2.281471467	2.252253317
	2.252253317	2.192300469	2.219226104	2.134690626	2.182293875
	2.089386782	2.367757372	2.34624175	2.003217056	2.005574625
	2.016799508	2.045518904	2.05875609	2.05875609	2.114363888
	2.424760992	2.367757372	2.396643136	2.426990889	2.118218102
	2.77128776	2.182721563	2.182721563	2.370322895	2.412378422
	2.444943835	2.424209524	2.43924675	2.444943835	1.913077205
	1.913149313	2.421128327	1.997829179	2.132522982	2.374307172
	2.538169441	2.538169441	2.656002355	2.656002355	2.6607424
	2.581313455	2.564234155	2.51079037	2.45206154	2.478836192
	1.997829179	2.055648377	2.347690865	2.348275035	2.45206154
	2.394657402	2.374307172	2.347690865	2.344116757	2.256846049
	2.127157954	2.226197808	2.125715282	2.287430135	2.320647409
	2.174363176	2.270928349	2.270928349	2.310577878	2.270795687
	2.246299066	2.219560196	2.219560196	2.140080832	2.198225312
	2.15436474	2.364090476	2.34624175	2.000022268	2.016799508
	2.016799508	2.034938068	2.060307464	2.062767503	2.114363888
	2.429240586	2.432842581	2.432842581	2.426476079	1.802459486
	2.849491153	2.234124993	2.343449495	2.35599823	2.458561276
	2.45535032	2.441637679	2.45535032	1.405277411	1.74411229
	2.216849695	1.809397722	1.956821255	2.538169441	2.548469895
	2.716063474	2.656002355	2.65262898	2.621240176	2.621240176
	2.613245341	2.568210486	2.542710482	2.460506503	2.45206154
	2.401473022	1.935418755	1.952162531	2.324683324	2.313036555
	2.335957881	2.336518139	2.315913289	2.22052735	2.058897306
	2.185776418	2.185776418	2.174363176	2.234445014	2.174363176
	2.270928349	2.214736834	2.298027939	2.270795687	2.246299066
	2.246299066	2.208357437	2.15436474	2.15436474	2.364747521
	2.364747521	2.001427801	2.001427801	2.034938068	2.034938068
	2.060307464	2.088215629	2.126330788	2.432842581	2.432861107
	2.432861107	1.802459486	3.233344878	2.321696831	2.332543233
	2.466586178	2.45070359	2.45535032	2.508280789	2.500496513
	1.375549941	1.791117556	2.122821573	1.854651762	1.952162531
	2.542710482	2.779592472	2.779592472	2.71448141	2.773101806
	2.71027402	2.483630551	2.613245341	2.547737209	2.547737209
	2.401473022	2.401473022	2.333610413	1.798433782	1.781844993
	2.265000981	2.315913289	2.336518139	2.336518139	2.169756982
	2.169756982	2.058897306	2.058897306	2.123051921	2.115320966
	2.115320966	2.153525265	2.153525265	2.139828051	2.188927993
	2.32849628	2.244750773	2.244750773	2.16204606	2.383394856
	2.397967439	2.366320879	1.986514343	1.993538694	2.008243297
	2.026065546	2.088215629	2.088215629	2.170656352	2.462169343
	2.485904292	2.433219091	2.44944569	1.951554835	3.233344878
	2.321696831	2.474537951	2.455955809	2.506749155	2.500496513
	2.566649847	1.342464194	1.62752658	2.122821573	1.678462519
	1.804822952	2.43679859	2.155955411	2.881976748	2.779592472
	2.784111085	2.773101806	1.866598237	2.71027402	2.703682878
	2.487981963	2.592472446	2.53588044	2.392498119	2.363614443
	2.333610413	1.798433782	1.798433782	2.155955411	2.248241
	2.267796826	2.169756982	2.050736134	2.072216374	1.901271792
	2.042481266	2.048940025	2.03959292	2.153525265	2.072216374
	2.236436758	2.28243232	2.244750773	2.170656352	2.385880856
	2.372089647	2.287845649	1.981811476	1.981811476	1.989024589
	2.026065546	2.062889518	2.136914377	2.141929778	2.386796331
	2.490460073	2.507534639	2.487866687	2.174790772	3.520147475
	2.474537951	2.474537951	2.581273426	2.555825278	2.57333592
	2.554993145	2.57961124	1.346273904	1.678462519	2.120949236
	1.678462519	1.804822952	1.866598237	2.155955411	2.1794038
	2.836128453	2.881593466	2.881593466	2.765022998	2.703682878
	1.901271792	2.595923621	2.595923621	2.392498119	2.53588044
	2.53588044	2.324912798	2.280956209	2.280956209	1.714660561
	1.627822805	2.092115271	2.1794038	2.037593228	1.99652614
	2.037593228	1.985349806	1.985349806	1.928327496	1.967432411
	1.951715087	1.979292214	2.225617782	2.250827561	2.225617782
	2.336078869	2.386796331	2.287845649	2.386796331	1.96672835
	1.989024589	1.989024589	2.056528147	2.056528147	2.101366417
	2.141896427	2.554993145	2.426974182	2.426974182	2.174790772
	4.436884638	2.644709728	2.581273426	2.581273426	2.57333592
	2.554993145	2.498960519	2.533883931	2.627499539	1.27581138
	1.526477182	2.320532181	1.621586393	1.714660561	1.796684065
	1.753701345	2.061260943	2.213103657	2.324912798	3.025541335
	2.981590773	2.967880844	2.967880844	2.72567216	2.702007283
	1.928327496	2.595923621	2.361344175	2.461412095	2.324912798
	2.188427986	2.107501341	1.624935974	1.576789433	2.05373272
	2.01989558	2.037593228	1.979101974	1.911572824	1.979292214
	1.938262868	1.928327496	1.9252856	1.979292214	1.744682188
	2.394299289	2.179772333	2.225617782	2.336078869	2.281783315
	2.394299289	1.949652274	1.974828714	1.974828714	2.004669743
	2.004669743	2.141896427	2.141896427	2.438365562	2.426974182
	2.507685238	2.644709728	3.800686978	2.598359507	2.678396469
	2.618340699	2.533883931	2.502579717	2.502579717	2.641103152
	1.316067233	1.526477182	2.120391764	1.576789433	1.653197911
	1.653435799	1.744682188	2.05373272	2.140890453	2.26367594
	2.26367594	1.555694015	3.989824091	3.056216099	3.201020183
	2.86393476	3.056216099	2.628712734	2.628712734	2.520440675
	1.818685584	2.461412095	2.188427986	2.188427986	2.012026109
	2.012026109	1.576789433	2.05373272	1.973768037	1.952574011
	1.964911172	1.918371777	1.911572824	1.840897898	1.890387158
	1.873707981	1.79775308	1.888991826	1.744682188	2.384376282
	2.232361539	2.232361539	2.272698225	2.278132791	2.355403781
	1.908447141	1.90454366	1.9415703	2.004669743	1.986985825
	2.087327633	2.191287026	2.191287026	2.416799177	2.416799177
	2.472197818	2.758735595	3.800686978	2.782136297	2.678396469
	2.813667871	2.641103152	2.558531151	2.472197818	2.502579717
	2.685046185	1.316067233	1.527630435	2.120391764	1.529816694
	1.606394314	1.653435799	1.653435799	1.606394314	2.26367594
	2.294591079	1.79775308	1.555694015	2.520440675	3.989824091
	3.989824091	3.056216099	3.190959026	2.636189913	2.852670976
	2.628712734	2.324444834	1.704953014	2.294591079	2.083139342
	2.07490192	1.985010817	1.939128759	1.939128759	1.529816694
	1.890777326	1.864302964	1.849122944	1.829950521	1.918371777
	1.840897898	1.840897898	1.869122636	1.821150798	1.79775308
	1.62985017	2.355403781	2.259159933	2.259159933	2.355403781
	1.84377931	1.84377931	1.9415703	1.986985825	2.032295592
	2.032295592	2.197727155	2.14142906	2.416799177	2.472197818
	2.80431612	4.261873948	2.782136297	2.802231398	2.454370263
	2.802231398	2.603690367	2.603690367	2.564766559	2.507361347
	2.652251571	1.417051813	1.527630435	2.264688114	1.484680629
	1.606394314	1.542076869	1.498414543	1.533660374	1.483094271
	2.294591079	1.712880024	1.513453348	2.387395067	4.709250588
	3.47419356	3.186054359	2.852670976	2.773506225	2.492738323
	2.567985067	2.492738323	2.387395067	2.324444834	1.650293473
	2.17735977	2.034287666	1.999188732	1.999188732	1.957598515
	1.939128759	1.823985221	1.422516941	1.414104853	1.890777326
	1.793210354	1.770283241	1.829950521	1.808486667	1.769659311
	1.745069847	1.689714095	1.786532755	1.650293473	1.676341525
	1.689714095	1.62985017	1.498414543	2.365352415	2.327279226
	2.251434113	1.84377931	1.924057228	1.974786671	2.251434113
	1.974786671	2.016084169	2.082296097	2.082296097	2.323058024
	2.310057761	2.80431612	4.261873948	2.950593039	2.954696864
	2.452943727	2.477227743	2.68475084	2.603690367	2.509477882
	2.68475084	1.367140484	1.482801779	2.264688114	1.422516941
	1.469781419	1.454704908	1.498414543	1.483094271	2.787838779
	2.787838779	2.393780381	2.492738323	2.440951497	2.329315008
	2.2012658	2.158880712	1.569457579	2.011914946	2.037752015
	1.999188732	1.852803096	1.802408641	1.803000959	1.414104853
	1.414104853	1.407596691	1.793210354	1.770283241	1.770283241
	1.730219636	1.736121403	1.745069847	1.627418757	1.689714095
	1.652277484	1.526215185	1.676341525	1.526215185	1.366813504
	2.323058024	2.251434113	1.805268821	2.19751773	1.823502415
	1.956570221	2.19751773	2.016084169	2.009512959	2.082296097
	2.396307689	2.310057761	2.310057761	3.306456076	4.881292685
	2.950593039	2.849441071	2.535864307	2.396307689	2.771926535
	2.535864307	2.709431406	1.335137598	1.4118647	2.455838941
	1.4118647	1.421458552	1.407596691	1.400460073	2.393780381
	2.13863999	2.282619042	2.440951497	2.104729577	2.13863999
	1.569457579	1.9208601	1.962305975	1.902986803	1.803000959
	1.787615323	1.803000959	1.352673346	1.358599467	1.352673346
	1.407596691	1.745743055	1.724422996	1.651544072	1.662126915
	1.63253067	1.63253067	1.602870602	1.604034271	1.545494715
	1.53778957	1.526215185	1.514412085	1.421458552	1.319134518
	1.394318775	2.251364516	2.200371543	1.821399182	2.124854664
	1.791275583	1.886355563	2.129710617	2.009512959	2.009512959
	2.325079362	2.334592522	2.315778199	2.254958235	3.159335405
	4.881292685	3.040736913	2.790070394	2.790175628	3.040736913
	2.535864307	2.476421826	2.476421826	2.709431406	2.629096319
	2.698816901	1.376018381	1.387880841	2.505468295	1.387880841
	1.400460073	1.362094038	1.400460073	2.050242362	2.185118973
	2.104729577	2.040737011	2.040737011	1.473251402	1.9208601
	1.9208601	1.668020343	1.813842836	1.765349368	1.733609704
	1.783742186	1.315585348	1.352673346	1.362578253	1.280265681
	1.297658547	1.294285841	1.632043096	1.651544072	1.651544072
	1.602870602	1.56968082	1.56968082	1.602870602	1.545494715
	1.485640281	1.524098247	1.473251402	1.46055105	1.361420565
	1.294285841	1.267847346	1.361420565	2.200371543	2.124854664
	1.791275583	2.124854664	1.791275583	1.862028027	1.915971301
	1.915971301	2.334592522	2.334592522	2.254958235	2.200448448
	3.200362627	4.906878015	3.028135509	2.790175628	2.960372089
	2.401888905	2.637475576	2.476421826	2.401888905	2.4689159
	2.637475576	2.592451287	2.716368659	1.396244446	1.387880841
	2.441809675	1.362578253	1.289865354	1.289865354	1.473251402
	1.865443913	1.668020343	1.621467105	1.815859458	1.768521285
	1.718474723	1.309288914	1.334253853	1.249200079	1.256959796
	1.297658547	1.294285841	1.574399413	1.632043096	1.646910632
	1.489651065	1.461368081	1.451263301	1.494662425	1.487799802
	1.475411153	1.457050511	1.41593638	1.46055105	1.46055105
	1.361420565	1.267847346	1.249200079	1.301258775	2.183768646
	2.060504409	1.761079445	1.982540987	1.76498777	1.844462142
	1.915971301	2.178490938	2.112015171	2.200448448	3.289920716
	4.906878015	3.289920716	2.960372089	2.847634403	2.269678638
	2.340091279	2.519413403	2.43221112	2.519413403	2.739022782
	1.396244446	1.490733389	2.524011156	1.377916908	1.352949924
	1.273686633	1.289865354	1.270612887	1.310405589	1.249200079
	1.26505645	1.272780353	1.525929606	1.538823094	1.489651065
	1.457050511	1.400704607	1.391873249	1.475411153	1.424052298
	1.457050511	1.38391087	1.38391087	1.345168808	1.301258775
	1.219408684	1.217361932	1.237103162	1.22699086	1.22120553
	1.299008414	2.055753835	2.055753835	1.648751775	1.900062489
	1.818073728	1.820307019	2.19152856	2.179545625	2.112015171
	2.042092453	5.338807715	3.289920716	3.610563695	3.159472458
	2.979096919	2.847634403	2.726412162	2.269678638	2.342955328
	2.520028672	2.43221112	2.520028672	1.377916908	1.491301593
	2.191737989	1.379487296	1.27545683	1.223616678	1.226467541
	1.22699086	1.211057008	1.481433429	1.435760709	1.400704607
	1.391873249	1.391873249	1.172037944	1.370740504	1.312641362
	1.40452556	1.330653983	1.330653983	1.245353858	1.183229932
	1.237103162	1.283073595	1.20338956	1.183122027	1.20338956
	1.245022756	1.183832083	1.223616678	2.042092453	1.871981171
	1.610751711	1.800396069	1.800396069	2.192141069	2.122008386
	2.122008386	2.042964649	2.031562174	5.338807715	3.101386792
	3.835354289	3.101386792	3.102991351	2.838412002	2.726412162
	2.726412162	2.264826284	2.4366236	2.524898701	2.34138043
	2.4366236	2.520028672	1.379487296	1.455924502	2.127259979
	1.351949644	1.190643493	1.190643493	1.396817766	1.393136403
	1.157130628	1.183122027	1.312641362	1.312641362	1.310986944
	1.240213044	1.275451502	1.204588699	1.158159228	1.171443096
	1.283073595	1.20338956	1.224084861	1.183122027	1.205708252
	1.152105601	1.156152038	1.871981171	1.871981171	1.681179607
	1.779956876	2.192141069	2.192141069	1.9981362	1.9981362
	1.9981362	5.072919704	3.307486058	3.169207051	3.101386792
	2.954421851	2.973122453	2.856303534	2.739708639	2.624599315
	2.264826284	2.624599315	2.445043091	2.445043091	1.382117733
	1.506098528	2.512184202	1.382117733	2.512184202	1.171443096
	1.309461618	1.15741904	1.157130628	1.147502763	1.309461618
	1.275451502	1.310986944	1.240952533	1.237895973	1.20518739
	1.142793838	1.234922885	1.224084861	1.224084861	1.17409587
	1.138354271	1.151208094	1.155015165	1.149412014	1.149412014
	1.867961002	1.776386292	1.671286663	1.664146783	2.200588078
	2.120768404	1.956145929	1.956145929	5.036921761	3.307486058
	2.984145734	2.954421851	2.952286454	2.742371728	2.739708639
	2.539681072	2.274977053	2.369925374	2.445043091	2.200588078
	1.382117733	1.425667248	1.425667248	1.310646031	1.310646031
	1.39075262	2.4403385	1.12071059	1.15741904	1.134010569
	1.271614547	1.237895973	1.175949584	1.237895973	1.150807275
	1.12071059	1.118542271	1.17409587	1.284427996	1.236941402
	1.236941402	1.124030947	1.130334841	1.140099253	1.151208094
	1.129573719	1.135240801	1.149412014	1.861000521	1.656206569
	1.530687712	1.530687712	2.200588078	2.036245023	2.123767089
	1.956145929	2.03121642	1.873111091	5.194829029	3.263525929
	3.122818861	2.95003906	2.984145734	2.742371728	2.742371728
	2.751851936	2.540793255	2.37503289	2.290220117	2.37503289
	2.290220117	1.444152631	1.285688278	1.358277422	1.444152631
	1.368509636	2.4403385	1.112863323	1.12662322	1.202986416
	1.177415758	1.176644549	1.135201943	1.118542271	1.118542271
	1.124030947	1.108821568	1.172416875	1.242371192	1.242371192
	1.118495278	1.140099253	1.142237743	1.156660934	1.135201943
	1.13082478	1.129573719	1.108173724	1.656129293	1.65233925
	1.530687712	2.060913052	1.879416786	2.036245023	2.061746093
	1.879416786	1.787212559	4.680621817	3.137748564	3.200839019
	2.802886533	2.802886533	2.802886533	2.733783933	2.642324573
	2.550152206	2.37503289	2.477186047	2.290220117	2.23726873
	2.238363204	2.379057415	2.444503989	1.358277422	1.310716101
	1.402813234	1.340744508	1.404304498	1.368509636	1.105863096
	1.176644549	1.135201943	1.115306378	1.104447503	1.098870675
	1.211877863	1.242371192	1.22796561	1.105863096	1.125118035
	1.142237743	1.142237743	1.199191169	1.117949302	1.11169514
	1.107525816	1.108173724	1.651823098	1.651823098	1.97923965
	1.879416786	1.962922603	1.787212559	1.787212559	2.092333882
	4.680621817	3.137748564	4.26854683	4.019368044	3.137748564
	2.793283113	2.793283113	2.803724904	2.813515707	2.642522867
	2.662653522	2.49188115	2.49188115	2.395942872	2.23726873
	2.256864191	2.188348482	4.019368044	2.420709525	1.508894158
	1.470624298	2.134296862	1.340744508	1.404304498	1.351190137
	1.346546781	1.404304498	1.470624298	1.105863096	1.115306378
	1.098870675	1.271974224	1.211877863	1.22796561	1.107916651
	1.199191169	1.114523866	1.103640109	1.114523866	1.125118035
	1.146305631	1.168402182	1.199191169	1.109485291	1.107916651
	1.102647819	1.528125228	1.793726942	1.97923965	1.907064639
	1.701255535	2.02312504	2.119601065	3.059749824	2.949249305
	2.932596571	2.867595048	2.949249305	2.793283113	2.715945969
	2.74030438	2.724714338	2.595834219	2.510892407	2.510892407
	2.395942872	2.256864191	2.279808585	2.119601065	2.551099622
	3.498888684	2.134296862	2.113365716	2.184346157	2.210175165
	2.245488582	2.39567194	2.30625047	1.508894158	1.506357773
	1.470624298	1.506168586	1.324917132	1.404427818	1.371005843
	1.412928346	1.102598628	1.27156477	1.233379742	1.279549666
	1.105726971	1.233379742	1.114523866	1.110253265	1.149955605
	1.156551307	1.184516626	1.214868171	1.20549969	1.105726971
	1.102598628	1.581350614	1.907064639	1.907064639	1.701255535
	1.942398309	2.02312504	2.119601065	2.871656226	2.721422418
	2.867595048	2.62499818	2.721422418	2.674000481	2.667066386
	2.595834219	2.595834219	2.49793403	2.402425593	2.402425593
	2.279808585	2.208947715	2.148425733	3.257070936	3.145971157
	2.623044396	2.339231864	2.623044396	2.478569592	2.339231864
	2.614718272	2.327821081	1.485991503	1.544952036	1.636524396
	1.338967044	1.436585535	1.369763918	1.362235515	1.506168586
	1.531726838	1.45905895	1.558531252	1.346379278	1.346379278
	1.394945548	1.410475014	1.481313343	1.102598628	1.31363008
	1.233379742	1.105726971	1.232945538	1.130555534	1.124662562
	1.156551307	1.149955605	1.207827115	1.218060698	1.282686785
	1.108443644	1.108801405	1.727710851	1.942398309	1.732381884
	2.045976253	2.045976253	2.151828584	2.682835134	2.721422418
	2.64448974	2.62499818	2.7245458	2.659920025	2.674000481
	2.54154041	2.54154041	2.466514955	2.402425593	2.291651251
	2.291651251	2.216150718	2.151828584	2.47976912	1.97638448
	1.858572892	1.507447362	2.129709953	1.595846096	2.430050055
	2.47976912	1.845126038	1.558531252	1.632692909	1.636524396
	1.786267753	1.743513062	1.743513062	1.531726838	1.531726838
	1.541565995	1.636466026	1.35541734	1.346379278	1.369621596
	1.410475014	1.410475014	1.481313343	1.108801405	1.31363008
	1.112040078	1.282686785	2.550313622	1.138689911	1.172207683
	1.143361732	1.209294303	1.321782318	1.24802362	1.116508467
	1.137990843	1.126758285	1.662232649	1.986576578	1.662232649
	1.986576578	2.092633111	2.6430535	2.6430535	2.64448974
	2.611316804	2.659920025	2.659920025	2.612237564	2.440909929
	2.437426483	2.381239118	2.17716775	2.34562754	2.283554198
	2.17716775	2.342932058	2.245751123	2.155124592	1.845126038
	2.044964609	2.507673575	2.42205604	1.958156806	1.632692909
	1.764213485	1.800815379	1.786267753	1.958156806	1.541565995
	1.563499807	1.541565995	1.537074497	1.705707967	1.391183076
	1.364350132	1.393909609	1.468207546	1.537074497	2.479546553
	1.137990843	2.550313622	1.338927888	2.550313622	1.138689911
	1.191562833	1.208726325	1.239734633	1.364778562	1.284643055
	1.126758285	1.137990843	1.126758285	1.662232649	1.941615042
	1.810246374	1.941615042	2.204373561	2.6430535	2.663787194
	2.611316804	2.516307479	2.620102014	2.532260514	2.620102014
	2.437426483	2.34562754	2.45203591	2.293438057	2.34562754
	2.204373561	2.42205604	2.245751123	2.095272337	2.155124592
	2.104433647	2.42205604	1.958156806	1.802686032	1.802686032
	1.933950133	1.943821072	1.691332595	1.640430974	1.537074497
	1.705707967	1.772585933	1.460042317	1.460042317	1.382501136
	1.555165801	2.481780371	1.191601303	2.532260514	1.382501136
	1.382501136	2.504434213	1.364778562	1.191601303	1.191562833
	1.239734633	1.239734633	1.343205479	1.144515553	1.163195031
	1.161903371	1.715283033	1.941615042	1.855034247	1.983923622
	2.183756677	2.577759332	2.63401643	2.588609505	2.590741056
	2.481780371	2.588880258	2.584859783	2.532260514	2.588880258
	2.451780953	2.416242967	2.293438057	2.344687669	2.260032924
	2.325727251	2.248331245	2.120475666	2.120475666	2.104433647
	2.395326123	2.02481151	1.802686032	1.891767877	2.02481151
	1.754908065	1.555165801	1.772585933	1.772585933	1.499033253
	1.509404393	1.512980539	1.651807101	2.481780371	2.445168016
	1.191601303	1.446290047	1.446290047	2.451780953	1.274559355
	1.444811348	1.257297054	1.265738689	1.312868892	1.18968656
	1.189814341	1.2177529	1.769552898	2.019919407	2.019919407
	2.183195794	2.183756677	2.538702124	2.588609505	2.554311218
	2.500756324	2.588880258	2.533663098	2.566201396	2.451780953
	2.416242967	2.416242967	2.339769658	2.299186982	2.315891861
	2.315891861	2.183292963	2.249645829	2.373864221	2.121342491
	2.02481151	1.891767877	1.99605304	1.743410321	1.754908065
	1.651807101	1.830332387	1.9177201	1.624448273	1.580731724
	1.512980539	1.512980539	1.651807101	2.465480903	2.365546306
	1.217708656	1.444811348	2.50495636	1.312868892	1.368715612
	1.444811348	1.257297054	1.347808963	1.400542388	1.48522371
	1.219334654	1.217708656	1.25090041	1.833293907	2.019919407
	2.016294702	2.167067801	2.167067801	2.500756324	2.538702124
	2.567308398	2.465480903	2.566201396	2.50495636	2.537626698
	2.428478665	2.427529199	2.395011882	2.339769658	2.299186982
	2.302477503	2.203018868	2.183292963	2.183292963	2.302477503
	2.088078371	1.998860313	2.088078371	2.203018868	1.773301175
	1.687631222	1.915756289	1.915756289	1.998860313	1.646964013
	1.577064443	1.646964013	2.465480903	2.359196859	1.217708656
	1.400542388	1.48522371	1.300261657	1.405296583	1.400542388
	1.59066123	1.251078192	1.25090041	1.254177039	1.896641049
	2.113545303	2.066520581	2.167067801	2.276198018	2.495072674
	2.526090519	2.541694009	2.495072674	2.512106694	2.51441555
	2.470901348	2.529769776	2.402103292	2.402103292	2.405059634
	2.366533116	2.302477503	2.239837536	2.348152631	2.070959875
	2.137264458	2.302627745	1.687631222	1.82237426	1.732104669
	1.915756289	2.039184889	2.039184889	1.59066123	1.646964013
	1.683578904	1.822147387	2.448713235	2.413588424	1.300261657
	2.442641438	1.516562198	1.516562198	1.349027394	1.405296583
	1.469651212	1.59066123	1.254177039	1.33704868	1.333436967
	2.066520581	2.199896127	2.066520581	2.238224892	2.276198018
	2.538461193	2.517553857	2.529769776	2.498627721	2.507759757
	2.454089187	2.507759757	2.34314146	2.402103292	2.366533116
	2.348152631	2.348152631	2.205060481	2.11656283	2.302627745
	2.248265355	1.873028396	1.886808547	1.873028396	2.11656283
	1.970142343	2.039184889	1.683578904	1.683578904	1.79949108
	2.399023738	2.469243174	1.33704868	2.442641438	1.516562198
	1.524026844	1.394697869	1.493206816	1.538149917	1.624697689
	1.288946061	1.33704868	1.333436967	2.094984171	2.238224892
	2.175186766	2.238224892	2.336111025	2.387410974	2.510487754
	2.500542173	2.504042038	2.517553857	2.475759367	2.507759757
	2.501474931	2.393817177	2.42119979	2.499333392	2.303938826
	2.399023738	2.11656283	2.303938826	2.26622293	2.239477673
	1.886808547	1.886808547	2.012394093	2.091574652	2.012394093
	2.010420857	1.763234422	1.763234422	1.838730941	2.389551057
	1.394697869	2.484131923	1.624697689	1.56308924	1.434896572
	1.540787057	1.540787057	1.646891174	1.33155303	1.376460707
	1.376460707	2.175186766	2.247443873	2.175186766	2.247443873
	2.35569808	2.425018932	2.425018932	2.499333392	2.504042038
	2.475759367	2.450083947	2.502615185	2.451661805	2.451661805
	2.487791488	2.499333392	2.350960566	2.389551057	2.202465216
	2.324398877	2.239477673	1.923134392	1.994791386	2.010420857
	2.067209881	2.010420857	2.174815496	1.763234422	1.838730941
	1.838730941	2.387973512	1.434896572	1.63145004	1.700255269
	1.479628586	1.540787057	1.63145004	1.759068629	1.371327103
	1.419892988	1.419892988	2.216120283	2.247443873	2.216120283
	2.35569808	2.35569808	2.425018932	2.424531625	2.486633593
	2.486282955	2.43494242	2.43494242	2.487791488	2.471239606
	2.479122888	2.486633593	2.324398877	2.178896077	2.248384
	2.174815496	2.03128743	2.036423367	2.174815496	2.117331987
	1.758317617	1.897648292	2.014614249	2.387973512	1.479628586
	1.683926703	1.552063945	1.596937716	1.683926703	1.747859245
	1.747859245	1.459141311	1.516001501	1.467543581	2.216120283
	2.286198268	2.275109248	2.393508398	2.424531625	2.435452679
	2.424531625	2.486633593	2.4379268	2.43494242	2.479122888
	2.471239606	2.480977103	2.475799978	2.33970466	2.271495281
	2.208492842	2.206299739	2.014614249	2.142712852	1.897648292
	2.014614249	2.375760449	1.585422667	1.590744972	1.654867346
	1.698429122	1.775256479	1.804752264	1.942669969	1.459141311
	1.527495865	1.516113084	2.27149882	2.374946117	2.365395404
	2.374946117	2.440177598	2.462231798	2.440177598	2.464664894
	2.44983806	2.405134443	2.405134443	2.482928522	2.482928522
	2.483031826	2.464664894	2.271495281	2.232831706	2.157595673
	2.073370137	2.069861986	2.01179067	2.375760449	1.590744972
	1.642320667	1.699814796	1.775203606	1.851324191	1.908307943
	2.01179067	1.557994881	1.626916117	1.614711873	2.365395404
	2.402952905	2.365395404	2.402952905	2.440177598	2.471450633
	2.492912945	2.464664894	2.432559064	2.403055932	2.482928522
	2.497066984	2.465397716	2.483814117	2.319467137	2.214007882
	2.207980576	2.1319452	2.01179067	2.342569895	1.642320667
	1.642320667	1.762423486	1.827997728	1.888211735	2.030595572
	2.030595572	1.602239903	1.618187277	1.618187277	2.412956673
	2.404095378	2.441434601	2.433917446	2.492488139	2.492912945
	2.492488139	2.435805054	2.403055932	2.403055932	2.477917901
	2.506719933	2.498479794	2.490464233	2.342569895	2.245480358
	2.16499792	2.16499792	2.342569895	1.68552711	1.762423486
	1.762423486	1.841794761	1.971905492	2.030595572	2.126164031
	1.652379845	1.618187277	1.652379845	2.412956673	2.441434601
	2.441434601	2.501933207	2.492488139	2.506719933	2.532692033
	2.537707663	2.426143838	2.453924059	2.426143838	2.490464233
	2.520266137	2.498479794	2.406602005	2.245480358	2.245480358
	2.16499792	2.368747834	1.752494742	1.822775416	1.822775416
	1.971905492	1.971905492	2.062965737	2.217208981	1.702830442
	1.736948043	1.702830442	2.476609838	2.476830997	2.476830997
	2.523670342	2.523670342	2.532692033	2.52397717	2.532343235
	2.537707663	2.458675562	2.497359287	2.459114665	2.391831574
	2.319296579	2.217208981	2.319296579	1.736948043	1.991647624
	1.866348476	2.285361597	1.991647624	2.0602371	2.140762426
	2.217208981	1.702830442	1.784923471	1.817787066	2.487476754
	2.512034281	2.512034281	2.575494951	2.554573891	2.57271158
	2.533808709	2.549205369	2.533808709	2.459114665	2.436714767
	2.386656017	2.319296579	1.91191743	1.991647624	1.91191743
	2.285361597	2.285362692	2.0602371	2.167952035	1.805484949
	1.817787066	1.817787066	2.548583571	2.563251518	2.537946815
	2.610302868	2.563251518	2.585204882	2.63903989	2.576766945
	2.576766945	2.505068833	2.505068833	2.43437419	2.43437419
	1.959839755	2.091794208	1.959839755	2.295511185	2.295511185
	2.190907488	2.091794208	1.862517719	1.887030086	1.862517719
	2.548583571	2.563251518	2.579134405	2.642447735	2.628372502
	2.628372502	2.670293064	2.576766945	2.488132838	2.557266369
	2.413996593	1.959839755	2.091794208	1.972698472	2.262058942
	2.413996593	2.235564722	1.862517719	1.96068777	1.932692557
	2.579134405	2.642447735	2.617961793	2.672345385	2.628372502
	2.670293064	2.557266369	2.485822663	2.557266369	2.485822663
	1.96068777	2.13489752	2.109618833	2.235564722	2.244753077
	2.13489752	2.485822663	1.917869302	2.072988152	1.983642737
	2.610189426	2.683399513	2.644245378	2.644245378	2.672345385
	2.724591436	2.741639477	2.573304283	2.505350627	2.374123843
	2.072988152	2.26476523	2.26476523	2.657106159	2.556596426
	1.983642737	2.072988152	2.04379671	2.675248536	2.741639477
	2.784751975	2.710897134	2.727917089	2.796866356	2.612048232
	2.374123843	2.253996337	2.26476523	2.710897134	2.657106159
	2.496647262	2.406863557	2.115195426	2.115195426	2.675248536
	2.743388875	2.819482349	2.718081692	2.842599126	2.653422924
	2.612067506	2.253996337	2.612067506	2.406863557	2.115195426
	2.112309751	2.814179003	2.819482349	2.999534398	2.826398339
	2.95573083	2.696379412	2.612067506	2.470567325	2.298744147
	2.195820822	2.195820822	2.78738813	2.877965284	2.999534398
	2.95573083	2.700595866	2.700595866	2.331345311	2.416712437
	2.416712437	2.877965284	3.066335331	3.191688513	2.857258662
	2.571746388	2.416712437	3.007143158	3.456118848	3.053129499
	2.571746388	2.571746388	3.456118848	3.456118848	3.053129499
	3.187505046	4.037213909	3.187505046	4.705746876	1.191057059
	1.134028927	1.464933324	1.464933324	0.6335260743	1.486377868
	0.7402053522	0.6535534833	0.6335260743	1.606739404	1.015805099
	1.606739404	1.491478929	1.283725205	1.500561077	1.496228335
	1.126608269	1.501033349	1.152577877	1.501626389	1.501870035
	1.486377868	1.486377868	0.6535534833	0.6948973467	1.560944439
	1.505915801	1.350749408	1.350749408	1.332178577	1.409354516
	1.485165352	1.28732876	1.606072964	1.606739404	1.491478929
	1.491478929	1.500561077	1.500561077	1.498288757	1.501626389
	1.501033349	1.50355058	1.511644752	1.501626389	1.519401008
	1.506210511	1.507978364	1.560944439	1.560944439	0.7675209426
	1.505915801	1.529872434	0.7497070658	1.497437162	1.49440436
	1.350749408	1.515340418	1.328223167	1.676783179	1.363065709
	1.363065709	1.485165352	1.438071966	1.328223167	1.468355968
	1.505319054	1.505245691	1.506379041	1.505082732	1.494457903
	1.505082732	1.511450302	1.503187174	1.503495836	1.505319054
	1.511644752	1.511644752	1.529872434	1.522145565	1.548213071
	1.548213071	1.503683628	1.534547017	1.537705926	1.510803587
	1.511632009	0.8221151084	0.8315676704	1.503683628	1.49440436
	1.515340418	1.510803587	1.542296372	1.351425439	1.516984744
	1.640082036	1.499996488	1.510646564	1.468355968	1.529432
	1.450092977	1.468355968	1.507467072	1.510646564	1.507467072
	1.505082732	1.502009203	1.503187174	1.506296894	1.510392944
	1.515591772	1.515591772	1.522145565	1.526266024	1.534963645
	1.548213071	1.526266024	1.530205936	0.812045818	1.533031891
	1.510803587	1.533031891	1.532241377	1.510395312	1.51736717
	1.510395312	1.517763265	1.533905304	1.076849216	1.542296372
	1.542296372	1.505188311	1.481116288	1.499996488	1.499996488
	1.49045926	1.473538934	1.473538934	1.467468923	1.49045926
	1.49072541	1.506296894	1.505478192	1.505478192	1.507609694
	1.508479379	1.510392944	1.508907291	1.508907291	1.52027495
	1.513833005	1.522434708	1.526266024	1.530205936	1.530205936
	1.530435424	1.521277622	0.8370173693	1.301359329	1.561052178
	1.549489749	1.555003169	1.522069513	1.518351237	1.513653547
	1.507109245	1.510395312	1.555003169	1.533905304	0.8598509369
	1.488566789	1.473306075	1.4913943	1.488844748	1.500763271
	1.49045926	1.480404675	1.473538934	1.4913943	1.484046708
	1.507609694	1.507609694	1.499759179	1.506854954	1.507049157
	1.511370379	1.516368651	1.5074442	1.511248711	1.522434708
	1.520887872	1.527452534	1.526744166	1.525135806	1.525135806
	1.301359329	1.531557005	1.301359329	1.53918818	1.522167327
	0.9039527724	1.561052178	1.561052178	1.547135247	1.522153695
	1.516407514	1.520847466	1.543486351	1.535235736	1.488566789
	1.234238939	0.8598509369	1.431178248	1.460675011	1.473306075
	1.473306075	1.493539077	1.499759179	1.493539077	1.489710704
	1.484046708	1.473172777	1.484046708	1.507821214	1.507821214
	1.498570154	1.503814674	1.516368651	1.516368651	1.510140387
	1.510140387	1.522967362	1.520887872	1.527002513	1.525109621
	1.524386495	1.525135806	1.505066986	1.505066986	1.549134609
	1.654138204	1.527262369	1.505682838	0.6882052022	1.547135247
	1.521752062	1.547135247	1.542020826	1.525937437	1.525937437
	1.524386495	1.532046002	1.550855077	1.535235736	1.473337079
	1.447049171	1.234238939	1.431178248	0.6651111494	1.426051334
	1.513069813	1.451836292	1.451836292	1.470922249	1.457227149
	1.498570154	1.493539077	1.493060456	1.488229177	1.481857758
	1.481857758	1.507821214	1.505574807	1.498570154	1.513419621
	1.516319473	1.507407258	1.507407258	1.523731392	1.519198706
	1.525812855	1.525109621	1.524193167	1.521752062	1.505066986
	1.549134609	1.549134609	1.530656845	1.537327225	1.53988272
	1.519720769	0.7087097365	1.550855077	1.542020826	1.542020826
	1.525452448	1.525452448	1.525937437	1.532046002	1.536091574
	1.545199102	1.445316575	1.447651477	1.4497926	1.389383671
	1.389383671	1.426103695	1.510427681	1.447651477	1.455281435
	1.470922249	1.470922249	1.498098272	1.490400087	1.485645928
	1.485645928	1.47652929	1.496317343	1.505575614	1.516319473
	1.516319473	1.507407258	1.500949533	1.508963236	1.523731392
	1.521434419	1.52532037	1.5246289	1.527123124	1.552546166
	1.531607899	1.513551798	1.51356599	1.546827562	1.513852248
	1.511613692	0.7087097365	1.537707051	1.537696093	1.54316763
	1.531482967	1.531482967	1.534413914	1.536091574	1.536091574
	1.421858624	1.445316575	1.447651477	1.434663447	1.389383671
	1.427606597	1.427606597	1.512653415	1.450272242	1.464389088
	1.464389088	1.47652929	1.496317343	1.490586828	1.485645928
	1.483509907	1.475683384	1.500949533	1.515527058	1.515527058
	1.504633305	1.496279551	1.50433315	1.517995452	1.521434419
	1.52529285	1.527123124	1.536160719	1.517190241	1.513551798
	1.513551798	1.546827562	1.536829534	1.517676739	1.533920762
	1.533920762	0.7041336001	1.537696093	1.537707051	1.537696093
	1.536829534	1.529311201	1.531482967	1.534413914	1.536435957
	1.400938219	1.421858624	1.375869415	1.450272242	1.442354065
	1.433085857	1.403933394	1.433085857	1.427606597	1.512653415
	1.475683384	1.450272242	1.464389088	1.465561793	1.490775968
	1.48509142	1.479958004	1.479958004	1.491843982	1.511749747
	1.514763628	1.504249924	1.49968532	1.491843982	1.504249924
	1.518257569	1.522994078	1.52529285	1.526910515	1.528698372
	1.517190241	1.517375016	1.531583466	1.536829534	1.515310819
	0.6614943808	1.499949762	1.533920762	1.531597755	1.539849436
	1.539407754	1.526284787	1.529410664	1.533171237	1.528110544
	1.526387704	1.532582256	1.359973377	1.403933394	1.359973377
	1.346105999	1.449198374	1.435730431	1.435730431	1.390498651
	1.405672322	1.417618039	1.4030953	1.511083613	1.465561793
	1.449198374	1.465561793	1.48509142	1.48509142	1.479958004
	1.474968751	1.467217849	1.491843982	1.511083613	1.514763628
	1.504249924	1.498495819	1.490981163	1.503180206	1.521975209
	1.521975209	1.526910515	1.526910515	1.521121284	1.517163879
	1.515270377	1.522308986	1.531583466	1.515270377	1.504487991
	1.497483007	1.557259805	1.499949762	1.519521529	1.529995492
	1.532582256	1.527774097	1.529995492	1.528072324	1.526387704
	1.526387704	1.528072324	1.359973377	1.330705512	1.330705512
	1.309731822	1.449198374	1.435730431	1.375298536	1.4030953
	1.414905896	1.4030953	1.511083613	1.511533199	1.459396343
	1.454573581	1.436511447	1.454573581	1.486370221	1.474968751
	1.464611716	1.486022267	1.511533199	1.512498681	1.490070557
	1.503180206	1.496842665	1.503180206	1.519524355	1.520149703
	1.520149703	1.519195238	1.519337253	1.519337253	1.51854639
	1.512393563	1.507733619	1.506694706	1.497483007	1.497483007
	1.498101284	1.519521529	1.518602661	1.529995492	1.526909169
	1.530834683	1.528072324	1.524651767	1.525926469	1.378267692
	1.375298536	1.368871045	1.338855778	1.205883158	1.309731822
	1.368446857	1.436511447	1.420567519	1.400931548	1.400931548
	1.416714184	1.50706301	1.459396343	1.438073331	1.447183222
	1.438736439	1.477809298	1.46785723	1.46298572	1.480152302
	1.511203541	1.514407516	1.485181779	1.494890518	1.50115405
	1.50115405	1.5189526	1.516165998	1.520149703	1.519195238
	1.519195238	1.516685987	1.48280289	1.515560414	1.50987527
	1.50841039	1.48280289	1.506517482	1.50841039	0.773079009
	1.518602661	1.521762748	1.525482311	1.519882114	1.519764774
	1.520526767	1.52107479	1.392678227	1.378765483	1.371337636
	1.368446857	0.6394526476	1.368446857	0.5486810806	1.417424002
	1.392678227	1.404602506	1.506114097	1.428050323	1.457410178
	1.438736439	1.438736439	1.475359173	1.472821686	1.450161593
	1.460813944	1.485181779	1.508439509	1.516165998	1.485181779
	1.494890518	1.499772237	1.499772237	1.520526767	1.517447542
	1.517447542	1.519967226	1.520008433	1.374070588	1.512012054
	1.50987527	1.50987527	1.50841039	1.492578381	1.511108947
	0.773079009	1.460941184	1.512345487	1.513168511	1.518655517
	1.519882114	1.519882114	1.52107479	1.520526767	1.52107479
	1.39830554	1.378765483	1.378765483	1.371337636	1.369485429
	1.415003164	0.7884375667	1.370168412	1.305678685	1.417424002
	1.39830554	1.411901298	1.50486794	1.427910612	1.44160395
	1.438870793	1.446343389	1.479281564	1.456460234	1.470904099
	1.463491966	1.463491966	1.470904099	1.509199851	0.83482773
	0.83482773	1.514116471	1.498108251	1.481145459	1.491683525
	1.499772237	1.505697972	1.517728614	1.507882869	1.512345487
	1.47462965	1.510795053	1.504401371	1.507762683	1.501705415
	1.492578381	1.460941184	1.473118489	1.512345487	1.513168511
	1.516142865	1.520915003	1.51882266	1.507882869	1.51610642
	1.507729784	1.39830554	1.384140139	1.378707571	1.305678685
	1.362819871	1.301895066	1.358148954	1.358148954	1.254670164
	1.305678685	1.411901298	1.418320592	1.506953738	1.430210242
	1.435870699	1.435870699	1.442683417	1.482973042	1.456460234
	1.462878519	1.470904099	1.501024127	1.47414459	0.9342665493
	1.429647588	0.6167131165	1.495573474	1.49686235	1.482973042
	1.493227985	1.501024127	1.507470608	1.507882869	1.509737433
	1.47462965	1.507762683	1.507762683	1.493124193	1.499377198
	1.47414459	1.48107309	1.510369423	1.506861637	1.513366088
	1.509993298	1.509993298	1.509453331	1.503297895	1.503797514
	1.384140139	1.362267964	1.301895066	1.277990738	1.351391627
	1.358148954	1.365826067	1.277990738	1.406534646	1.400646059
	1.503716775	1.421843806	1.437436308	1.437436308	1.454434322
	1.482973042	1.468292722	1.461374244	1.454434322	1.494961293
	1.470385733	0.9706344371	0.9706344371	1.429647588	1.267583502
	1.498892698	1.490550668	1.480383149	1.494961293	1.505003445
	1.503096656	1.506405696	1.489192133	1.505089191	1.493124193
	1.493124193	1.480364772	1.489192133	1.498495572	1.508645977
	1.508645977	1.503096656	1.5086135	1.503297895	1.501506418
	1.500181858	1.500021055	1.378483954	1.38844432	1.365826067
	1.301161889	1.301161889	1.336680082	1.33637881	1.365826067
	1.267583502	1.298314065	1.421843806	1.416143892	1.406534646
	1.489324699	1.421843806	1.444719368	1.454434322	1.474792365
	1.474792365	1.467649296	1.461374244	1.494961293	1.470589465
	1.177575843	1.489917936	1.47091276	1.060553532	0.6243786251
	1.492651086	1.485752008	1.492192744	1.492192744	1.495723171
	1.500688117	1.489192133	1.498020487	1.495287866	1.479764321
	1.491366807	1.499240275	1.501506418	1.495588129	1.501506418
	1.500830334	1.499397391	1.500830334	1.497807391	1.386105077
	1.386105077	1.371137058	1.360130583	1.301161889	1.320158732
	1.33637881	1.33637881	1.311901679	1.320158732	1.425015487
	1.405633134	1.405633134	1.489324699	1.468559799	1.433289303
	1.444719368	1.452493041	1.474792365	1.467649296	1.449085261
	1.482923145	1.471195558	1.489917936	1.461727572	1.482607355
	1.483375848	1.387293744	0.6263321031	1.485752008	1.480368576
	1.489431747	1.489391902	1.495287866	1.491366807	1.495815905
	1.492136169	1.485044373	1.485319207	1.495370971	1.49426933
	1.496101868	1.500830334	1.497807391	1.386105077	1.377474572
	1.360130583	1.352822666	1.332436988	1.344816945	1.339965074
	1.324254115	1.324254115	1.407651025	1.409394179	1.405633134
	1.473841211	1.468559799	1.468559799	1.433289303	1.439513968
	1.447943165	1.453712606	1.447943165	1.473841211	1.482607355
	1.477846614	1.477846614	1.47995542	1.165619641	1.165619641
	0.6443012754	0.5386049354	1.272815248	1.476363153	1.489431747
	1.484769261	1.489391902	1.492136169	1.484581576	1.492773313
	1.492136169	1.484581576	1.493285153	1.490041985	1.496101868
	1.490041985	1.377474572	1.377474572	1.355439928	1.355439928
	1.335366199	1.335366199	1.31253041	1.31253041	1.272815248
	1.417747698	1.407651025	1.38944763	1.473841211	1.469989446
	1.462666989	1.435425133	1.417747698	1.447943165	1.452774346
	1.472888399	1.479146778	1.490892559	1.478629908	1.477846614
	1.474329031	1.51133179	1.241968804	1.241968804	1.251977918
	1.472888399	1.477778821	1.482531192	1.487785879	1.492773313
	1.483897636	1.487285337	1.492773313	1.479146778	1.483897636
	1.493285153	1.490041985	1.489998984	1.363960406	1.374207784
	1.355439928	1.363960406	1.335669115	1.335366199	1.293688929
	1.31253041	1.293688929	1.423977675	1.415100455	1.399120812
	1.380357053	1.462774249	1.462952857	1.457812324	1.462774249
	1.444390153	1.423977675	1.444390153	1.472888399	1.45039798
	1.475376703	1.479146778	1.467897821	1.475185225	1.45039798
	1.251977918	1.377143805	1.475526517	1.479415858	1.475526517
	1.487394281	1.488744187	1.487285337	1.478304045	1.478304045
	1.485288288	1.484944426	1.380357053	1.380357053	1.363960406
	1.337968837	1.362714439	1.330660219	1.330660219	1.320190957
	1.306594315	1.297456481	1.423977675	1.412002526	1.395141366
	1.462774249	1.456460247	1.444572315	1.466053848	1.444390153
	1.425875593	1.432921783	1.468924203	1.459637343	1.482962803
	1.475376703	1.475888542	1.47078253	1.375270223	0.6258277271
	1.278270538	1.444572315	1.475526517	1.476737898	1.479415858
	1.480334372	1.48216423	1.480462077	1.47716996	1.475749828
	1.479241749	1.379039273	1.369761517	1.362714439	1.351713964
	1.331115129	1.33953467	1.330660219	1.320190957	1.32900843
	1.412002526	1.395141366	1.395141366	1.459728923	1.440589635
	1.459728923	1.437774638	1.425973829	1.468924203	1.457284133
	1.457284133	1.457284133	1.478468928	1.475752311	1.323252858
	0.6356038961	1.272841879	1.324521135	1.272841879	1.448961998
	1.462063552	1.440589635	1.475228861	1.473490962	1.473387982
	1.479156117	1.48216423	1.475274054	1.475274054	1.473521059
	1.471141607	1.475228861	1.385255868	1.366750754	1.358182791
	1.351713964	1.33953467	1.33953467	1.32900843	1.403469065
	1.403469065	1.385255868	1.448961998	1.452855963	1.430751238
	1.409047651	1.461020246	1.47215796	1.475090105	1.497096052
	1.475090105	1.47215796	1.350718478	0.6356038961	1.259788906
	1.259788906	1.294062349	1.433855178	1.452855963	1.402604268
	1.437789206	1.475228861	1.46947504	1.472190148	1.472190148
	1.470531401	1.466219611	1.463033491	1.465045925	1.468592365
	1.378142569	1.353987433	1.353987433	1.339349787	1.330190027
	1.403469065	1.378142569	1.42137455	1.436826546	1.452855963
	1.409047651	1.458112338	1.47215796	1.456441374	1.475090105
	1.626598846	1.664155586	1.260253272	1.307161217	1.259788906
	1.267913016	1.458112338	1.403865547	1.436826546	1.461164948
	1.465045925	1.472190148	1.470531401	1.465366521	1.461378171
	1.463033491	1.462732463	1.468592365	1.378142569	1.353987433
	1.307161217	1.340907063	1.338892759	1.392918871	1.372819426
	1.428000175	1.436826546	1.449292952	1.409311836	1.461164948
	1.457676719	1.456441374	1.320567176	1.260253272	1.297271251
	1.317832376	1.252025638	1.252025638	1.450168267	1.397739338
	1.426844798	1.458412918	1.458412918	1.461633712	1.462514607
	1.462380753	1.461644381	1.461378171	1.46003723	1.372819426
	1.361123838	1.317832376	1.340907063	1.385473346	1.373642747
	1.417401447	1.436413741	1.450168267	1.417401447	1.455291185
	1.320567176	1.457676719	1.457852974	1.339012592	0.5448416588
	1.311078441	1.311078441	1.129513649	1.309395643	1.396830493
	1.438272573	1.431593501	1.458412918	1.46003723	1.457852974
	1.457100185	1.457100185	1.456541959	1.46003723	1.373642747
	1.361123838	1.333964381	1.389131043	1.396830493	1.417401447
	1.433543608	1.416570503	1.445101032	1.44531838	1.457852974
	1.446900533	1.434357736	1.249570993	0.6643897864	1.336970158
	1.34977464	1.3875583	1.3875583	1.396830493	1.438272573
	1.433543608	1.234784761	1.446481454	1.450628625	1.451865709
	1.457901838	1.451865709	1.361862244	1.34977464	1.34977464
	1.388083488	1.399995431	1.424738139	1.436235281	1.413524297
	1.445101032	1.44531838	1.450628625	1.446900533	1.411134951
	1.175890708	1.175890708	1.360550997	1.3875583	1.360550997
	1.398891116	1.436235281	1.42053532	1.174033785	1.44088081
	1.451105716	1.451865709	1.445855092	1.376554481	1.367567375
	1.389287041	1.398891116	1.42053532	1.419923367	1.398891116
	1.44088081	1.430642273	1.438782049	1.438003502	1.445298454
	1.285778841	1.323022024	1.360550997	1.315091475	1.349565262
	1.197649478	1.44088081	1.437352483	1.434480836	1.367567375
	1.35823165	1.389287041	1.403040978	1.419923367	1.419923367
	1.403040978	1.427226638	1.421517583	1.436809634	1.434995982
	0.5609002315	1.346596373	1.349565262	1.344200577	1.438087973
	1.436809634	1.434480836	1.434480836	1.425141215	1.37967633
	1.369012059	1.37967633	1.403040978	1.415532578	1.40449044
	1.415532578	1.434995982	0.589201336	1.34712666	1.34712666
	1.14613754	1.427304619	1.425141215	1.392108361	1.391919299
	1.400966747	1.415909969	1.41691777	1.400966747	1.40496922
	1.475781773	1.36196719	1.34712666	1.391776896	1.432834214
	0.9499824242	1.405825708	1.405825708	1.394829222	1.400966747
	1.41598404	1.40496922	1.40496922	1.475781773	0.7033046391
	1.386621567	1.36856074	1.405825708	1.394829222	1.40205916
	1.40205916	0.8999475968	1.37614898	1.36856074	1.423639017
	1.37614898	0.8164615692	0.6946908011	0.7214561239	