5884	
	1.999801189	2.000265658	2.000265658	2.001814567	2.00095217
	1.998292811	1.995950252	2.001814567	2.000237901	1.998292811
	1.998292811	1.99321026	2.002047804	2.002047804	2.001902228
	2.000866335	2.000237901	1.998024984	1.99321026	1.99321026
	2.002228473	2.002583578	2.002228473	2.004838658	2.00016686
	2.000146895	2.000146895	1.995386264	1.990260823	2.00302993
	2.005324815	2.002228473	2.004838658	2.008608329	2.005032195
	2.000443009	1.997841681	1.993756142	1.993756142	1.999159051
	1.999102006	2.002010657	1.996086571	2.008608329	2.008337584
	1.999603669	2.005032195	2.008337584	2.005032195	2.000443009
	2.000443009	2.001627244	1.993756142	1.988388672	1.985888301
	2.001757773	1.996179253	1.996086571	1.996086571	2.014894679
	2.00631323	2.023202456	1.99978401	1.985332271	2.006281306
	2.019824002	2.006281306	2.001627244	2.025411747	2.006241174
	1.992864622	1.989657565	1.982537473	1.996179253	1.99978401
	1.991629635	2.004638659	2.026345527	2.026345527	2.036202857
	1.977405655	1.980203996	2.019824002	2.019824002	2.020122394
	2.006241174	2.025411747	2.003988761	1.995845311	1.987226612
	1.982537473	2.004638659	1.997982093	1.974554103	2.030494793
	2.005055622	2.036202857	2.026345527	2.036302288	2.036202857
	2.040249043	1.980203996	1.980203996	2.035608884	2.016692405
	2.013872522	2.052218923	2.035608884	1.995845311	2.016129505
	1.995845311	1.98224413	1.98224413	2.005055622	1.994499672
	1.974554103	2.030494793	2.036302288	2.044142429	2.029557063
	2.056803043	2.056803043	1.969813884	1.955155718	2.071803996
	2.071803996	2.035608884	2.039420416	2.058689011	2.062835409
	2.034657574	2.006650189	2.006650189	2.062835409	1.991938144
	1.976593617	1.977912077	1.964587969	2.008940084	1.995929665
	2.029557063	2.074131426	2.067416813	2.037083954	2.100666564
	2.074131426	1.941275702	1.941275702	2.104681708	2.104681708
	2.100666564	2.049468927	2.062835409	2.034657574	2.022904884
	2.006650189	2.099403359	1.976593617	1.976593617	1.949124752
	1.941912793	1.970320463	2.000090172	2.008940084	2.037083954
	2.096228475	2.037083954	2.067416813	2.129822866	2.104926228
	2.155932913	1.938190421	1.91899509	2.104681708	2.14988899
	2.119338067	2.184505811	2.05516974	2.064706823	2.045510463
	2.045510463	2.007541345	2.099403359	2.099403359	1.984644479
	1.957779703	1.932624561	1.946864511	2.002058623	1.975051157
	2.029189295	2.029189295	2.104926228	2.068092276	2.068092276
	2.155932913	2.124023731	2.155932913	1.938190421	1.91899509
	2.14988899	2.184505811	2.237667131	2.201459897	2.14988899
	2.15216272	2.092208578	2.060255976	2.03003912	2.005125558
	2.110495282	2.117611417	1.975768288	1.975768288	1.932624561
	1.946864511	1.946864511	2.02196723	1.975051157	2.02196723
	2.077558665	2.124023731	2.106835407	2.045794325	2.153666674
	2.124023731	2.150829492	2.231362901	1.911485134	1.880730851
	2.237667131	2.171458148	2.201459897	2.237667131	2.201459897
	2.199122737	2.110495282	2.061024156	2.007744144	2.005125558
	2.110495282	2.151551871	1.9651203	1.9651203	1.889348686
	1.916563594	1.949267836	1.983763392	2.015252423	2.079593615
	2.106835407	2.106835407	2.045794325	2.009812375	2.205906682
	2.205906682	2.152290258	2.231362901	2.277444625	1.880730851
	1.880730851	2.288879792	2.179953151	2.222931304	2.288879792
	2.230894168	2.186024844	2.061024156	2.061024156	2.030454219
	2.027527344	2.097542946	2.179953151	1.993593514	1.910003729
	1.865139377	1.902207974	1.942454516	1.979048951	2.009812375
	2.009812375	2.079593615	2.135569455	2.081508955	2.075506314
	2.205906682	2.202936441	2.165755114	2.280265233	2.299125136
	2.299125136	1.848515388	1.902207974	1.848515388	2.336636487
	2.336636487	2.194949833	2.232957525	2.312849168	2.293474859
	2.254306856	2.254306856	2.098394011	2.030454219	2.030454219
	1.98544843	2.137300416	2.17724677	1.940333012	1.865139377
	1.865139377	1.902207974	1.96345235	1.96345235	2.022985722
	2.032646435	2.129894452	2.129894452	2.075506314	2.230102136
	2.199887697	2.199887697	2.280265233	2.346782553	2.324908073
	1.883423728	1.848515388	1.86012482	1.840437851	2.380004113
	2.380004113	2.411653208	2.370174564	2.336636487	2.312796851
	2.176478358	2.304037889	2.304037889	2.254306856	2.256866631
	2.101444972	2.064957057	2.064957057	1.940333012	2.13576605
	2.187719659	1.940333012	1.833166679	1.801422592	1.949680719
	1.977838892	1.981153981	2.022985722	2.169086617	2.060295128
	2.129894452	2.231989276	2.201925734	2.201925734	2.290776816
	2.378967847	2.290776816	2.371175488	2.415304207	1.903316718
	1.877303046	1.8423613	1.8423613	1.806930759	2.380004113
	2.42533144	2.415304207	2.409786206	2.445538065	2.373843441
	2.358078627	2.187719659	2.334431027	2.334431027	2.271444772
	2.326450808	2.101444972	2.064957057	2.015249038	2.025559525
	2.105871081	2.187719659	1.905988203	1.954286443	1.841908926
	1.83947017	1.98088818	2.003296768	1.98088818	2.070778196
	2.152651439	2.097044017	2.152651439	2.034432552	2.269844977
	2.201925734	2.371175488	2.272911268	2.323629543	2.192952558
	2.429691843	2.416560943	2.401196349	2.380595117	2.415304207
	1.94144196	1.904760232	1.869319207	1.833643084	1.833315557
	1.791492834	2.403122467	2.429691843	2.429691843	2.409786206
	2.42533144	2.409786206	2.445538065	2.373843441	2.421014253
	2.361979848	2.225140045	2.29312019	2.334431027	2.29312019
	2.10151523	2.10151523	2.010872109	2.150953675	2.200137461
	2.010872109	1.905988203	1.954286443	1.841908926	1.8135099
	1.98088818	2.003296768	2.09094157	2.152651439	2.14135381
	2.087966199	2.031254803	2.209117576	2.247298643	2.366056051
	2.272911268	2.253450581	2.22268238	2.353451462	2.353451462
	2.364270478	2.393954869	2.393954869	2.358707362	1.904760232
	1.869319207	1.869319207	1.805936336	1.821157899	1.790753461
	2.127810464	2.390587085	2.390587085	2.479797128	2.479797128
	2.497590289	2.437382796	2.472761032	2.437382796	2.359709595
	2.409164515	2.468929601	2.413474902	2.240806035	2.325633189
	2.359709595	2.359709595	2.10151523	2.010872109	2.240806035
	2.150953675	2.1624614	2.047539496	1.993523865	1.868523486
	1.939740839	1.788733756	1.697377333	1.952237894	1.992593271
	2.14135381	2.087966199	2.087966199	2.031254803	2.031254803
	1.744818344	2.061815375	2.209117576	2.327712021	2.253450581
	2.326775678	2.253450581	2.182551492	2.358437696	2.323619648
	2.323619648	2.393954869	2.327712021	1.907519501	1.866983972
	1.821157899	1.791713045	1.791713045	1.768160186	2.638332144
	1.803854553	2.233484207	2.348060164	2.390587085	2.479797128
	2.526983993	2.526983993	2.468929601	2.505337955	2.413474902
	2.409164515	2.468929601	2.413474902	2.240806035	2.325633189
	2.375077976	2.104354178	2.106147165	2.209386842	2.265411996
	2.209386842	2.047109521	1.993523865	1.849204902	1.849204902
	1.764288834	1.697377333	1.904652761	1.98557613	2.191479976
	2.142022123	2.079538679	2.054211892	2.015433619	2.512091369
	1.608665474	2.061815375	2.216149369	2.340953434	2.326775678
	2.245301788	2.274635968	2.191479976	2.191479976	2.323619648
	2.216149369	2.343765755	2.236445229	2.352653134	1.904652761
	1.852371634	1.83302443	1.791713045	1.787005822	1.768160186
	2.888739721	2.233484207	2.348060164	2.411688191	2.411688191
	2.491947758	2.508183782	2.499995084	2.499995084	2.500453781
	2.420849911	2.452202744	2.360507575	2.375077976	2.360507575
	2.106147165	2.094278597	2.304623712	2.204216086	2.047109521
	1.968922772	1.764288834	1.898963968	1.764288834	1.736305232
	1.903648017	1.923790696	2.072945898	2.153986672	2.072945898
	2.020229758	1.979797696	2.512091369	1.544705626	2.014867758
	2.062221462	2.262190262	2.273491754	2.188322872	2.12866111
	2.185847577	2.259443995	2.236445229	2.236445229	2.185847577
	1.852371634	1.874739909	1.852371634	1.800163317	1.760637245
	1.77146287	1.760637245	3.108949155	2.127262959	2.501448348
	2.501448348	2.514680824	2.528639183	2.551586296	2.498282151
	2.452202744	2.422456757	2.452202744	2.348266714	2.387235736
	2.357052632	2.265664469	2.094278597	2.094278597	2.204216086
	2.036341316	2.039532154	1.898963968	1.830246603	1.88358756
	1.736305232	1.7160133	1.874739909	1.903648017	1.945712866
	2.072945898	2.12866111	2.082481592	2.020229758	1.991231785
	1.969002357	2.293432385	1.511845779	2.062221462	2.062221462
	2.222544559	2.113116138	2.185847577	2.222544559	2.194160103
	2.161040115	1.874739909	1.859953557	1.800163317	1.800163317
	1.762476547	1.742064735	1.724834637	3.487914302	2.298594038
	2.501448348	2.514680824	2.514680824	2.498282151	2.550395925
	2.498282151	2.471369571	2.467281346	2.387235736	2.572833103
	2.265664469	2.36440064	2.36440064	2.265664469	2.418776375
	2.146866278	2.20911972	2.016530776	2.08552735	1.957525232
	1.797544069	1.797544069	2.052482697	1.796678259	1.690196809
	1.84431105	1.945712866	2.052482697	2.113116138	2.031982326
	2.006086265	1.950626184	1.969002357	2.467505501	1.503086248
	1.905172893	2.018553972	2.105610079	2.047084998	2.105610079
	2.034953299	2.199447225	2.161040115	1.84431105	1.840606669
	1.804577075	1.822312211	1.775074114	1.742064735	1.742064735
	1.717048424	3.426643972	2.342456598	2.655171422	2.647573242
	2.623118028	2.590529556	2.623118028	2.458198333	2.471369571
	2.537690644	2.546231838	2.20911972	2.310716097	2.36440064
	2.393986175	2.08552735	2.211413138	2.016288367	2.08552735
	1.957525232	2.138371656	1.797544069	1.867313929	1.676071935
	1.557242934	2.047084998	1.88266687	1.857663616	2.031982326
	2.052795873	1.960752417	1.93561538	1.898181185	2.467505501
	1.471058367	1.905172893	2.034953299	2.105610079	2.047084998
	2.086556631	2.085664755	1.822312211	1.824759086	1.782420433
	1.776809282	1.822312211	1.775074114	1.717048424	1.72991677
	1.753440834	2.458198333	3.720843343	2.535012902	2.675292103
	2.714413939	2.623118028	2.596898896	2.458680718	2.546231838
	2.329635293	2.443648026	2.310716097	2.324980312	2.310716097
	2.211413138	2.081647432	2.010005023	1.936165879	2.081647432
	1.771046494	1.771046494	1.661293522	1.661293522	2.008030112
	2.020342293	1.86487702	1.960752417	1.960752417	1.93561538
	1.848585885	2.373406858	1.53785929	1.960446885	2.035117829
	2.085664755	2.01934378	1.839376435	1.839376435	1.776809282
	1.771507211	1.776809282	1.803271768	1.737248464	1.753440834
	1.748238509	1.753440834	2.464848861	2.507538401	4.031511218
	2.841498057	2.769529188	2.769529188	2.596898896	2.596898896
	2.583951671	2.372662289	2.433016061	2.520587011	2.272251626
	2.272251626	2.208169859	2.081647432	2.003300096	1.856592979
	2.208169859	1.764164074	1.856592979	1.65462681	1.544639867
	1.934030622	1.984047563	1.917260568	1.815142912	1.934030622
	1.889554336	2.373406858	1.885754135	1.936654427	1.936654427
	1.984047563	1.784567449	1.839376435	1.753673221	1.771507211
	1.749854953	1.749854953	1.749222671	1.758672828	1.739655854
	1.707666645	1.730386238	1.756334188	2.583951671	4.031511218
	2.750695987	2.769529188	2.844823785	2.703168554	2.703168554
	2.433016061	2.520587011	2.520587011	2.463167484	2.345562071
	2.272251626	2.208169859	2.063049719	2.003300096	1.854077649
	2.063583512	1.760330539	1.854077649	1.760330539	1.542136368
	1.934030622	1.917260568	1.917260568	1.803517054	1.808530766
	1.855728773	2.723380498	1.877378788	1.908500461	1.936654427
	1.889303843	1.803517054	1.783484715	1.783484715	1.803517054
	1.726695806	1.749854953	1.758672828	1.75252052	1.732690183
	1.725962848	1.739357141	1.730386238	1.730386238	1.761686311
	2.632406658	2.716325543	4.045448352	2.783220271	2.844823785
	2.792014451	2.792014451	2.367685445	2.400946734	2.463167484
	2.632406658	2.255108633	2.327045325	2.205616093	2.079788291
	2.079788291	2.007167061	2.079704214	1.760330539	1.848385837
	2.006030669	1.656919543	1.654055044	1.908500461	1.870974821
	1.875531177	1.760773495	1.855728773	1.870974821	2.648183838
	1.90495246	1.846656107	1.90495246	1.846656107	1.75252052
	1.775382707	1.783484715	1.718866392	1.726695806	1.723134042
	1.731202521	1.732690183	1.707803307	1.731913904	1.725962848
	1.737943934	1.744521407	1.737943934	1.761686311	1.761686311
	2.651525485	2.71303721	2.835495805	4.464291885	3.248413101
	2.895268573	2.835495805	2.400946734	2.400946734	2.552319013
	2.543778375	2.381379995	2.314729142	2.291119631	2.217157736
	2.006030669	2.077669781	2.006030669	2.077669781	1.856410047
	1.764445685	1.935046326	1.676286511	1.676286511	1.895521281
	1.825687393	1.739846909	1.760773495	1.825687393	2.679124568
	1.90495246	1.846656107	1.880627917	1.72276632	1.707746201
	1.718866392	1.7454262	1.731202521	1.731202521	1.698216102
	1.704809541	1.711665102	1.705885886	1.743958885	1.752770283
	1.708891441	1.753393448	1.753393448	2.71303721	2.794996487
	2.999779615	4.553497802	3.324635692	2.999779615	2.441388703
	2.55676711	2.538720367	2.75200341	2.360202116	2.28689539
	2.217157736	2.010432533	2.077669781	2.15216908	2.156180094
	2.156180094	1.770841734	1.865282965	1.8667729	1.676286511
	1.770841734	1.699995539	1.699995539	1.818294821	1.754533487
	1.739846909	1.774969485	2.679124568	1.875167742	1.880627917
	1.818294821	1.711665102	1.664559833	1.765030322	1.733960973
	1.706984774	1.674409593	1.698216102	1.741560702	1.718957776
	1.674409593	1.704809541	1.704809541	1.753036443	1.719754348
	1.725006718	1.725006718	1.723321424	1.752735041	1.758129017
	1.758621599	1.720323912	2.790803146	2.794996487	3.217337335
	4.848489471	3.230032509	2.441388703	2.538720367	2.538720367
	2.790803146	2.55676711	2.28689539	2.280722208	2.2826738
	2.015587378	2.076527122	2.145745637	2.225282034	1.770841734
	2.02973898	1.885564135	1.885564135	1.825484402	1.825484402
	1.727039452	1.818294821	1.824787515	3.117056841	1.883550696
	1.904628107	1.664559833	1.739774068	1.664559833	1.71440371
	1.706984774	1.674409593	1.713474459	1.700861106	1.685996415
	1.685996415	1.756702923	1.758621599	1.719754348	1.725006718
	1.713474459	1.72864968	1.755802267	1.752313848	1.758621599
	2.790803146	3.080749896	3.230032509	4.848489471	2.447253425
	2.769038566	2.552031728	2.893646142	2.769038566	2.280722208
	2.280722208	2.225282034	2.02973898	2.145745637	2.145745637
	2.124036575	2.234145669	1.972587603	2.02973898	1.885564135
	1.824787515	1.627016007	1.828500903	1.85119157	1.85119157
	1.904628107	1.739774068	3.186477896	1.985531831	1.717773035
	1.74716724	1.74716724	1.704033752	1.685005275	1.722224759
	1.700861106	1.700861106	1.730857341	1.761307975	1.750321295
	1.777276378	1.724471671	1.7159173	1.75220513	1.724471671
	1.737380718	1.755652024	3.080749896	3.080749896	4.864132603
	2.447253425	2.767790554	2.447253425	2.648660806	2.932884536
	2.3665459	2.367141087	1.972587603	2.029704805	2.172368301
	2.241221463	2.128657476	2.186554268	1.992042604	1.797765375
	1.763093877	2.03542438	1.85119157	1.759713875	1.768122666
	2.003059842	1.92310757	1.825998775	3.210478244	1.671511005
	1.685005275	1.74716724	1.738725787	1.703291639	1.685005275
	1.722224759	1.7159173	1.730857341	1.782780895	1.792287748
	1.7813507	1.78276857	1.7159173	1.75220513	1.772500199
	1.792403755	1.722943576	2.932884536	3.315274768	4.864132603
	2.3665459	2.541592829	2.767790554	2.542879646	3.098535543
	2.3665459	2.305303574	2.37606652	2.087159683	2.241221463
	2.172368301	2.207193305	2.207193305	2.087159683	2.105332009
	1.836761843	1.836761843	1.918843177	2.038614616	2.053139596
	1.782701111	1.79067244	1.79067244	1.788036087	1.92310757
	1.92310757	1.801160725	3.277354933	1.725639544	1.705166348
	1.792236779	1.738725787	1.706299565	1.734034487	1.705928633
	1.705928633	1.767829345	1.736669755	1.760901329	1.782780895
	1.782780895	1.792287748	1.81083516	1.792165427	1.779821216
	1.792165427	1.804798004	1.808978941	3.34960207	3.34960207
	5.146454579	2.552445821	2.922114104	2.660810045	2.922114104
	3.084457085	2.37606652	2.332187107	2.552445821	2.2075626
	2.274508235	2.2075626	2.332187107	2.167317821	2.167317821
	1.881293062	1.881293062	1.956687629	2.075992033	2.113696297
	2.078964216	1.820626657	1.774034718	1.79067244	1.788902125
	1.823670271	1.91535542	1.824636784	1.91535542	3.651722748
	1.705107163	1.705166348	1.739588609	1.857544012	1.817891182
	1.733368838	1.775319268	1.775319268	1.768339475	1.776984104
	1.798111302	1.81083516	1.804798004	1.812599681	1.809413355
	1.763276962	1.803302967	1.837849192	3.34960207	6.305409161
	2.552445821	2.778313388	2.922114104	2.778313388	3.084457085
	2.472702142	2.472702142	2.2075626	2.234799218	2.352909295
	2.274508235	2.44694698	2.193042931	1.87075158	1.881293062
	1.886078974	2.112910493	2.163482442	2.163482442	1.827728338
	1.851621682	1.816703891	1.829481257	1.860942906	1.851323501
	1.91535542	2.013064953	3.280052707	1.739588609	1.739588609
	1.895986174	1.817891182	1.802847982	1.837849192	1.807609886
	1.776984104	1.776984104	1.76200513	1.862436546	1.881505574
	1.8838815	1.8838815	1.848672339	1.855093461	1.837849192
	1.848672339	1.832188338	1.860630849	3.114334711	4.939925779
	2.5553641	2.774468108	2.778313388	2.772259415	3.102723933
	2.472702142	2.258212301	2.322037173	2.272111221	2.352909295
	2.44694698	2.258212301	2.258212301	2.557489354	1.930824061
	2.031028802	2.031028802	2.088668599	2.194698381	2.194698381
	1.840061972	1.851621682	1.877905489	1.867940181	1.851323501
	1.881153303	1.881153303	1.899693324	2.013064953	3.280052707
	1.789639414	1.773963902	1.980930194	1.842467809	1.807609886
	1.773963902	1.842467809	1.862436546	1.895583735	1.917978399
	1.949521297	1.904451332	1.904451332	1.860630849	1.868179178
	1.93082781	1.887469504	3.265986055	4.938222212	2.772652955
	2.760668763	2.760668763	2.889559075	2.460707089	2.557489354
	2.324732649	2.354647429	2.373205248	2.460707089	2.248010211
	2.324732649	2.557489354	2.685667599	2.031245448	2.031245448
	2.031028802	2.17011373	2.17011373	2.194698381	2.261150423
	2.343436557	1.888600985	1.907038718	1.937216207	1.848458415
	1.884968177	1.915178871	1.895429613	1.937216207	1.967792544
	1.976315557	1.967792544	1.899693324	1.881153303	1.934241505
	1.899693324	1.980930194	3.183018198	1.852310196	1.817562854
	1.909389578	1.820050362	1.842467809	1.885333999	1.812486978
	1.921797634	1.974518646	1.949521297	1.917978399	1.999384984
	1.904451332	1.910513288	1.93082781	1.971728897	3.193146123
	4.77738514	2.74275948	2.858797226	2.98823813	2.460707089
	2.554401517	2.429176433	2.429176433	2.474358076	2.484509311
	2.300950538	2.554401517	2.610912146	2.568384333	2.161427783
	2.031245448	1.989043851	2.161427783	2.17011373	2.323310702
	2.245323671	2.300950538	2.343436557	2.357335116	1.911467409
	1.927137617	1.937636781	1.895429613	1.894362778	1.939727417
	1.911467409	1.999564465	1.988729167	1.991696507	2.003374217
	1.951970089	1.976315557	1.964952607	1.976315557	2.001179436
	1.999564465	1.962155933	1.934241505	1.934241505	1.986140665
	1.927570851	3.276817831	1.834134978	1.880272138	1.880272138
	1.849187738	1.885333999	1.885333999	1.880492681	1.962155933
	1.974518646	2.029321369	1.999384984	1.986737981	1.977032761
	1.986737981	1.971728897	3.137035085	4.77738514	2.858797226
	2.74275948	2.98823813	2.53996996	2.429176433	2.474706513
	2.53996996	2.656334801	2.656334801	2.583563061	2.193797086
	2.195188168	2.158531874	2.128461164	2.341262153	2.230240976
	2.307198371	2.307198371	2.357335116	2.442820577	2.357335116
	1.911467409	1.927137617	1.9415636	1.909120011	1.96730543
	1.988726092	1.954180662	1.999564465	1.996047028	2.000191015
	1.992877585	1.964952607	1.985130608	1.965068533	2.005039297
	2.005039297	2.000391804	2.001668079	2.003397351	1.997624164
	2.000129301	2.017559267	2.00174485	1.999677376	1.999677376
	1.888859321	3.001166626	1.849187738	1.880272138	1.849187738
	1.893501924	1.980384677	1.924936024	2.034092529	2.017559267
	2.078258093	2.058335431	1.986737981	2.028910071	2.053173529
	3.081205774	4.726264231	2.857487156	2.726668594	2.874383951
	2.53996996	2.442820577	2.474706513	2.667733267	2.583563061
	2.583563061	2.193797086	2.193797086	2.228051332	2.199286481
	2.174889165	2.341262153	2.341262153	2.322754955	2.322754955
	2.481181414	2.400289431	2.448640792	1.97200336	1.97200336
	1.961638772	1.96730543	2.000319553	1.988726092	1.964448338
	2.002785169	1.996495661	1.996495661	1.994024688	1.978297631
	1.978297631	2.000956109	2.000391804	1.999808538	2.003397351
	2.001881353	2.000107175	2.001881353	1.999934256	2.000129301
	2.001529072	2.017559267	2.016652431	1.999677376	2.029722551
	1.82602606	3.001166626	1.911011558	1.863860494	1.911011558
	2.028910071	2.039620466	2.039620466	1.974354189	2.058335431
	2.078258093	2.047477461	2.078258093	2.100386927	2.100386927
	2.040346431	2.874383951	4.484973079	2.767763487	2.726668594
	2.789118743	2.613826478	2.526244406	2.613826478	2.572958633
	2.403796877	2.644869864	2.317231953	2.292588417	2.235952206
	2.203157172	2.223781146	2.214450825	2.396453269	2.330017053
	2.322754955	2.526244406	2.454202547	2.458719369	1.97200336
	2.001495156	2.001495156	2.000319553	2.000319553	2.056275036
	1.991236922	2.005697224	2.005697224	1.994024688	1.987432152
	1.99333715	2.000956109	2.001529072	1.99838879	1.998347229
	2.001307892	2.001881353	1.998867995	2.004424954	2.001529072
	2.058555747	2.056275036	2.098625295	1.677174795	2.841647813
	1.911011558	1.941820663	1.974354189	2.093450931	2.039620466
	2.049826249	2.104311849	2.08900857	2.132647677	2.132647677
	2.100386927	2.127959792	2.721037155	3.952530972	2.741728877
	2.642142811	2.789118743	2.572958633	2.539040347	2.560465017
	2.52161329	2.42536259	2.42536259	2.60858775	2.317231953
	2.317231953	2.292588417	2.301216473	2.223781146	2.214450825
	2.214450825	2.642142811	2.396453269	2.383667173	2.539040347
	2.487136751	2.500270432	1.991236922	2.02572394	2.004531298
	2.102082761	2.068584801	2.005395653	2.068584801	2.014013158
	2.005697224	2.003791018	2.003791018	2.024717912	2.009614104
	2.007768794	2.005240782	1.998347229	1.998347229	2.003262145
	2.000007263	2.000007263	2.004424954	2.003376226	2.009614104
	2.098625295	2.098625295	1.677174795	2.585776981	2.005612997
	1.922373385	2.005612997	2.146261229	2.093450931	2.062048923
	2.138731734	2.149225519	2.159031607	2.158272258	2.196104542
	2.183392365	2.721037155	3.67810071	2.642142811	2.619445177
	2.560465017	2.560465017	2.40924702	2.500270432	2.465141924
	2.465141924	2.572700728	2.385169189	2.385169189	2.345230449
	2.3286074	2.329644004	2.309163333	2.309774727	2.57769225
	2.432196578	2.432196578	2.533631146	2.495151382	2.500270432
	2.016188014	2.140954254	2.02572394	2.025200415	2.103886362
	2.068584801	2.047378694	2.047378694	2.016188014	2.038887517
	2.039989496	2.024717912	2.020120785	2.023865813	1.993542722
	1.995718958	2.002632476	1.995718958	2.003376226	2.011411998
	2.020120785	2.011411998	2.149225519	1.922373385	2.890825417
	2.005612997	1.885000445	2.049084636	2.183392365	2.146261229
	2.102773272	2.181357122	2.178725657	2.159031607	2.232482643
	2.232482643	2.220971939	2.707216139	3.588180921	2.670682738
	2.619445177	2.551940084	2.533407114	2.52277886	2.465141924
	2.44856204	2.44856204	2.551940084	2.384476165	2.385169189
	2.345230449	2.345230449	2.3286074	2.309163333	2.352285027
	2.309163333	2.512935495	2.432196578	2.533631146	2.52297334
	2.505456614	2.52297334	2.173058962	2.173058962	2.029055036
	2.033270735	2.140954254	2.079558701	2.079558701	2.106636592
	2.074200297	2.078434322	2.183932444	2.039989496	2.073955515
	2.039989496	2.020120785	1.991490727	1.994723578	1.997936027
	2.002327366	2.021077649	2.011083066	2.019690298	2.019690298
	2.217864824	1.885000445	2.652994453	2.049084636	1.857572028
	2.049084636	2.13486493	2.223961689	2.223961689	2.136590035
	2.217864824	2.243644582	2.266095188	2.2782844	2.260642608
	2.447200644	3.317990012	2.512935495	2.517702162	2.533407114
	2.533407114	2.49409982	2.456827237	2.471812011	2.492518649
	2.441467589	2.388241165	2.388241165	2.408304488	2.392643011
	2.388566117	2.394505259	2.352285027	2.492518649	2.466621355
	2.441467589	2.507723873	2.52297334	2.49409982	2.484072051
	2.504022762	2.232376848	2.183932444	2.041484248	2.041484248
	2.167093091	2.079558701	2.106636592	2.161524505	2.055689199
	2.055689199	2.085555183	2.073539676	2.048994558	1.994723578
	1.993366972	2.001332898	1.998537872	2.02679051	2.021077649
	2.015036588	2.015036588	2.232376848	2.261060441	1.507894532
	2.652994453	2.011857161	1.889843547	2.151053542	2.305453587
	2.243965858	2.280899806	2.261060441	2.266095188	2.266095188
	2.297544604	2.272498277	3.03476139	2.395822971	2.395822971
	2.523917037	2.469413119	2.489290639	2.471812011	2.492518649
	2.430105502	2.413105444	2.413105444	2.433255064	2.425186115
	2.423481415	2.388566117	2.422873187	2.44644417	2.468047043
	2.451278585	2.460779661	2.516934458	2.523917037	2.516934458
	2.489053714	2.473284104	2.481684261	2.232376848	2.203772993
	2.072894335	2.161524505	2.145273635	2.187944663	2.187944663
	2.09986431	2.072243779	2.135636682	2.09986431	2.061029741
	1.993366972	1.993366972	2.053656804	2.008386509	2.02020785
	2.015036588	2.29465955	2.299080945	2.299080945	1.454142941
	2.453550881	2.011857161	1.957951858	2.122726305	2.297544604
	2.280899806	2.262489689	2.327188632	2.339593771	2.297544604
	1.969243651	3.03476139	2.395822971	2.211756276	2.460676735
	2.471338875	2.475820099	2.423675545	2.451385814	2.451385814
	2.450465132	2.457108076	2.454466192	2.423481415	2.423481415
	2.452313518	2.317031929	2.461503357	2.47067673	2.461503357
	2.516934458	2.460676735	2.484590737	2.464305899	2.464305899
	2.481684261	2.2792971	2.263271097	2.091465393	2.091465393
	2.209110412	2.174391519	2.194670964	2.09986431	2.145769567
	2.131928013	2.07644425	1.994088319	1.992336393	1.992336393
	2.053656804	2.053656804	2.008386509	2.02020785	2.29465955
	2.360685447	2.360685447	2.29465955	1.957951858	2.293162116
	2.086351041	2.01921539	2.304337951	2.336767267	2.344528305
	2.304337951	2.327188632	2.361948224	2.361948224	2.211756276
	2.663943132	2.231044399	2.231044399	2.415557697	2.462371148
	2.462078922	2.382939586	2.47067673	2.471637134	2.492386097
	2.478016451	2.499546018	2.47690271	2.491732312	2.488507041
	2.317031929	2.452506822	2.464843656	2.47067673	2.450100874
	2.442074794	2.397458855	2.464305899	2.442607942	2.425433019
	2.462078922	2.435216142	2.263271097	2.238649986	2.091465393
	2.135689434	2.160986185	2.234508169	2.194670964	2.194670964
	2.160986185	2.07644425	2.090919631	1.992165632	1.992336393
	1.999304899	2.005555136	2.048827663	2.035357184	2.012365715
	2.318284343	2.341223015	2.375056361	2.379407882	2.01921539
	2.440084518	2.206735399	2.01921539	2.304337951	2.336767267
	2.365378926	2.365378926	2.361948224	2.373699527	1.865021649
	2.561985801	2.231044399	1.999130052	2.382939586	2.462371148
	2.382939586	2.464843656	2.471637134	2.478016451	2.528946723
	2.523544907	2.47690271	2.546439275	2.47690271	2.470858412
	2.475908339	2.248897382	2.450100874	2.464843656	2.450100874
	2.421837995	2.406409177	2.35406192	2.408686507	2.406409177
	2.38502712	2.400576359	2.435216142	2.310421028	2.253131802
	2.253131802	2.100813478	2.135689434	2.174301823	2.199102388
	2.199102388	2.115013017	2.090919631	2.064920166	2.064920166
	1.990701072	1.990701072	1.994780865	1.994780865	2.054523744
	2.032535579	2.040916024	2.310421028	2.363678536	2.353019176
	2.420220201	2.379407882	1.605344683	2.44005561	2.128523107
	2.148218387	2.301922511	2.389590431	2.412516203	2.409323999
	2.392373343	2.443744008	2.451406167	1.999130052	2.561985801
	2.043017021	2.043017021	2.235455472	2.234592229	2.434134705
	2.470353029	2.486682828	2.492883101	2.543261788	2.570323054
	2.570323054	2.568373056	2.491108383	2.492961286	2.475908339
	2.475908339	2.055660066	2.421837995	2.454729683	2.434134705
	2.421837995	2.406409177	2.350057426	2.336904249	2.364806373
	2.38502712	2.400576359	2.345825299	2.319619091	2.275740263
	2.236846278	2.275740263	2.154957063	2.174301823	2.174301823
	2.117929721	2.117929721	2.070398049	2.339316046	1.987359045
	1.987359045	1.994780865	2.005509068	2.024644456	2.024644456
	2.070398049	2.420220201	2.363678536	2.373776791	2.415383242
	2.415383242	1.743523974	2.646538767	2.301922511	2.301922511
	2.440787721	2.443744008	2.464310975	2.443744008	2.470522235
	1.904084673	1.904084673	2.570900687	2.055660066	2.139665259
	2.234592229	2.429524714	2.444703272	2.494869371	2.500302771
	2.626503157	2.570323054	2.616588512	2.568373056	2.568373056
	2.497414774	2.454729683	1.99784052	2.139665259	2.40133954
	2.454729683	2.40133954	2.350216965	2.32747472	2.235300856
	2.134830373	2.235300856	2.32747472	2.343265324	2.300722145
	2.345825299	2.345825299	2.302844112	2.275740263	2.243007944
	2.243007944	2.178602363	2.207733797	2.117929721	2.164431667
	2.070398049	2.373776791	2.336264681	1.978112934	1.977236314
	1.990650768	2.024644456	2.033084111	2.033084111	2.09103839
	2.440818644	2.373776791	2.415383242	2.42462168	2.194976199
	2.887279022	2.259517473	2.259517473	2.440787721	2.470522235
	2.491403882	2.448175322	2.464661665	2.491403882	1.904084673
	1.90506059	2.371859407	1.99784052	2.139665259	2.374340865
	2.535123075	2.535123075	2.650820321	2.650820321	2.65603439
	2.577102252	2.560371453	2.50818278	2.450414715	2.476668611
	1.99784052	2.060340293	2.348627928	2.350216965	2.450414715
	2.394278488	2.374340865	2.348627928	2.346414039	2.265536314
	2.134830373	2.235300856	2.132671908	2.294970233	2.325663997
	2.179241479	2.274562571	2.274562571	2.302844112	2.254082851
	2.227819982	2.20351348	2.20351348	2.122490654	2.179829206
	2.129688086	2.35844356	2.336264681	1.970507317	1.990650768
	1.990650768	2.00718987	2.033411077	2.035695853	2.09103839
	2.44429151	2.43765669	2.43765669	2.415279873	1.927654677
	2.95264677	2.330040912	2.426200037	2.419660706	2.516804169
	2.480172526	2.455713926	2.480172526	1.375617425	1.727486148
	2.166025832	1.798741426	1.957933763	2.535123075	2.545068441
	2.710805612	2.650820321	2.64745663	2.617035331	2.617035331
	2.609310688	2.564730089	2.539618252	2.458579423	2.450414715
	2.400013093	1.932381712	1.951551674	2.326392407	2.313879695
	2.335414843	2.335906319	2.315838151	2.222031266	2.063804699
	2.193231435	2.193231435	2.179241479	2.23783278	2.179241479
	2.274562571	2.217310657	2.284250047	2.254082851	2.227819982
	2.227819982	2.191395222	2.129688086	2.129688086	2.351050856
	2.351050856	1.970574205	1.970574205	2.00718987	2.00718987
	2.033411077	2.059417699	2.099878794	2.43765669	2.428754914
	2.428754914	1.927654677	3.417758094	2.404511415	2.402304992
	2.531903574	2.494477798	2.480172526	2.529639106	2.515863445
	1.346114006	1.776997654	2.068613325	1.848214104	1.951551674
	2.539618252	2.774203517	2.774203517	2.709809431	2.768354273
	2.705940347	2.481314236	2.609310688	2.544769396	2.544769396
	2.400013093	2.400013093	2.332485218	1.792006363	1.773009125
	2.266397886	2.315838151	2.335906319	2.335906319	2.171284758
	2.171284758	2.063804699	2.063804699	2.128340562	2.119357868
	2.119357868	2.157311181	2.157311181	2.141100551	2.16555985
	2.31132152	2.218894654	2.218894654	2.135442284	2.36603228
	2.378060187	2.342986301	1.950312106	1.95998306	1.977004389
	1.994256585	2.059417699	2.059417699	2.141133356	2.46750526
	2.484467976	2.418816395	2.435907211	2.085252859	3.417758094
	2.404511415	2.533468675	2.50351413	2.535798834	2.515863445
	2.566451883	1.311990904	1.607425452	2.068613325	1.663728625
	1.799936646	2.434673005	2.156313464	2.876369691	2.774203517
	2.778703826	2.768354273	1.864849863	2.705940347	2.699421311
	2.485354256	2.588966967	2.532832325	2.390537689	2.362100463
	2.332485218	1.792006363	1.792006363	2.156313464	2.248297971
	2.267349491	2.171284758	2.050597332	2.073817575	1.900964235
	2.046753748	2.051490331	2.041180601	2.157311181	2.073817575
	2.211617621	2.257282443	2.218894654	2.141133356	2.358013649
	2.338192927	2.252183833	1.946133915	1.946133915	1.954136344
	1.994256585	2.031234573	2.105353877	2.109462956	2.349265148
	2.478850757	2.494266141	2.465115845	2.332265516	3.688724257
	2.533468675	2.533468675	2.602637762	2.553664177	2.565059104
	2.537158525	2.583262159	1.309977296	1.663728625	2.065726241
	1.663728625	1.799936646	1.864849863	2.156313464	2.178673127
	2.830371239	2.875986478	2.875986478	2.760253176	2.699421311
	1.900964235	2.59237389	2.59237389	2.390537689	2.532832325
	2.532832325	2.32308308	2.279795299	2.279795299	1.706393755
	1.614542255	2.091709005	2.178673127	2.037100101	1.996112284
	2.037100101	1.985448988	1.985448988	1.928416716	1.968296115
	1.951992361	1.97946144	2.191791313	2.221292427	2.191791313
	2.299165415	2.349265148	2.252183833	2.349265148	1.929258144
	1.954136344	1.954136344	2.023277122	2.023277122	2.065178304
	2.105244043	2.537158525	2.394395822	2.394395822	2.332265516
	4.522685607	2.736052019	2.602637762	2.602637762	2.565059104
	2.537158525	2.458242835	2.50175273	2.616673569	1.245214126
	1.503067277	2.275469989	1.6060993	1.706393755	1.791793341
	1.748363712	2.06051989	2.212005239	2.32308308	3.019603388
	2.975476519	2.962303051	2.962303051	2.721222817	2.697910358
	1.928416716	2.59237389	2.358950184	2.458519593	2.32308308
	2.186915728	2.106584238	1.612216755	1.5600626	2.053095637
	2.018761636	2.037100101	1.978616084	1.910111962	1.97946144
	1.937617204	1.928416716	1.925061496	1.97946144	1.739331333
	2.355872651	2.143190044	2.191791313	2.299165415	2.241949852
	2.355872651	1.91123057	1.939014379	1.939014379	1.968894758
	1.968894758	2.105244043	2.105244043	2.396371481	2.394395822
	2.462748884	2.736052019	3.996147006	2.663802851	2.670133427
	2.652776984	2.50175273	2.455236793	2.455236793	2.617972103
	1.285259419	1.503067277	2.079904296	1.5600626	1.643889689
	1.643638613	1.739331333	2.053095637	2.139476693	2.261602428
	2.261602428	1.541368672	3.981606946	3.050608004	3.194694264
	2.859028626	3.050608004	2.624735482	2.624735482	2.51694817
	1.815688762	2.458519593	2.186915728	2.186915728	2.010592525
	2.010592525	1.5600626	2.053095637	1.972572733	1.951213803
	1.963856465	1.917252563	1.910111962	1.838768582	1.889054393
	1.87191616	1.794477159	1.887574592	1.739331333	2.335829809
	2.19366226	2.19366226	2.227791319	2.23378493	2.305947671
	1.865605098	1.866348075	1.905169402	1.968894758	1.950673951
	2.048786022	2.149479397	2.149479397	2.366923203	2.366923203
	2.414145894	2.837171456	3.996147006	2.823679228	2.670133427
	2.849988077	2.617972103	2.518990841	2.414145894	2.455236793
	2.648550514	1.285259419	1.505431267	2.079904296	1.512081955
	1.59715374	1.643638613	1.643638613	1.59715374	2.261602428
	2.292094457	1.794477159	1.541368672	2.51694817	3.981606946
	3.981606946	3.050608004	3.184869828	2.631978368	2.847631076
	2.624735482	2.32160112	1.699260111	2.292094457	2.081323918
	2.073150417	1.983434221	1.937563649	1.937563649	1.512081955
	1.889147563	1.86257574	1.847366229	1.827866262	1.917252563
	1.838768582	1.838768582	1.867444195	1.81845501	1.794477159
	1.622530144	2.305947671	2.210143472	2.210143472	2.305947671
	1.803364188	1.803364188	1.905169402	1.950673951	1.994177018
	1.994177018	2.151036636	2.098197806	2.366923203	2.414145894
	2.908639988	4.3844043	2.823679228	2.802838002	2.390554978
	2.802838002	2.554112793	2.554112793	2.514553993	2.441423524
	2.604191287	1.388110209	1.505431267	2.222816537	1.464784213
	1.59715374	1.530539092	1.48336826	1.521134819	1.470630757
	2.292094457	1.707906252	1.495382731	2.384159647	4.699769057
	3.467357071	3.179954045	2.847631076	2.768533638	2.488811187
	2.563800279	2.488811187	2.384159647	2.32160112	1.643960506
	2.175098985	2.032340436	1.997454509	1.997454509	1.955917795
	1.937563649	1.822206041	1.401176915	1.393804832	1.889147563
	1.791165961	1.768286844	1.827866262	1.80586202	1.766795957
	1.742221654	1.685033907	1.783718764	1.643960506	1.671136587
	1.685033907	1.622530144	1.48336826	2.307504914	2.268995198
	2.200704734	1.803364188	1.88860874	1.939061783	2.200704734
	1.939061783	1.978878476	2.040779183	2.040779183	2.26430245
	2.251128251	2.908639988	4.3844043	2.967346436	2.966806617
	2.384834337	2.408316423	2.636673185	2.554112793	2.445503128
	2.636673185	1.341673267	1.45937033	2.222816537	1.401176915
	1.458190081	1.440088619	1.48336826	1.470630757	2.782694575
	2.782694575	2.389817426	2.488811187	2.437078759	2.325988518
	2.198317335	2.15653513	1.561869313	2.009751879	2.035829345
	1.997454509	1.851039847	1.80060684	1.801210118	1.393804832
	1.393804832	1.391380694	1.791165961	1.768286844	1.768286844
	1.727756494	1.732764155	1.742221654	1.624018472	1.685033907
	1.647808317	1.51753735	1.671136587	1.51753735	1.349453795
	2.26430245	2.200704734	1.767769888	2.149925185	1.791645549
	1.921435527	2.149925185	1.978878476	1.972233258	2.040779183
	2.330694395	2.251128251	2.251128251	3.379284455	4.918459944
	2.967346436	2.83094995	2.46841963	2.330694395	2.736361483
	2.46841963	2.647325511	1.314203251	1.387299605	2.428211498
	1.387299605	1.410474184	1.391380694	1.388069661	2.389817426
	2.136064196	2.279157571	2.437078759	2.101879642	2.136064196
	1.561869313	1.918694205	1.960365558	1.90126523	1.801210118
	1.785782445	1.801210118	1.330525588	1.338342444	1.330525588
	1.391380694	1.743780305	1.722154264	1.649145183	1.659462551
	1.62870291	1.62870291	1.599701429	1.598663164	1.539873562
	1.532730086	1.51753735	1.507474449	1.410474184	1.302457585
	1.384240394	2.196824275	2.149041982	1.789654338	2.080155785
	1.7634754	1.853898267	2.084970827	1.972233258	1.972233258
	2.262925184	2.270548334	2.255511966	2.199495726	3.184319143
	4.918459944	3.033224678	2.741654595	2.736439211	3.033224678
	2.46841963	2.402611626	2.402611626	2.647325511	2.559371092
	2.64176476	1.356044665	1.361888273	2.481187941	1.361888273
	1.388069661	1.346441946	1.388069661	2.047795905	2.182042589
	2.101879642	2.038285927	2.038285927	1.465330953	1.918694205
	1.918694205	1.66600455	1.811902361	1.763448978	1.731703962
	1.781921238	1.304000246	1.330525588	1.336817957	1.26164024
	1.274262257	1.278491084	1.629755558	1.649145183	1.649145183
	1.599701429	1.565751495	1.565751495	1.599701429	1.539873562
	1.479896718	1.519525136	1.465330953	1.45381426	1.351974987
	1.278491084	1.250379226	1.351974987	2.149041982	2.080155785
	1.7634754	2.080155785	1.7634754	1.832167094	1.88521085
	1.88521085	2.270548334	2.270548334	2.199495726	2.149087137
	3.235995065	4.876367716	3.028251214	2.736439211	2.917138662
	2.332486889	2.565509953	2.402611626	2.332486889	2.392727549
	2.565509953	2.509916694	2.643938407	1.377583316	1.361888273
	2.414038867	1.336817957	1.276800106	1.276800106	1.465330953
	1.86347523	1.66600455	1.619312099	1.813980824	1.766659406
	1.716564617	1.299051719	1.307791337	1.230056486	1.234906557
	1.274262257	1.278491084	1.572156956	1.629755558	1.644444848
	1.486630833	1.456930649	1.447426538	1.491008025	1.481275267
	1.469591926	1.452542167	1.407423551	1.45381426	1.45381426
	1.351974987	1.250379226	1.230056486	1.292377891	2.134477343
	2.019902752	1.737602545	1.948635271	1.741063725	1.817465177
	1.88521085	2.129815542	2.069390755	2.149087137	3.281057652
	4.876367716	3.281057652	2.917138662	2.782414251	2.212492541
	2.275137372	2.44408618	2.361512182	2.44408618	2.65739708
	1.377583316	1.463773519	2.493236492	1.348890567	1.32529006
	1.261786945	1.276800106	1.260061507	1.285704059	1.230056486
	1.239289532	1.258594246	1.523374036	1.536105667	1.486630833
	1.452542167	1.397135315	1.388906447	1.469591926	1.418291715
	1.452542167	1.376970899	1.376970899	1.337025939	1.292377891
	1.201975074	1.202972838	1.224852956	1.206820817	1.198337973
	1.289973178	2.016382353	2.016382353	1.633059119	1.871702871
	1.794949857	1.796673869	2.143756214	2.130559138	2.069390755
	2.004923183	5.279633909	3.281057652	3.592033766	3.134287937
	2.930195597	2.782414251	2.650913388	2.212492541	2.28005067
	2.443684414	2.361512182	2.443684414	1.348890567	1.476334604
	2.166961466	1.350263058	1.248738465	1.214526493	1.215849036
	1.206820817	1.198012623	1.478635005	1.432739604	1.397135315
	1.388906447	1.388906447	1.157010945	1.365404744	1.307851221
	1.400113242	1.324262863	1.324262863	1.237663113	1.170454141
	1.224852956	1.255577519	1.180630129	1.165783758	1.180630129
	1.23806887	1.177266147	1.214526493	2.004923183	1.849147512
	1.602086094	1.780726436	1.780726436	2.145516527	2.079787915
	2.079787915	2.008141243	1.996683586	5.279633909	3.070327784
	3.790696929	3.070327784	3.069721405	2.767958111	2.650913388
	2.650913388	2.211104512	2.365096283	2.448728195	2.281089594
	2.365096283	2.443684414	1.350263058	1.436923805	2.101068301
	1.323486492	1.181896043	1.181896043	1.393025441	1.389904881
	1.143216326	1.165783758	1.307851221	1.307851221	1.306738168
	1.234418195	1.270398618	1.198932728	1.147407726	1.162066009
	1.255577519	1.180630129	1.200582191	1.165783758	1.199934199
	1.147130282	1.150158823	1.849147512	1.849147512	1.672338554
	1.764044422	2.145516527	2.145516527	1.968290761	1.968290761
	1.968290761	4.987454883	3.29890732	3.131747744	3.070327784
	2.91048928	2.921138125	2.794366228	2.653899069	2.546664694
	2.211104512	2.546664694	2.374305754	2.374305754	1.3510924
	1.475919765	2.478218464	1.3510924	2.478218464	1.162066009
	1.305936429	1.146687848	1.143216326	1.133878401	1.305936429
	1.270398618	1.306738168	1.235807952	1.233579454	1.200236504
	1.134732359	1.209777561	1.200582191	1.200582191	1.155734831
	1.126730661	1.146840077	1.149865671	1.143281642	1.143281642
	1.849603368	1.763160648	1.666282169	1.659528602	2.15538186
	2.08301917	1.932232487	1.932232487	4.916247049	3.29890732
	2.935444301	2.91048928	2.907224559	2.666658551	2.653899069
	2.461311651	2.220487142	2.305716397	2.374305754	2.15538186
	1.3510924	1.398625835	1.398625835	1.278741169	1.278741169
	1.362917215	2.400991379	1.113887259	1.146687848	1.123331006
	1.268002953	1.233579454	1.172502606	1.233579454	1.147907477
	1.113887259	1.112144788	1.155734831	1.259301837	1.215377017
	1.215377017	1.115789049	1.12230633	1.130610244	1.146840077
	1.126330669	1.1296232	1.143281642	1.844540314	1.65761873
	1.544178803	1.544178803	2.15538186	2.006669284	2.086382415
	1.932232487	2.000879627	1.857212194	5.090278729	3.262035258
	3.090083011	2.909073471	2.935444301	2.666658551	2.666658551
	2.672464273	2.462010766	2.312509545	2.23653852	2.312509545
	2.23653852	1.411434404	1.260783246	1.327328054	1.411434404
	1.338095237	2.400991379	1.107706163	1.119093153	1.199699831
	1.173585857	1.173664307	1.133865831	1.112144788	1.112144788
	1.115789049	1.105318949	1.155547537	1.223216519	1.223216519
	1.111973028	1.130610244	1.137117414	1.148891854	1.133865831
	1.128175192	1.126330669	1.105853069	1.659509793	1.654129232
	1.544178803	2.030286943	1.863776259	2.006669284	2.030886982
	1.863776259	1.779693208	4.679970131	3.13606318	3.188282271
	2.749288113	2.749288113	2.749288113	2.65910072	2.56208771
	2.473475516	2.312509545	2.40449321	2.23653852	2.18982423
	2.190519678	2.319363838	2.39420703	1.327328054	1.285487373
	1.374994477	1.318804777	1.379917023	1.338095237	1.103795521
	1.173664307	1.133865831	1.110926483	1.098116249	1.09829162
	1.199894335	1.223216519	1.212884883	1.103795521	1.121526609
	1.137117414	1.137117414	1.196548894	1.11699929	1.112136359
	1.107096752	1.105853069	1.65559495	1.65559495	1.955923796
	1.863776259	1.940242289	1.779693208	1.779693208	2.059053566
	4.679970131	3.13606318	4.337087142	4.132199373	3.13606318
	2.742783937	2.742783937	2.750273897	2.757703315	2.564492594
	2.585974592	2.419260308	2.419260308	2.332173463	2.18982423
	2.207638733	2.146140138	4.132199373	2.353986098	1.479050883
	1.441175697	2.064282122	1.318804777	1.379917023	1.332332364
	1.338109891	1.379917023	1.441175697	1.103795521	1.110926483
	1.09829162	1.254681288	1.199894335	1.212884883	1.107043007
	1.196548894	1.114070978	1.103371022	1.114070978	1.121526609
	1.142702347	1.164855317	1.196548894	1.109387333	1.107043007
	1.102606345	1.546206318	1.786119704	1.955923796	1.889832302
	1.702943775	1.995967009	2.084024532	3.069035117	2.939843662
	2.957100881	2.900297405	2.939843662	2.742783937	2.661943709
	2.680914277	2.657981923	2.5224378	2.440397306	2.440397306
	2.332173463	2.207638733	2.228197172	2.084024532	2.672891922
	3.644859243	2.064282122	2.033088454	2.101082699	2.129138777
	2.184602132	2.374180058	2.266695215	1.479050883	1.496725701
	1.441175697	1.488236169	1.308990729	1.40019733	1.3723445
	1.405682152	1.104019615	1.266246658	1.233020349	1.280570329
	1.10735684	1.233020349	1.114070978	1.112077863	1.154808692
	1.160727804	1.188638486	1.221285077	1.207774387	1.10735684
	1.104019615	1.595390413	1.889832302	1.889832302	1.702943775
	1.921870639	1.995967009	2.084024532	2.872329613	2.690216876
	2.900297405	2.637045195	2.690216876	2.617270292	2.595031352
	2.5224378	2.5224378	2.425025132	2.339832991	2.339832991
	2.228197172	2.164481324	2.10953787	3.365708731	3.331482111
	2.743350866	2.372372385	2.743350866	2.54607982	2.372372385
	2.674513271	2.433168455	1.465424675	1.546391619	1.649074886
	1.330265434	1.488676812	1.37771021	1.37652031	1.488236169
	1.538505656	1.457248739	1.568309999	1.350655791	1.350655791
	1.392296196	1.416673165	1.491134311	1.104019615	1.320624569
	1.233020349	1.10735684	1.238116198	1.13377945	1.128525782
	1.160727804	1.154808692	1.215959484	1.224802052	1.293709302
	1.111487033	1.11192614	1.726582514	1.921870639	1.730859075
	2.016407294	2.016407294	2.113038907	2.660808188	2.690216876
	2.633989486	2.637045195	2.697957673	2.610666313	2.617270292
	2.473597351	2.473597351	2.399151947	2.339832991	2.238731808
	2.238731808	2.171659264	2.113038907	2.546666914	2.109451403
	1.966054958	1.575369269	2.200844939	1.6871646	2.472567841
	2.546666914	1.905720362	1.568309999	1.658023323	1.649074886
	1.833255018	1.783281239	1.783281239	1.538505656	1.538505656
	1.560868978	1.668799444	1.361079364	1.350655791	1.380576014
	1.416673165	1.416673165	1.491134311	1.11192614	1.320624569
	1.11597568	1.293709302	2.482794056	1.145148351	1.178073964
	1.148820083	1.217711264	1.337434939	1.258247221	1.121132985
	1.144690415	1.132991233	1.666295377	1.96190022	1.666295377
	1.96190022	2.059010697	2.617245504	2.617245504	2.633989486
	2.617892028	2.610666313	2.610666313	2.543548113	2.378595089
	2.374077742	2.321835479	2.136402405	2.289233986	2.234026553
	2.136402405	2.418909164	2.303837016	2.21623229	1.905720362
	2.108637306	2.547999202	2.475193441	2.020541734	1.658023323
	1.813552261	1.851641509	1.833255018	2.020541734	1.560868978
	1.587836656	1.560868978	1.568859414	1.752463761	1.401179079
	1.378462504	1.412130769	1.483599878	1.568859414	2.507556488
	1.144690415	2.482794056	1.354060921	2.482794056	1.145148351
	1.202115865	1.218073173	1.252604162	1.385707193	1.298318566
	1.132991233	1.144690415	1.132991233	1.666295377	1.919431137
	1.799756663	1.919431137	2.161751497	2.617245504	2.63993139
	2.617892028	2.541529344	2.574887605	2.472922174	2.574887605
	2.374077742	2.289233986	2.391458873	2.244972148	2.289233986
	2.161751497	2.475193441	2.303837016	2.164317234	2.21623229
	2.173745438	2.475193441	2.020541734	1.859522086	1.859522086
	2.00271391	2.01101488	1.736799562	1.682546309	1.568859414
	1.752463761	1.828182449	1.483904709	1.483904709	1.403262992
	1.590257234	2.502177412	1.202457422	2.472922174	1.403262992
	1.403262992	2.443532763	1.385707193	1.202457422	1.202115865
	1.252604162	1.252604162	1.362585844	1.152389017	1.172313695
	1.171107016	1.712462456	1.919431137	1.839166772	1.957396446
	2.14267116	2.56525511	2.622026489	2.579478499	2.554601936
	2.502177412	2.543747322	2.536269978	2.472922174	2.543747322
	2.394098624	2.358874959	2.244972148	2.290889516	2.214721164
	2.38547307	2.307885863	2.190746658	2.190746658	2.173745438
	2.435357142	2.097592042	1.859522086	1.957316278	2.097592042
	1.808957999	1.590257234	1.828182449	1.828182449	1.529571613
	1.541140411	1.544977677	1.695294493	2.502177412	2.485811395
	1.202457422	1.473499922	1.473499922	2.394098624	1.290459245
	1.471375866	1.272502625	1.280984809	1.331411162	1.200865074
	1.201022781	1.230729243	1.759525889	1.990007956	1.990007956
	2.142778458	2.14267116	2.531549194	2.579478499	2.525118978
	2.504811227	2.543747322	2.477590125	2.519507695	2.394098624
	2.358874959	2.358874959	2.290944235	2.252731223	2.375979943
	2.375979943	2.246533324	2.315250915	2.42265831	2.192800376
	2.097592042	1.957316278	2.060799702	1.795913386	1.808957999
	1.695294493	1.891877794	1.981297998	1.665063452	1.618739487
	1.544977677	1.544977677	1.695294493	2.482865383	2.408105661
	1.230779164	1.471375866	2.450895803	1.331411162	1.39128123
	1.471375866	1.272502625	1.368657956	1.424413593	1.514563749
	1.232131474	1.230779164	1.265540155	1.81532756	1.990007956
	1.983275251	2.127105164	2.127105164	2.504811227	2.531549194
	2.532829796	2.482865383	2.519507695	2.450895803	2.500040182
	2.376204941	2.376463973	2.344451701	2.290944235	2.252731223
	2.355162279	2.262759277	2.246533324	2.246533324	2.355162279
	2.151773588	2.061088913	2.151773588	2.262759277	1.826897727
	1.733349133	1.975761294	1.975761294	2.061088913	1.68717926
	1.613988375	1.68717926	2.482865383	2.396918846	1.230779164
	1.424413593	1.514563749	1.317725459	1.428497626	1.424413593
	1.625903719	1.265292433	1.265540155	1.268141664	1.871009907
	2.075696142	2.028803098	2.127105164	2.231743994	2.492369848
	2.515581737	2.508369539	2.492369848	2.465027897	2.46356024
	2.418823158	2.495389431	2.353562803	2.353562803	2.357465926
	2.320326169	2.355162279	2.294415112	2.391382673	2.131494468
	2.195691531	2.351275603	1.733349133	1.879551585	1.78261884
	1.975761294	2.097390125	2.097390125	1.625903719	1.68717926
	1.724096808	1.867182972	2.46144526	2.447715165	1.317725459
	2.396703445	1.546019117	1.546019117	1.368567873	1.428497626
	1.496183178	1.625903719	1.268141664	1.355590275	1.351068959
	2.028803098	2.158261274	2.028803098	2.194992345	2.231743994
	2.51137612	2.501591401	2.495389431	2.49430432	2.466763634
	2.405957952	2.466763634	2.297899906	2.353562803	2.320326169
	2.391382673	2.391382673	2.258744317	2.171424212	2.351275603
	2.296070149	1.927417205	1.934994682	1.927417205	2.171424212
	2.021734143	2.097390125	1.724096808	1.724096808	1.839758916
	2.423615729	2.475924657	1.355590275	2.396703445	1.546019117
	1.553373078	1.415900325	1.519128112	1.566299732	1.658585598
	1.304514651	1.355590275	1.351068959	2.049360647	2.194992345
	2.129196162	2.194992345	2.291965158	2.343963396	2.479806759
	2.488892	2.486381311	2.501591401	2.47097745	2.466763634
	2.46574264	2.348827424	2.375281743	2.471520927	2.342751414
	2.423615729	2.171424212	2.342751414	2.306020261	2.281771317
	1.934994682	1.934994682	2.061763976	2.146337878	2.061763976
	2.054381412	1.800808957	1.800808957	1.876765139	2.409054428
	1.415900325	2.446226172	1.658585598	1.593544246	1.456934598
	1.567576557	1.567576557	1.680441139	1.347637352	1.395169154
	1.395169154	2.129196162	2.201324699	2.129196162	2.201324699
	2.31194714	2.384364096	2.384364096	2.471520927	2.486381311
	2.47097745	2.456737621	2.468983126	2.411687496	2.411687496
	2.453426721	2.471520927	2.380290647	2.409054428	2.245167624
	2.354756945	2.281771317	1.967051582	2.037129666	2.054381412
	2.112277149	2.054381412	2.207698668	1.800808957	1.876765139
	1.876765139	2.401141957	1.456934598	1.661507368	1.730361092
	1.502193243	1.567576557	1.661507368	1.793974386	1.38869651
	1.43903957	1.43903957	2.161887929	2.201324699	2.161887929
	2.31194714	2.31194714	2.384364096	2.384468218	2.469944652
	2.474027769	2.43644635	2.43644635	2.453426721	2.436827922
	2.446110545	2.469944652	2.354756945	2.217262406	2.280694325
	2.207698668	2.070180982	2.079532461	2.207698668	2.157813762
	1.791632885	1.931160119	2.04775816	2.401141957	1.502193243
	1.712043703	1.576874932	1.621297576	1.712043703	1.777871118
	1.777871118	1.476820109	1.536852091	1.487006878	2.161887929
	2.238756701	2.223873873	2.350346187	2.384468218	2.395517864
	2.384468218	2.469944652	2.438866691	2.43644635	2.446110545
	2.436827922	2.45142061	2.462813749	2.361649287	2.29508223
	2.236364185	2.234015907	2.04775816	2.175486275	1.931160119
	2.04775816	2.383371571	1.608102591	1.61274223	1.678048421
	1.724103735	1.802243786	1.833450819	1.969396662	1.476820109
	1.547740787	1.534388751	2.214438287	2.329609306	2.311897234
	2.329609306	2.398924812	2.426117041	2.398924812	2.454739064
	2.445688407	2.409726557	2.409726557	2.455505502	2.455505502
	2.461990071	2.454739064	2.29508223	2.253906052	2.180554186
	2.104254949	2.095601648	2.037506727	2.383371571	1.61274223
	1.66317228	1.722541347	1.798858551	1.875025914	1.932785445
	2.037506727	1.574502128	1.646385598	1.632015147	2.311897234
	2.358000533	2.311897234	2.358000533	2.398924812	2.436319436
	2.45771208	2.454739064	2.428182024	2.403323143	2.455505502
	2.469559842	2.452203181	2.464392555	2.329834715	2.233315575
	2.224902571	2.151889341	2.037506727	2.34908445	1.66317228
	1.66317228	1.78264663	1.849288246	1.909911197	2.050903435
	2.050903435	1.617478268	1.634459673	1.634459673	2.353322811
	2.350487758	2.388293422	2.389409388	2.453642919	2.45771208
	2.453642919	2.429310554	2.403323143	2.403323143	2.465990149
	2.476293259	2.476082767	2.472311085	2.34908445	2.258283705
	2.181871887	2.181871887	2.34908445	1.705855189	1.78264663
	1.78264663	1.861849599	1.988429299	2.050903435	2.143051861
	1.666121959	1.634459673	1.666121959	2.353322811	2.388293422
	2.388293422	2.459605587	2.453642919	2.476293259	2.502163949
	2.511006119	2.422345903	2.444776954	2.422345903	2.472311085
	2.492093163	2.476082767	2.402790094	2.258283705	2.258283705
	2.181871887	2.370458835	1.769811436	1.840226468	1.840226468
	1.988429299	1.988429299	2.077148397	2.224825738	1.714654957
	1.751961847	1.714654957	2.424062321	2.424308535	2.424308535
	2.482013548	2.482013548	2.502163949	2.485699694	2.509798364
	2.511006119	2.447939395	2.480423003	2.449356327	2.38739713
	2.321622927	2.224825738	2.321622927	1.751961847	2.003646176
	1.882604685	2.287184926	2.003646176	2.071116901	2.152299474
	2.224825738	1.714654957	1.798598624	1.826917372	2.429576155
	2.460845399	2.460845399	2.53374857	2.528607324	2.537147503
	2.512688569	2.523110095	2.512688569	2.449356327	2.427564299
	2.382412841	2.321622927	1.922055	2.003646176	1.922055
	2.287184926	2.28475914	2.071116901	2.175608398	1.812602174
	1.826917372	1.826917372	2.49381862	2.517916503	2.487613968
	2.570502068	2.517916503	2.558888839	2.603612587	2.554576008
	2.554576008	2.49065966	2.49065966	2.424680782	2.424680782
	1.966035634	2.096000945	1.966035634	2.294498983	2.294498983
	2.19151932	2.096000945	1.866505846	1.894953116	1.866505846
	2.49381862	2.517916503	2.526864797	2.602310385	2.596783457
	2.596783457	2.635433615	2.554576008	2.474052967	2.538917453
	2.403904496	1.966035634	2.096000945	1.976668242	2.260402467
	2.403904496	2.233090368	1.866505846	1.963215231	1.934928185
	2.526864797	2.602310385	2.571625964	2.645184951	2.596783457
	2.635433615	2.538917453	2.471312778	2.538917453	2.471312778
	1.963215231	2.135530074	2.106976533	2.233090368	2.241737663
	2.135530074	2.471312778	1.918947372	2.069857541	1.981437312
	2.559994834	2.646264545	2.59900725	2.59900725	2.645184951
	2.696502123	2.705186774	2.554704564	2.490349501	2.362860993
	2.069857541	2.257410115	2.257410115	2.635644238	2.538902209
	1.981437312	2.069857541	2.038647833	2.630047653	2.705186774
	2.747179213	2.684453459	2.695915397	2.76289522	2.588610104
	2.362860993	2.24461989	2.257410115	2.684453459	2.635644238
	2.479463551	2.39127963	2.107503832	2.107503832	2.630047653
	2.702679868	2.781189287	2.690027206	2.810135534	2.631884117
	2.591141177	2.24461989	2.591141177	2.39127963	2.107503832
	2.10374056	2.775638006	2.781189287	2.967139648	2.798606548
	2.926747945	2.672698722	2.591141177	2.453317465	2.284677163
	2.18405271	2.18405271	2.74752683	2.840814007	2.967139648
	2.926747945	2.677215111	2.677215111	2.316240563	2.399477954
	2.399477954	2.840814007	3.032446807	3.163867057	2.832940447
	2.55183366	2.399477954	2.973000293	3.426728854	3.027698016
	2.55183366	2.55183366	3.426728854	3.426728854	3.027698016
	3.163562988	4.008558067	3.163562988	4.67866492	1.210495461
	1.152172307	1.43004063	1.43004063	0.6514934944	1.446552665
	0.7738931024	0.6344532946	0.6514934944	1.5626698	1.064747586
	1.5626698	1.445136822	1.291974299	1.450853685	1.445795915
	1.156186145	1.460339321	1.13460396	1.460722283	1.466591693
	1.446552665	1.446552665	0.6344532946	0.6796531351	1.531472066
	1.475637644	1.311317388	1.311317388	1.308350089	1.391857667
	1.433536499	1.278689102	1.553533874	1.5626698	1.445136822
	1.445136822	1.450853685	1.450853685	1.450106208	1.460722283
	1.460339321	1.462580054	1.474351744	1.460722283	1.483229748
	1.4694245	1.470954437	1.531472066	1.531472066	0.740264671
	1.475637644	1.495201136	0.7191023787	1.464142135	1.461125348
	1.311317388	1.48469039	1.294347137	1.623809328	1.308934655
	1.308934655	1.433536499	1.392657421	1.294347137	1.411983456
	1.463839809	1.45275869	1.459866452	1.45649612	1.444915317
	1.45649612	1.473275604	1.462725145	1.463004138	1.463839809
	1.474351744	1.474351744	1.495201136	1.485999024	1.510196539
	1.510196539	1.474656223	1.499047908	1.502925358	1.479284938
	1.481046288	0.812824044	0.8203402266	1.474656223	1.461125348
	1.48469039	1.479284938	1.493288186	1.295471351	1.462131324
	1.575392218	1.452140176	1.462486157	1.411983456	1.463085484
	1.398285077	1.411983456	1.464294782	1.462486157	1.464294782
	1.45649612	1.453739972	1.462725145	1.46561136	1.471436647
	1.478605378	1.478605378	1.485999024	1.491351497	1.499894947
	1.510196539	1.491351497	1.497368188	0.8025145694	1.501828343
	1.479284938	1.501828343	1.498727115	1.479614224	1.487206332
	1.479614224	1.488208183	1.505849167	1.110096281	1.493288186
	1.493288186	1.450409039	1.428920727	1.452140176	1.452140176
	1.435364149	1.42108202	1.42108202	1.412171705	1.435364149
	1.442213338	1.46561136	1.460068108	1.460068108	1.466889617
	1.464843858	1.471436647	1.469586972	1.469586972	1.483520502
	1.476142291	1.487353476	1.491351497	1.497368188	1.497368188
	1.495376167	1.500886547	0.8278472739	1.285649505	1.536576232
	1.521368007	1.52689255	1.492298617	1.48995428	1.484830349
	1.476579651	1.479614224	1.52689255	1.505849167	0.8888709281
	1.433341251	1.420854165	1.444333415	1.437209817	1.452678324
	1.435364149	1.428693457	1.42108202	1.444333415	1.435116516
	1.466889617	1.466889617	1.456055676	1.464580172	1.466339128
	1.47314654	1.479596587	1.468471425	1.472379468	1.487353476
	1.486736583	1.494848131	1.494256792	1.495126213	1.495126213
	1.285649505	1.505119086	1.285649505	1.514725336	1.498301197
	0.891180505	1.536576232	1.536576232	1.521136422	1.492316567
	1.487743458	1.491195076	1.51648471	1.505537066	1.433341251
	1.193633932	0.8888709281	1.382118902	1.410065634	1.420854165
	1.420854165	1.447686942	1.456055676	1.447686942	1.446182196
	1.435116516	1.427647156	1.435116516	1.468614109	1.468614109
	1.456912703	1.462567886	1.479596587	1.479596587	1.472713968
	1.472713968	1.489112292	1.486736583	1.494858938	1.494407344
	1.495939911	1.495126213	1.480024257	1.480024257	1.526585155
	1.626319955	1.502712926	1.483463757	0.6745268475	1.521136422
	1.498668408	1.521136422	1.519042256	1.497517424	1.497517424
	1.495939911	1.503085534	1.522240838	1.505537066	1.424938457
	1.399301633	1.193633932	1.382118902	0.6846336193	1.378756523
	1.476252083	1.405345512	1.405345512	1.428437137	1.41284248
	1.456912703	1.447686942	1.44906491	1.445707188	1.438078805
	1.438078805	1.468614109	1.465425663	1.456912703	1.478098072
	1.482424936	1.471058062	1.471058062	1.492800503	1.48667956
	1.495406412	1.494407344	1.495336231	1.498668408	1.480024257
	1.526585155	1.526585155	1.508967238	1.514521355	1.517535739
	1.498745153	0.6893443971	1.522240838	1.519042256	1.519042256
	1.497163392	1.497163392	1.497517424	1.503085534	1.509398313
	1.518340358	1.399254009	1.402020847	1.402579997	1.345240115
	1.345240115	1.382525731	1.474187472	1.402020847	1.413885786
	1.428437137	1.428437137	1.459797629	1.450034748	1.446019776
	1.446019776	1.437202889	1.458699675	1.467267899	1.482424936
	1.482424936	1.471058062	1.464810167	1.475518127	1.492800503
	1.490497084	1.496374751	1.495293778	1.499199931	1.527239613
	1.50978545	1.492775615	1.493442196	1.52075986	1.493967366
	1.490792611	0.6893443971	1.513783049	1.514420233	1.519872727
	1.503697994	1.503697994	1.507176392	1.509398313	1.509398313
	1.378801568	1.399254009	1.402020847	1.391656936	1.345240115
	1.38495015	1.38495015	1.480354123	1.409793012	1.42423034
	1.42423034	1.437202889	1.458699675	1.45254999	1.446019776
	1.446916568	1.438923655	1.464810167	1.484504242	1.484504242
	1.471386056	1.4617474	1.471199326	1.488303039	1.490497084
	1.497508765	1.499199931	1.514483942	1.497441145	1.492775615
	1.492775615	1.52075986	1.513501141	1.499056778	1.517059617
	1.517059617	0.6906843581	1.514420233	1.513783049	1.514420233
	1.513501141	1.501919136	1.503697994	1.507176392	1.511514353
	1.357750601	1.378801568	1.332598082	1.409793012	1.401093239
	1.390952276	1.361485296	1.390952276	1.38495015	1.480354123
	1.438923655	1.409793012	1.42423034	1.429677399	1.454469878
	1.450767052	1.444059045	1.444059045	1.459062607	1.480933394
	1.485172104	1.472340246	1.468022471	1.459062607	1.472340246
	1.489604439	1.494543882	1.497508765	1.499880166	1.507602172
	1.497441145	1.497134944	1.509634026	1.513501141	1.496290382
	0.6477300499	1.481453192	1.517059617	1.514685893	1.515308194
	1.515595199	1.504662655	1.506817544	1.506912753	1.501572979
	1.500740546	1.508541124	1.321142647	1.361485296	1.321142647
	1.302735212	1.411966555	1.397188956	1.397188956	1.353957241
	1.368279959	1.38068591	1.368274935	1.481407566	1.429677399
	1.411966555	1.429677399	1.450767052	1.450767052	1.444059045
	1.441672179	1.433224726	1.459062607	1.481407566	1.485172104
	1.472340246	1.468156816	1.458182777	1.472588951	1.494383984
	1.494383984	1.499880166	1.499880166	1.501697486	1.497898497
	1.495760362	1.501820437	1.509634026	1.495760362	1.486232679
	1.478858786	1.541191184	1.481453192	1.502008712	1.506930323
	1.508541124	1.50591964	1.506930323	1.503389315	1.500740546
	1.500740546	1.503389315	1.321142647	1.294527465	1.294527465
	1.268712783	1.411966555	1.397188956	1.340005988	1.368274935
	1.380067692	1.368274935	1.481407566	1.482685017	1.425459606
	1.420617562	1.402737944	1.420617562	1.451907018	1.441672179
	1.431845504	1.453134893	1.482685017	1.485088012	1.461091221
	1.472588951	1.467771882	1.472588951	1.492851212	1.494358018
	1.494358018	1.499228497	1.499868592	1.499868592	1.498742976
	1.493729368	1.490115906	1.489857587	1.478858786	1.478858786
	1.482246581	1.502008712	1.49848175	1.506930323	1.504828835
	1.507492899	1.503389315	1.500097678	1.502307115	1.344405589
	1.340005988	1.333609065	1.302904379	1.160544421	1.268712783
	1.338186367	1.402737944	1.386731713	1.366824418	1.366824418
	1.381298173	1.477630396	1.425459606	1.405571371	1.414919641
	1.40786885	1.445322683	1.436796871	1.43070108	1.450187516
	1.482966493	1.488635639	1.456438384	1.466928218	1.472862777
	1.472862777	1.494143962	1.490327349	1.494358018	1.499228497
	1.499228497	1.497611988	1.467148495	1.496480485	1.492372407
	1.492111251	1.467148495	1.489623962	1.492111251	0.7741975029
	1.49848175	1.500111706	1.503147703	1.498030542	1.496738475
	1.496863107	1.498413892	1.360275646	1.347234703	1.339789613
	1.338186367	0.6125016623	1.338186367	0.5320158418	1.38669352
	1.360275646	1.372082111	1.477729889	1.397121708	1.424769033
	1.40786885	1.40786885	1.444319108	1.442939626	1.420512759
	1.429940062	1.456438384	1.482085149	1.490327349	1.456438384
	1.466928218	1.472533688	1.472533688	1.496863107	1.492612786
	1.492612786	1.499904682	1.500118999	1.358625458	1.493995967
	1.492372407	1.492372407	1.492111251	1.476083023	1.494211106
	0.7741975029	1.446202211	1.494272265	1.494283951	1.497941202
	1.498030542	1.498030542	1.498413892	1.496863107	1.498413892
	1.367038429	1.347234703	1.347234703	1.339789613	1.338923985
	1.38450681	0.7679323594	1.340209481	1.276795243	1.38669352
	1.367038429	1.382359991	1.477541606	1.398413589	1.412088914
	1.407823406	1.417883731	1.451764237	1.428672125	1.443261858
	1.434985414	1.434985414	1.443261858	1.483875938	0.8371926908
	0.8371926908	1.489343536	1.471133087	1.454963892	1.463753689
	1.472533688	1.482270663	1.49375659	1.485479246	1.494272265
	1.459789683	1.493445858	1.488198018	1.490745017	1.4857366
	1.476083023	1.446202211	1.457491421	1.494272265	1.494283951
	1.496369258	1.499389006	1.497072299	1.485479246	1.494232483
	1.487275377	1.367038429	1.356207437	1.347131395	1.276795243
	1.332360546	1.274138849	1.330568703	1.330568703	1.226053642
	1.276795243	1.382359991	1.390087902	1.481604164	1.401989451
	1.407780744	1.407780744	1.415182298	1.457179119	1.428672125
	1.436705996	1.443261858	1.477527476	1.458290936	0.9410567427
	1.413424998	0.6034758023	1.471007871	1.470867281	1.457179119
	1.466364459	1.477527476	1.484342516	1.485479246	1.492436309
	1.459789683	1.490745017	1.490745017	1.477344014	1.483196377
	1.458290936	1.465481904	1.492260337	1.489369666	1.493454599
	1.490173795	1.490173795	1.487235608	1.483584295	1.483243514
	1.356207437	1.336505823	1.274138849	1.251808693	1.321339307
	1.330568703	1.339742483	1.251808693	1.380292098	1.372587236
	1.47940024	1.39603357	1.411204473	1.411204473	1.428335014
	1.457179119	1.442757811	1.43598966	1.428335014	1.472099874
	1.455183971	0.9750135035	0.9750135035	1.413424998	1.241442733
	1.474515403	1.465750639	1.455195145	1.472099874	1.482731955
	1.481704116	1.489460099	1.473821841	1.488280704	1.477344014
	1.477344014	1.465207156	1.473821841	1.482136847	1.490340997
	1.490340997	1.481704116	1.489585703	1.483584295	1.483953834
	1.481203485	1.480351158	1.351804288	1.361824202	1.339742483
	1.275683117	1.275683117	1.309959638	1.311309032	1.339742483
	1.241442733	1.273866952	1.39603357	1.390282792	1.380292098
	1.466347564	1.39603357	1.41950508	1.428335014	1.450524832
	1.450524832	1.443224539	1.43598966	1.472099874	1.455384917
	1.17367115	1.472963682	1.455036984	1.070721667	0.6142914461
	1.469026807	1.461899875	1.470159878	1.470159878	1.474783142
	1.48397467	1.473821841	1.481662373	1.479034172	1.46384503
	1.475582091	1.482130383	1.483953834	1.476043048	1.483953834
	1.481837932	1.481201672	1.481837932	1.478882161	1.360474858
	1.360474858	1.346308988	1.335484478	1.275683117	1.295318794
	1.311309032	1.311309032	1.288633206	1.295318794	1.40027901
	1.380481063	1.380481063	1.466347564	1.445904451	1.408831389
	1.41950508	1.427455441	1.450524832	1.443224539	1.424988784
	1.460776351	1.455637182	1.472963682	1.449270789	1.467645633
	1.465868223	1.372933017	0.61775647	1.461899875	1.459014935
	1.468163326	1.470015286	1.479034172	1.475582091	1.479242614
	1.476129732	1.469644418	1.469551846	1.478395926	1.474861251
	1.478516141	1.481837932	1.478882161	1.360474858	1.353419655
	1.335484478	1.329176905	1.307480539	1.32005913	1.315402708
	1.299977825	1.299977825	1.384367037	1.385267235	1.380481063
	1.452402906	1.445904451	1.445904451	1.408831389	1.416126037
	1.424932099	1.430778802	1.424932099	1.452402906	1.467645633
	1.462560693	1.462560693	1.462963323	1.169272112	1.169272112
	0.6353622165	0.5317055646	1.249852129	1.455863543	1.468163326
	1.465011124	1.470015286	1.476129732	1.469242782	1.476182177
	1.476129732	1.469242782	1.476259835	1.471964698	1.478516141
	1.471964698	1.353419655	1.353419655	1.331762733	1.331762733
	1.311169066	1.311169066	1.288788756	1.288788756	1.249852129
	1.394696102	1.384367037	1.365676545	1.452402906	1.447434776
	1.44006255	1.412793663	1.394696102	1.424932099	1.430751609
	1.453082043	1.464196757	1.47218657	1.463616821	1.462560693
	1.457203943	1.496923183	1.223130858	1.223130858	1.229335778
	1.453082043	1.457901581	1.463902353	1.469070074	1.476182177
	1.468522845	1.471604843	1.476182177	1.464196757	1.468522845
	1.476259835	1.471964698	1.471942512	1.341453358	1.350935014
	1.331762733	1.341453358	1.313063031	1.311169066	1.271121128
	1.288788756	1.271121128	1.402061903	1.39282694	1.37645062
	1.357984148	1.442546011	1.44195686	1.436708023	1.442546011
	1.423072019	1.402061903	1.423072019	1.453082043	1.43489135
	1.457224003	1.464196757	1.450583657	1.4595644	1.43489135
	1.229335778	1.353039085	1.457020822	1.461466236	1.457020822
	1.471292565	1.472675713	1.471604843	1.463073096	1.463073096
	1.468964617	1.466908629	1.357984148	1.357984148	1.341453358
	1.317181576	1.34091206	1.308811482	1.308811482	1.299461731
	1.284972006	1.27720344	1.402061903	1.390379935	1.37422508
	1.442546011	1.436161601	1.42390934	1.445810361	1.423072019
	1.404869321	1.412037241	1.450416454	1.441445371	1.464423752
	1.457224003	1.460545278	1.454041869	1.376989526	0.6183449849
	1.256498573	1.42390934	1.457020822	1.459367214	1.461466236
	1.464099429	1.466199422	1.464728232	1.461604802	1.460010619
	1.462441653	1.357506854	1.348002406	1.34091206	1.330337884
	1.310189356	1.317800089	1.308811482	1.299461731	1.308270629
	1.390379935	1.37422508	1.37422508	1.440035082	1.421271444
	1.440035082	1.417622881	1.40582104	1.450416454	1.439555269
	1.439555269	1.439555269	1.461984029	1.459931545	1.301488497
	0.6288347549	1.252861393	1.303367103	1.252861393	1.42999856
	1.443570517	1.421271444	1.458424828	1.455583181	1.455510719
	1.46283752	1.466199422	1.459713013	1.459713013	1.458005663
	1.454959137	1.458424828	1.364441179	1.346336982	1.336716652
	1.330337884	1.317800089	1.317800089	1.308270629	1.3833425
	1.3833425	1.364441179	1.42999856	1.435049462	1.411270315
	1.389932334	1.442658138	1.452469701	1.458427706	1.480043073
	1.458427706	1.452469701	1.352573002	0.6288347549	1.239873563
	1.239873563	1.274445937	1.414697809	1.435049462	1.383281131
	1.419039475	1.458424828	1.452656691	1.456657797	1.456657797
	1.4551615	1.450360044	1.446462777	1.448766388	1.453016536
	1.358673765	1.333314339	1.333314339	1.318523079	1.309521912
	1.3833425	1.358673765	1.402557408	1.418665817	1.435049462
	1.389932334	1.440898954	1.452469701	1.43782642	1.458427706
	1.60706537	1.669340844	1.240264798	1.287768166	1.239873563
	1.248829358	1.440898954	1.384511472	1.418665817	1.444390623
	1.448766388	1.456657797	1.4551615	1.449841802	1.444853854
	1.446462777	1.446797599	1.453016536	1.358673765	1.333314339
	1.287768166	1.321310493	1.318008702	1.373450558	1.354318975
	1.409722211	1.418665817	1.432496457	1.390562259	1.444390623
	1.439047735	1.43782642	1.298208236	1.240264798	1.277846326
	1.298703879	1.233485655	1.233485655	1.433350941	1.379578704
	1.409129715	1.442376248	1.442376248	1.444533792	1.446970723
	1.446709386	1.445552377	1.444853854	1.444195823	1.354318975
	1.343234302	1.298703879	1.321310493	1.367351293	1.355669375
	1.399637446	1.41873066	1.433350941	1.399637446	1.438912117
	1.298208236	1.439047735	1.440105328	1.340222692	0.5344522355
	1.292595369	1.292595369	1.1109503	1.291155795	1.379026308
	1.422011928	1.4148101	1.442376248	1.444195823	1.440105328
	1.441263678	1.441263678	1.440311498	1.444195823	1.355669375
	1.343234302	1.316058827	1.371286267	1.379026308	1.399637446
	1.416709138	1.399164652	1.429182742	1.429199375	1.440105328
	1.4280895	1.414748438	1.254652565	0.6523672384	1.319484422
	1.332452153	1.367946591	1.367946591	1.379026308	1.422011928
	1.416709138	1.241466968	1.430581918	1.433589113	1.435854544
	1.44185423	1.435854544	1.344116963	1.332452153	1.332452153
	1.370109374	1.382661451	1.407744352	1.419704288	1.396767458
	1.429182742	1.429199375	1.433589113	1.4280895	1.394061549
	1.157949236	1.157949236	1.342006014	1.367946591	1.342006014
	1.381633296	1.419704288	1.40395907	1.179140823	1.424696457
	1.434819648	1.435854544	1.429625062	1.357928137	1.349492439
	1.371734674	1.381633296	1.40395907	1.403378072	1.381633296
	1.424696457	1.414184151	1.420949115	1.419393457	1.425918194
	1.266695859	1.305175438	1.342006014	1.299508628	1.331858891
	1.200594222	1.424696457	1.42040677	1.417272879	1.349492439
	1.340691153	1.371734674	1.386084809	1.403378072	1.403378072
	1.386084809	1.41048932	1.404843332	1.41866922	1.415733331
	0.5476672085	1.328668173	1.331858891	1.32618264	1.417749146
	1.41866922	1.417272879	1.417272879	1.407789402	1.362508976
	1.352038764	1.362508976	1.386084809	1.39874529	1.387673505
	1.39874529	1.415733331	0.5769330605	1.329256406	1.329256406
	1.150314267	1.409202115	1.407789402	1.374413489	1.374683415
	1.384084403	1.398489551	1.398987897	1.384084403	1.387663075
	1.457764915	1.344724748	1.329256406	1.374127694	1.415297797
	0.9551307201	1.387897522	1.387897522	1.377337028	1.384084403
	1.398147164	1.387663075	1.387663075	1.457764915	0.6892030856
	1.369826669	1.352065204	1.387897522	1.377337028	1.384249079
	1.384249079	0.9015268715	1.358531371	1.352065204	1.404184809
	1.358531371	0.8151903067	0.6888309979	0.7166254345	