5884	
	1.999801016	2.000263386	2.000263386	2.001809744	2.000946931
	1.998307649	1.995962051	2.001809744	2.000253019	1.998307649
	1.998307649	1.993249163	2.002016934	2.002016934	2.001884227
	2.00087141	2.000253019	1.99806995	1.993249163	1.993249163
	2.002187269	2.002549015	2.002187269	2.004804457	2.000173259
	2.00018294	2.00018294	1.995458449	1.990407172	2.002979619
	2.005262547	2.002187269	2.004804457	2.008491676	2.005020591
	2.000500879	1.997914179	1.993945441	1.993945441	1.999130704
	1.999085189	2.00197028	1.996103992	2.008491676	2.008184307
	1.999613124	2.005020591	2.008184307	2.005020591	2.000500879
	2.000500879	2.001707413	1.993945441	1.98861891	1.986386023
	2.001698035	1.996159484	1.996103992	1.996103992	2.014597723
	2.006176253	2.022839163	1.999791941	1.985518771	2.006267041
	2.019644976	2.006267041	2.001707413	2.025069548	2.006370237
	1.993148729	1.99018441	1.983224555	1.996159484	1.999791941
	1.991732531	2.004489245	2.025863786	2.025863786	2.035666468
	1.977727234	1.980599149	2.019644976	2.019644976	2.019978933
	2.006370237	2.025069548	2.00431016	1.996381217	1.987951433
	1.983224555	2.004489245	1.997941196	1.974848681	2.02987525
	2.004851592	2.035666468	2.025863786	2.035627948	2.035666468
	2.039544055	1.980599149	1.980599149	2.035294959	2.016685434
	2.014105671	2.051578752	2.035294959	1.996381217	2.016417943
	1.996381217	1.983235766	1.983235766	2.004851592	1.994404269
	1.974848681	2.02987525	2.035627948	2.043248858	2.028876688
	2.055850961	2.055850961	1.970263631	1.955841882	2.070745694
	2.070745694	2.035294959	2.039183936	2.058080311	2.062036914
	2.034681502	2.007260985	2.007260985	2.062036914	1.992838893
	1.977916397	1.979137393	1.965137541	2.008574281	1.995780819
	2.028876688	2.072701693	2.066041817	2.036197483	2.098931402
	2.072701693	1.942185683	1.942185683	2.103208157	2.103208157
	2.098931402	2.049044621	2.062036914	2.034681502	2.023235091
	2.007260985	2.098221681	1.977916397	1.977916397	1.95118713
	1.942710118	1.970608474	1.999850732	2.008574281	2.036197483
	2.094317152	2.036197483	2.066041817	2.12740256	2.102752179
	2.152895173	1.939180414	1.920447012	2.103208157	2.147665337
	2.11732177	2.180936039	2.054923228	2.064310531	2.045632325
	2.045632325	2.008280503	2.098221681	2.098221681	1.986114194
	1.959774895	1.935166924	1.947641762	2.001839917	1.975241995
	2.02847418	2.02847418	2.102752179	2.066579312	2.066579312
	2.152895173	2.121411007	2.152895173	1.939180414	1.920447012
	2.147665337	2.180936039	2.232839223	2.197843628	2.147665337
	2.149858996	2.091360215	2.06033398	2.030596399	2.006369223
	2.109507747	2.116288511	1.977540573	1.977540573	1.935166924
	1.947641762	1.947641762	2.021360786	1.975241995	2.021360786
	2.075890285	2.121411007	2.104596376	2.044883762	2.150525287
	2.121411007	2.147604595	2.226432893	1.912727362	1.882695237
	2.232839223	2.169284754	2.197843628	2.232839223	2.197843628
	2.196218451	2.109507747	2.061365864	2.008915302	2.006369223
	2.109507747	2.150140292	1.967273811	1.967273811	1.892898304
	1.917816778	1.950043871	1.983898671	2.014844563	2.077932905
	2.104596376	2.104596376	2.044883762	2.009616187	2.201420954
	2.201420954	2.149065499	2.226432893	2.271163088	1.882695237
	1.882695237	2.28264209	2.178021553	2.219090865	2.28264209
	2.227375476	2.183975184	2.061365864	2.061365864	2.031671937
	2.028715025	2.097363453	2.178021553	1.995407438	1.91322664
	1.869143538	1.903681102	1.943296056	1.979355067	2.009616187
	2.009616187	2.077932905	2.132873464	2.079880998	2.074110507
	2.201420954	2.198441739	2.162280631	2.273620995	2.291906189
	2.291906189	1.850549844	1.903681102	1.850549844	2.328938142
	2.328938142	2.193104494	2.229330482	2.305935321	2.28814571
	2.250704863	2.250704863	2.0984721	2.031671937	2.031671937
	1.98765733	2.136791706	2.176219193	1.94322389	1.869143538
	1.869143538	1.903681102	1.964114309	1.964114309	2.023023851
	2.032263037	2.127333505	2.127333505	2.074110507	2.224830756
	2.195501413	2.195501413	2.273620995	2.338053565	2.316453425
	1.885122165	1.850549844	1.861942355	1.842717616	2.370068976
	2.370068976	2.400660558	2.3611541	2.328938142	2.306612692
	2.175336613	2.299136083	2.299136083	2.250704863	2.254514135
	2.10183842	2.066072555	2.066072555	1.94322389	2.135803786
	2.187088578	1.94322389	1.83764488	1.806265023	1.950690713
	1.978588272	1.982061588	2.023023851	2.165801807	2.059726382
	2.127333505	2.226684828	2.197663747	2.197663747	2.283459309
	2.368129823	2.283459309	2.360406039	2.402833686	1.904909159
	1.878998205	1.844284746	1.844284746	1.809136003	2.370068976
	2.412497252	2.402833686	2.398979162	2.432970648	2.366547168
	2.350027116	2.187088578	2.329574892	2.329574892	2.269501503
	2.321700853	2.10183842	2.066072555	2.017462615	2.027377468
	2.106705615	2.187088578	1.909608547	1.957626196	1.8462186
	1.843785926	1.9818643	2.004012142	1.9818643	2.070391434
	2.150043002	2.095574395	2.150043002	2.03498756	2.263319959
	2.197663747	2.360406039	2.266286192	2.314988847	2.189131131
	2.417144624	2.404011944	2.389030298	2.369107389	2.402833686
	1.942997661	1.906722862	1.87136967	1.83573021	1.835390735
	1.793645051	2.391777822	2.417144624	2.417144624	2.398979162
	2.412497252	2.398979162	2.432970648	2.366547168	2.410958644
	2.356189619	2.224422017	2.290331853	2.329574892	2.290331853
	2.102818639	2.102818639	2.013493069	2.151764379	2.200559703
	2.013493069	1.909608547	1.957626196	1.8462186	1.818052619
	1.9818643	2.004012142	2.090498872	2.150043002	2.139702993
	2.087682638	2.032369423	2.212010817	2.241784631	2.355404316
	2.266286192	2.247729288	2.218117401	2.346869928	2.346869928
	2.355096806	2.382592805	2.382592805	2.347789374	1.906722862
	1.87136967	1.87136967	1.807999793	1.823272224	1.792917473
	2.137152653	2.38406534	2.38406534	2.468343233	2.468343233
	2.484763077	2.426136941	2.459579488	2.426136941	2.356015062
	2.401994298	2.458959897	2.407233006	2.240611188	2.3232404
	2.356015062	2.356015062	2.102818639	2.013493069	2.240611188
	2.151764379	2.163939998	2.050485734	1.997068966	1.87271248
	1.94341911	1.793409431	1.702629785	1.954481834	1.993810461
	2.139702993	2.087682638	2.087682638	2.032369423	2.032369423
	1.772134639	2.072994537	2.212010817	2.318088524	2.247729288
	2.317859159	2.247729288	2.179804926	2.353915657	2.317304659
	2.317304659	2.382592805	2.318088524	1.909955115	1.869036495
	1.823272224	1.793681376	1.793681376	1.769975987	2.678659855
	1.82791387	2.243957172	2.35036768	2.38406534	2.468343233
	2.514179203	2.514179203	2.458959897	2.493391182	2.407233006
	2.401994298	2.458959897	2.407233006	2.240611188	2.3232404
	2.37230379	2.106050758	2.108434064	2.210997968	2.266613857
	2.210997968	2.050494681	1.997068966	1.853578787	1.853578787
	1.769027088	1.702629785	1.907260714	1.987513111	2.188629952
	2.140467777	2.080551288	2.055632386	2.017580489	2.554179462
	1.640411729	2.072994537	2.215137399	2.33141183	2.317859159
	2.239815981	2.267615868	2.188629952	2.188629952	2.317304659
	2.215137399	2.335229867	2.231026298	2.342858609	1.907260714
	1.854970964	1.835338655	1.793681376	1.788988725	1.769975987
	2.923830507	2.243957172	2.35036768	2.405917678	2.405917678
	2.480397198	2.496830118	2.489743026	2.489743026	2.492882367
	2.4152664	2.446458248	2.359864205	2.37230379	2.359864205
	2.108434064	2.09770072	2.305416707	2.206765601	2.050494681
	1.973077865	1.769027088	1.903378482	1.769027088	1.740963192
	1.906870233	1.926755308	2.074349791	2.152787015	2.074349791
	2.022817888	1.98279818	2.554179462	1.577475241	2.027250879
	2.067290919	2.256104702	2.266941728	2.186042646	2.128677546
	2.18299261	2.257034963	2.231026298	2.231026298	2.18299261
	1.854970964	1.87826018	1.854970964	1.802419838	1.762286083
	1.773130752	1.762286083	3.142961316	2.140140379	2.497774685
	2.497774685	2.506256789	2.518903574	2.541011647	2.489897842
	2.446458248	2.419650438	2.446458248	2.348555489	2.386937249
	2.357505731	2.268329522	2.09770072	2.09770072	2.206765601
	2.040609446	2.043869059	1.903378482	1.834706626	1.888083878
	1.740963192	1.720516463	1.87826018	1.906870233	1.949247352
	2.074349791	2.128677546	2.084082397	2.022817888	1.994577806
	1.973128879	2.334710252	1.538180798	2.067290919	2.067290919
	2.21835876	2.113318945	2.18299261	2.21835876	2.190603547
	2.159447733	1.87826018	1.862970019	1.802419838	1.802419838
	1.764007025	1.743586494	1.726290644	3.509016287	2.307854554
	2.497774685	2.506256789	2.506256789	2.489897842	2.542004756
	2.489897842	2.467741049	2.462783367	2.386937249	2.565682633
	2.268329522	2.366754557	2.366754557	2.268329522	2.419622985
	2.151557481	2.2139399	2.021168049	2.090624234	1.962194706
	1.802035167	1.802035167	2.055242488	1.801119663	1.694474479
	1.847888756	1.949247352	2.055242488	2.113318945	2.035322583
	2.010416312	1.955983245	1.973128879	2.503319281	1.527553751
	1.914475948	2.022790318	2.10550229	2.049358848	2.10550229
	2.0363667	2.196281117	2.159447733	1.847888756	1.843691369
	1.807188518	1.826442839	1.776959142	1.743586494	1.743586494
	1.718361129	3.437214459	2.341432413	2.645994363	2.636205789
	2.612997886	2.581898728	2.612997886	2.459166455	2.467741049
	2.533232176	2.540562306	2.2139399	2.315083995	2.366754557
	2.398110196	2.090624234	2.216844204	2.021172506	2.090624234
	1.962194706	2.14386264	1.802035167	1.871844081	1.680097005
	1.560695302	2.049358848	1.887180765	1.862541881	2.035322583
	2.055447231	1.966302997	1.941448103	1.904250351	2.503319281
	1.501774637	1.914475948	2.0363667	2.10550229	2.049358848
	2.086377054	2.086453311	1.826442839	1.828257101	1.78491839
	1.778941587	1.826442839	1.776959142	1.718361129	1.731280139
	1.754753375	2.459166455	3.737504336	2.527809438	2.667254207
	2.703785816	2.612997886	2.590715059	2.459007738	2.540562306
	2.334982699	2.447453546	2.315083995	2.33101942	2.315083995
	2.216844204	2.08717635	2.015007152	1.94094251	2.08717635
	1.775217035	1.775217035	1.66499441	1.66499441	2.012235009
	2.022857816	1.870940162	1.966302997	1.966302997	1.941448103
	1.854714092	2.396891077	1.556781614	1.963920279	2.037681513
	2.086453311	2.020982756	1.844075269	1.844075269	1.778941587
	1.773938239	1.778941587	1.806977909	1.738531136	1.754753375
	1.74937994	1.754753375	2.466381722	2.508153831	4.01860222
	2.829353178	2.757241429	2.757241429	2.590715059	2.590715059
	2.581447319	2.378493912	2.438246164	2.522898388	2.27890421
	2.27890421	2.214943166	2.08717635	2.00844605	1.861030662
	2.214943166	1.768130536	1.861030662	1.658017546	1.547237731
	1.940112318	1.987533275	1.922507266	1.820446472	1.940112318
	1.896143931	2.396891077	1.893600558	1.93898998	1.93898998
	1.987533275	1.789450293	1.844075269	1.757568601	1.773938239
	1.75169222	1.75169222	1.751807719	1.760240296	1.740826089
	1.708797701	1.731470153	1.757634986	2.581447319	4.01860222
	2.740581896	2.757241429	2.831133263	2.694883933	2.694883933
	2.438246164	2.522898388	2.522898388	2.468635472	2.352556533
	2.27890421	2.214943166	2.068685403	2.00844605	1.858384783
	2.069266217	1.764051553	1.858384783	1.764051553	1.544407802
	1.940112318	1.922507266	1.922507266	1.809191346	1.814159272
	1.862390959	2.73958131	1.880260382	1.911102437	1.93898998
	1.89199533	1.809191346	1.787426377	1.787426377	1.809191346
	1.728741794	1.75169222	1.760240296	1.755348838	1.733823091
	1.727071265	1.740359119	1.731470153	1.731470153	1.762995139
	2.633804139	2.710616881	4.031745379	2.769203844	2.831133263
	2.781793917	2.781793917	2.375685635	2.409098089	2.468635472
	2.633804139	2.262192166	2.335749107	2.212824647	2.085451907
	2.085451907	2.012275764	2.085612421	1.764051553	1.852292022
	2.010966998	1.659828702	1.656944333	1.911102437	1.877252691
	1.880734106	1.766048756	1.862390959	1.877252691	2.645295731
	1.904324018	1.852183026	1.904324018	1.852183026	1.755348838
	1.781199172	1.787426377	1.724398249	1.728741794	1.724658242
	1.732695866	1.733823091	1.710188821	1.732970375	1.727071265
	1.738947246	1.745655957	1.738947246	1.762995139	1.762995139
	2.653580391	2.713523296	2.827752917	4.452475042	3.22240998
	2.880900164	2.827752917	2.409098089	2.409098089	2.558367406
	2.55184259	2.390456444	2.323322569	2.299563438	2.224614781
	2.010966998	2.083403858	2.010966998	2.083403858	1.860284641
	1.767851315	1.939290856	1.679132282	1.679132282	1.899620148
	1.831446761	1.744797403	1.766048756	1.831446761	2.673555229
	1.904324018	1.852183026	1.880900202	1.725270365	1.71321331
	1.724398249	1.750358189	1.732695866	1.732695866	1.699010661
	1.706208396	1.714021849	1.706767111	1.744918289	1.753844119
	1.710016137	1.754505557	1.754505557	2.713523296	2.793507144
	2.987905668	4.521266982	3.294522428	2.987905668	2.450761018
	2.564075184	2.548011957	2.754039216	2.369376555	2.295467335
	2.224614781	2.015359812	2.083403858	2.15869784	2.162689886
	2.162689886	1.774145103	1.869064553	1.870557727	1.679132282
	1.774145103	1.702820361	1.702820361	1.820353043	1.761207039
	1.744797403	1.780625849	2.673555229	1.87588393	1.880900202
	1.820353043	1.714021849	1.667220764	1.771930987	1.740355678
	1.712129263	1.676591767	1.699010661	1.742581015	1.720068602
	1.676591767	1.706208396	1.706208396	1.754334975	1.721065456
	1.726086836	1.726086836	1.724402566	1.753896889	1.759391959
	1.75990244	1.721448534	2.79247346	2.793507144	3.198588503
	4.803386022	3.20017795	2.450761018	2.548011957	2.548011957
	2.79247346	2.564075184	2.295467335	2.289214919	2.291179954
	2.020222084	2.081941027	2.151870498	2.232592494	1.774145103
	2.034390965	1.889269756	1.889269756	1.828886356	1.828886356
	1.730009707	1.820353043	1.826657847	3.094017444	1.880429279
	1.901883692	1.667220764	1.74536582	1.667220764	1.719536824
	1.712129263	1.676591767	1.714737455	1.70238971	1.687767681
	1.687767681	1.758084509	1.75990244	1.721065456	1.726086836
	1.714737455	1.729948276	1.757024869	1.753613356	1.75990244
	2.79247346	3.067250712	3.20017795	4.803386022	2.457622939
	2.775569373	2.563276556	2.890742823	2.775569373	2.289214919
	2.289214919	2.232592494	2.034390965	2.151870498	2.151870498
	2.129787208	2.24144625	1.976758033	2.034390965	1.889269756
	1.826657847	1.62952132	1.831917323	1.854691751	1.854691751
	1.901883692	1.74536582	3.159437482	1.966106675	1.722375955
	1.75268602	1.75268602	1.708497584	1.688886753	1.724898412
	1.70238971	1.70238971	1.732468862	1.762834455	1.751834277
	1.779122566	1.726514207	1.717921648	1.754106895	1.726514207
	1.739215366	1.757207649	3.067250712	3.067250712	4.813571888
	2.457622939	2.773057018	2.457622939	2.657542497	2.930665455
	2.376292761	2.376918541	1.976758033	2.034360427	2.17848679
	2.248454675	2.133993441	2.192655074	1.996260097	1.801168739
	1.766276208	2.039626433	1.854691751	1.761346094	1.769930641
	1.996319157	1.920878417	1.828601715	3.183823721	1.675372276
	1.688886753	1.75268602	1.743063428	1.708432248	1.688886753
	1.724898412	1.717921648	1.732468862	1.78481267	1.794342234
	1.783284897	1.784576785	1.717921648	1.754106895	1.774665254
	1.794866894	1.725876985	2.930665455	3.297691821	4.813571888
	2.376292761	2.5518929	2.773057018	2.553418906	3.091471356
	2.376292761	2.313811844	2.385617161	2.091918784	2.248454675
	2.17848679	2.213208978	2.213208978	2.091918784	2.110113082
	1.84037081	1.84037081	1.922599745	2.042931278	2.057318852
	1.784513745	1.792817098	1.792817098	1.789986027	1.920878417
	1.920878417	1.803118488	3.252577397	1.730421841	1.71144296
	1.796182757	1.743063428	1.710852964	1.738979604	1.708908237
	1.708908237	1.771326738	1.741447332	1.765916967	1.78481267
	1.78481267	1.794342234	1.813134558	1.794882771	1.78253817
	1.794882771	1.807373742	1.812244348	3.332993351	3.332993351
	5.093664145	2.562893428	2.922193549	2.670365364	2.922193549
	3.07911367	2.385617161	2.340476901	2.562893428	2.21315887
	2.281562169	2.21315887	2.340476901	2.172209241	2.172209241
	1.885073876	1.885073876	1.960493579	2.080119796	2.118249334
	2.083098721	1.822946849	1.775990424	1.792817098	1.791080129
	1.825744858	1.911467279	1.824765924	1.911467279	3.605380069
	1.710373873	1.71144296	1.745196073	1.858288308	1.823722098
	1.737493621	1.779336542	1.779336542	1.774550501	1.783850225
	1.800132703	1.813134558	1.807373742	1.815318639	1.812387332
	1.766817023	1.80639809	1.842553561	3.332993351	6.224506808
	2.562893428	2.784685671	2.922193549	2.784685671	3.07911367
	2.482517213	2.482517213	2.21315887	2.240796113	2.360549413
	2.281562169	2.455666415	2.197891841	1.875017153	1.885073876
	1.889896979	2.116915532	2.167782314	2.167782314	1.829860831
	1.853620736	1.818763615	1.831609219	1.862787572	1.853545821
	1.911467279	2.009656553	3.254193224	1.745196073	1.745196073
	1.894714995	1.823722098	1.808619004	1.842553561	1.813313897
	1.783850225	1.783850225	1.768350213	1.864971009	1.884618337
	1.887307465	1.887307465	1.85301629	1.858687113	1.842553561
	1.85301629	1.837885316	1.866220972	3.103358934	4.892083654
	2.565047968	2.779459886	2.784685671	2.776983026	3.095952556
	2.482517213	2.263674965	2.328862982	2.278351106	2.360549413
	2.455666415	2.263674965	2.263674965	2.565266779	1.935196925
	2.034716645	2.034716645	2.092326305	2.198522634	2.198522634
	1.842332071	1.853620736	1.8795782	1.869803895	1.853545821
	1.883064973	1.883064973	1.901722287	2.009656553	3.254193224
	1.792355462	1.781326509	1.975686989	1.848749441	1.813313897
	1.781326509	1.848749441	1.864971009	1.898440414	1.921704687
	1.952617406	1.908912291	1.908912291	1.866220972	1.874193301
	1.935987352	1.89366395	3.232428431	4.89095271	2.775561584
	2.763839815	2.763839815	2.885530935	2.467997233	2.565266779
	2.330187464	2.360803415	2.379001999	2.467997233	2.252036093
	2.330187464	2.565266779	2.690009086	2.035036673	2.035036673
	2.034716645	2.173552043	2.173552043	2.198522634	2.264887774
	2.348264155	1.890242905	1.908444537	1.938357395	1.850481793
	1.886633184	1.916513228	1.896865831	1.938357395	1.96838807
	1.976652564	1.96838807	1.901722287	1.883064973	1.93557136
	1.901722287	1.975686989	3.156902518	1.852457634	1.820827926
	1.906959124	1.824955635	1.848749441	1.89194338	1.818789295
	1.924001762	1.976863319	1.952617406	1.921704687	2.002638789
	1.908912291	1.917139222	1.935987352	1.976860457	3.163563917
	4.731088322	2.743635682	2.85264488	2.97781515	2.467997233
	2.560769901	2.43348391	2.43348391	2.480004835	2.490076328
	2.305128971	2.560769901	2.614898344	2.572925062	2.164516162
	2.035036673	1.99339612	2.164516162	2.173552043	2.326710763
	2.248457804	2.305128971	2.348264155	2.3610076	1.912692493
	1.928145739	1.93862609	1.896865831	1.895821817	1.940967463
	1.912692493	1.99953898	1.988947714	1.991778159	2.003331873
	1.952727896	1.976652564	1.965490214	1.976652564	2.001139444
	1.99953898	1.96412858	1.93557136	1.93557136	1.987281641
	1.910751692	3.246895887	1.835573461	1.881109278	1.881109278
	1.854847272	1.89194338	1.89194338	1.884992231	1.96412858
	1.976863319	2.031734964	2.002638789	1.990912308	1.982312256
	1.990912308	1.976860457	3.120105111	4.731088322	2.85264488
	2.743635682	2.97781515	2.543876837	2.43348391	2.477305264
	2.543876837	2.656719362	2.656719362	2.584590794	2.196569383
	2.197888956	2.161477317	2.131765236	2.34401191	2.232939421
	2.309640765	2.309640765	2.3610076	2.446104517	2.3610076
	1.912692493	1.928145739	1.942355683	1.910386481	1.967884526
	1.989157674	1.954769209	1.99953898	1.996080731	2.00016654
	1.992935427	1.965490214	1.985273249	1.965491193	2.004996619
	2.004996619	2.000397515	2.001647813	2.003361337	1.997593347
	2.000083797	2.018691429	2.002311881	2.000472256	2.000472256
	1.886601088	2.986886387	1.854847272	1.881109278	1.854847272
	1.899859566	1.985120061	1.928440374	2.036092391	2.018691429
	2.079177747	2.060532866	1.990912308	2.032015593	2.055781039
	3.064821536	4.682119723	2.851580393	2.721569729	2.860755348
	2.543876837	2.446104517	2.477305264	2.667586994	2.584590794
	2.584590794	2.196569383	2.196569383	2.230378659	2.201844254
	2.177823019	2.34401191	2.34401191	2.324760187	2.324760187
	2.481980056	2.403053108	2.450131376	1.972327794	1.972327794
	1.962065935	1.967884526	2.00035192	1.989157674	1.964832765
	2.002720439	1.996483547	1.996483547	1.994002418	1.978455097
	1.978455097	2.000862027	2.000397515	1.999808622	2.003361337
	2.001874804	2.000114731	2.001874804	1.99990822	2.000083797
	2.001448362	2.018691429	2.016774306	2.000472256	2.030152604
	1.818344115	2.986886387	1.913703841	1.865399064	1.913703841
	2.032015593	2.042428314	2.042428314	1.97674887	2.060532866
	2.079177747	2.048286854	2.079177747	2.101259009	2.101259009
	2.043201873	2.860755348	4.453764998	2.755811874	2.721569729
	2.776304584	2.611700028	2.525819013	2.611700028	2.570023654
	2.405559948	2.639376148	2.318734279	2.29420379	2.238225622
	2.205701958	2.226238147	2.217306883	2.397437058	2.331888553
	2.324760187	2.525819013	2.455851472	2.459465743	1.972327794
	2.001275585	2.001275585	2.00035192	2.00035192	2.055581598
	1.991176528	2.005526976	2.005526976	1.994002418	1.987420847
	1.993234177	2.000862027	2.001448362	1.998385627	1.998360067
	2.001278032	2.001874804	1.998884504	2.00438381	2.001448362
	2.058608615	2.055581598	2.097499567	1.679340646	2.855931874
	1.913703841	1.942144178	1.97674887	2.093783102	2.042428314
	2.050718892	2.103460619	2.09003509	2.131871037	2.131871037
	2.101259009	2.127563686	2.706321939	3.942141271	2.730446303
	2.633450308	2.776304584	2.570023654	2.536255985	2.55584233
	2.519463578	2.425657161	2.425657161	2.601111944	2.318734279
	2.318734279	2.29420379	2.302549512	2.226238147	2.217306883
	2.217306883	2.633450308	2.397437058	2.384118131	2.536255985
	2.485562989	2.497229185	1.991176528	2.025067908	2.004236334
	2.100309161	2.067342539	2.005245141	2.067342539	2.013608404
	2.005526976	2.003524945	2.003524945	2.024106153	2.009452176
	2.007545194	2.005094567	1.998360067	1.998360067	2.003259496
	2.000031518	2.000031518	2.00438381	2.003358874	2.009452176
	2.097499567	2.097499567	1.679340646	2.601707828	2.006534899
	1.925719974	2.006534899	2.144663318	2.093783102	2.062093039
	2.137094516	2.146784546	2.157290456	2.156438875	2.192733594
	2.180809709	2.706321939	3.674472983	2.633450308	2.610593787
	2.55584233	2.55584233	2.409209435	2.497229185	2.463651218
	2.463651218	2.565418836	2.385215503	2.385215503	2.345879459
	2.32953453	2.330552584	2.310576387	2.311393983	2.569186027
	2.431105119	2.431105119	2.527235837	2.491375675	2.497229185
	2.015781418	2.138149335	2.025067908	2.024507181	2.102033475
	2.067342539	2.046364504	2.046364504	2.015781418	2.037969391
	2.03910461	2.024106153	2.019801034	2.023490919	1.993582618
	1.995788961	2.002669722	1.995788961	2.003358874	2.011272944
	2.019801034	2.011272944	2.146784546	1.925719974	2.908659038
	2.006534899	1.891526924	2.049681842	2.180809709	2.144663318
	2.102127555	2.178036601	2.175740925	2.157290456	2.227715332
	2.227715332	2.216001395	2.700539629	3.585616493	2.658525837
	2.610593787	2.542633245	2.525345867	2.51801908	2.463651218
	2.447223899	2.447223899	2.542633245	2.384545134	2.385215503
	2.345879459	2.345879459	2.32953453	2.310576387	2.353258171
	2.310576387	2.503403003	2.431105119	2.527235837	2.516099221
	2.500901988	2.516099221	2.169580488	2.169580488	2.028469125
	2.032699036	2.138149335	2.077900385	2.077900385	2.104450927
	2.072642734	2.076782907	2.179997206	2.03910461	2.072382673
	2.03910461	2.019801034	1.991575289	1.994836862	1.998046943
	2.002441924	2.020914349	2.011028726	2.019522582	2.019522582
	2.213365737	1.891526924	2.67641717	2.049681842	1.870093424
	2.049681842	2.133564961	2.21867552	2.21867552	2.135100754
	2.213365737	2.2380458	2.259542693	2.271540412	2.254718842
	2.441909068	3.332406491	2.503403003	2.510548912	2.525345867
	2.525345867	2.489234737	2.454559984	2.468301765	2.481453759
	2.439769124	2.388109171	2.388109171	2.407750846	2.392972933
	2.388613301	2.394505503	2.353258171	2.481453759	2.463169555
	2.439769124	2.500271515	2.516099221	2.489234737	2.476322795
	2.496115439	2.227107112	2.179997206	2.040779209	2.040779209
	2.163549248	2.077900385	2.104450927	2.158082624	2.054590914
	2.054590914	2.083750573	2.072043039	2.048320792	1.994836862
	1.993562287	2.001517817	1.998700352	2.026568461	2.020914349
	2.015077333	2.015077333	2.227107112	2.254999884	1.528225441
	2.67641717	2.01650658	1.899712651	2.150503516	2.297771934
	2.239941806	2.276022945	2.254999884	2.259542693	2.259542693
	2.28918662	2.270022941	3.055533316	2.38910433	2.38910433
	2.512345136	2.458144391	2.483784715	2.468301765	2.481453759
	2.428823975	2.41247522	2.41247522	2.432335522	2.424988004
	2.42329824	2.388613301	2.422625337	2.435741475	2.464132145
	2.448968097	2.457354601	2.50544962	2.512345136	2.50544962
	2.479708317	2.466107183	2.473272475	2.227107112	2.199317328
	2.071775011	2.158082624	2.142220839	2.183919801	2.183919801
	2.09795324	2.071094445	2.13287794	2.09795324	2.06022466
	1.993562287	1.993562287	2.053101629	2.008596898	2.02024395
	2.015077333	2.28733946	2.291469933	2.291469933	1.485292253
	2.497372074	2.01650658	1.9729442	2.122998227	2.28918662
	2.276022945	2.257759331	2.318125662	2.330326236	2.28918662
	1.978205931	3.055533316	2.38910433	2.214026735	2.448006049
	2.465368703	2.469918036	2.411845329	2.44937938	2.44937938
	2.448828525	2.456476718	2.453156431	2.42329824	2.42329824
	2.451559307	2.310721232	2.457061673	2.467803756	2.457061673
	2.50544962	2.448006049	2.471961394	2.453903723	2.453903723
	2.473272475	2.27273639	2.257258813	2.090096672	2.090096672
	2.204699679	2.170774777	2.19068953	2.09795324	2.142838768
	2.129524708	2.075467053	1.994344967	1.992726373	1.992726373
	2.053101629	2.053101629	2.008596898	2.02024395	2.28733946
	2.350635667	2.350635667	2.28733946	1.9729442	2.333006213
	2.095065202	2.031153425	2.301435157	2.327074574	2.337897814
	2.301435157	2.318125662	2.351215042	2.351215042	2.214026735
	2.688565648	2.229422709	2.229422709	2.403044802	2.457256876
	2.455778316	2.371615447	2.467803756	2.46933672	2.49112352
	2.476059608	2.498443542	2.475610708	2.490608045	2.487161788
	2.310721232	2.447436761	2.461225739	2.467803756	2.445037479
	2.429157257	2.38545264	2.453903723	2.432232872	2.415945911
	2.455778316	2.427149842	2.257258813	2.233480638	2.090096672
	2.133502399	2.15811849	2.229619305	2.19068953	2.19068953
	2.15811849	2.075467053	2.089837652	1.992544973	1.992726373
	1.999658029	2.005953602	2.048514496	2.03537746	2.012587369
	2.311003531	2.332317264	2.364295103	2.368942565	2.031153425
	2.488549641	2.209339186	2.031153425	2.301435157	2.327074574
	2.357610699	2.357610699	2.351215042	2.362447179	1.882619502
	2.593571359	2.229422709	2.006358269	2.371615447	2.457256876
	2.371615447	2.461225739	2.46933672	2.476059608	2.52721145
	2.522092715	2.475610708	2.544828202	2.475610708	2.469861151
	2.473022381	2.243403634	2.445037479	2.461225739	2.445037479
	2.415421562	2.393391546	2.341919807	2.398628601	2.393391546
	2.375278945	2.392101237	2.427149842	2.303490623	2.247844759
	2.247844759	2.099382853	2.133502399	2.171249958	2.195266817
	2.195266817	2.113572984	2.089837652	2.064621674	2.064621674
	1.99124126	1.99124126	1.99549049	1.99549049	2.054246285
	2.032557333	2.041016282	2.303490623	2.354730783	2.344030181
	2.408100771	2.368942565	1.635735694	2.488863896	2.138557274
	2.152834077	2.300106223	2.379640722	2.400647231	2.397817709
	2.380647343	2.430743978	2.439567719	2.006358269	2.593571359
	2.045562626	2.045562626	2.22641472	2.226471738	2.428911879
	2.466685158	2.483850074	2.490845206	2.541651442	2.568593654
	2.568593654	2.56651082	2.489396152	2.491547881	2.473022381
	2.473022381	2.054451803	2.415421562	2.451020768	2.428911879
	2.415421562	2.393391546	2.337761828	2.325929074	2.353232181
	2.375278945	2.392101237	2.338185795	2.312879268	2.270649571
	2.232524267	2.270649571	2.152776251	2.171249958	2.171249958
	2.116704913	2.116704913	2.070144415	2.332458625	1.98809277
	1.98809277	1.99549049	2.006098372	2.025084617	2.025084617
	2.070144415	2.408100771	2.354730783	2.365092467	2.404411287
	2.404411287	1.769767334	2.685040485	2.300106223	2.300106223
	2.433816247	2.430743978	2.45120079	2.430743978	2.460244636
	1.916722443	1.916722443	2.610418719	2.054451803	2.132770383
	2.226471738	2.424473397	2.440230267	2.492426368	2.498159952
	2.624358984	2.568593654	2.614625922	2.56651082	2.56651082
	2.494511649	2.451020768	1.998963449	2.132770383	2.395822835
	2.451020768	2.395822835	2.343650504	2.316877933	2.225044014
	2.127071402	2.225044014	2.316877933	2.334237165	2.291911408
	2.338185795	2.338185795	2.297264198	2.270649571	2.238854449
	2.238854449	2.176136931	2.204478641	2.116704913	2.162558262
	2.070144415	2.365092467	2.330158711	1.979056099	1.978536005
	1.991766926	2.025084617	2.033810278	2.033810278	2.090877019
	2.429498053	2.365092467	2.404411287	2.41557548	2.202065764
	2.920742975	2.262370309	2.262370309	2.433816247	2.460244636
	2.479218962	2.436155309	2.452326074	2.479218962	1.916722443
	1.913992711	2.406941103	1.998963449	2.132770383	2.369440215
	2.532585322	2.532585322	2.648546836	2.648546836	2.653871487
	2.575155332	2.558316795	2.505263408	2.446811769	2.473482448
	1.998963449	2.05535737	2.343025424	2.343650504	2.446811769
	2.389657923	2.369440215	2.343025424	2.339594075	2.255112496
	2.127071402	2.225044014	2.124970022	2.284826904	2.316891174
	2.171825364	2.26728626	2.26728626	2.297264198	2.250458409
	2.224920612	2.200777668	2.200777668	2.121327571	2.177751534
	2.129074634	2.351449054	2.330158711	1.97178448	1.991766926
	1.991766926	2.008364793	2.034271172	2.036522395	2.090877019
	2.433090608	2.427703138	2.427703138	2.407646543	1.940387927
	2.98143861	2.336293953	2.425563915	2.414275094	2.507297211
	2.468704556	2.444451619	2.468704556	1.403756261	1.739674214
	2.197807558	1.805975197	1.955572191	2.532585322	2.54275353
	2.708368535	2.648546836	2.645184379	2.614868113	2.614868113
	2.60708726	2.562356063	2.537053288	2.455320603	2.446811769
	2.396626004	1.934161668	1.950798602	2.320263346	2.308598745
	2.331407967	2.331941895	2.311438773	2.21679678	2.058272416
	2.184396444	2.184396444	2.171825364	2.230962748	2.171825364
	2.26728626	2.211214876	2.279810484	2.250458409	2.224920612
	2.224920612	2.1889634	2.129074634	2.129074634	2.345201129
	2.345201129	1.972156067	1.972156067	2.008364793	2.008364793
	2.034271172	2.060236155	2.099864644	2.427703138	2.420086406
	2.420086406	1.940387927	3.428302526	2.405252766	2.399842234
	2.524380038	2.48436412	2.468704556	2.517228312	2.504682454
	1.367763629	1.786751714	2.100351541	1.851999458	1.950798602
	2.537053288	2.771665765	2.771665765	2.707511155	2.765921924
	2.703573468	2.478296162	2.60708726	2.542112677	2.542112677
	2.396626004	2.396626004	2.32902687	1.794643134	1.777329899
	2.260962419	2.311438773	2.331941895	2.331941895	2.166339805
	2.166339805	2.058272416	2.058272416	2.121247795	2.113033925
	2.113033925	2.150913774	2.150913774	2.136428647	2.164289602
	2.306700542	2.217027382	2.217027382	2.134988596	2.360326421
	2.372557453	2.338616426	1.952339271	1.961919485	1.978735482
	1.996052323	2.060236155	2.060236155	2.14105307	2.457061663
	2.474850507	2.411792322	2.428346553	2.093662163	3.428302526
	2.405252766	2.526376071	2.495426012	2.525929109	2.504682454
	2.556708399	1.331022597	1.618313476	2.100351541	1.671097134
	1.801229907	2.431680478	2.152340913	2.873749673	2.771665765
	2.776150903	2.765921924	1.864177321	2.703573468	2.697028736
	2.482642258	2.586504782	2.530275518	2.387651486	2.358874235
	2.32902687	1.794643134	1.794643134	2.152340913	2.244154933
	2.263587442	2.166339805	2.047424671	2.069416763	1.899135481
	2.04144736	2.04658668	2.036890088	2.150913774	2.069416763
	2.209792277	2.254651921	2.217027382	2.14105307	2.354003667
	2.33558711	2.251352384	1.948471454	1.948471454	1.956613554
	1.996052323	2.03270144	2.106050963	2.110177594	2.347228338
	2.470464986	2.486278578	2.458689128	2.331220338	3.705640512
	2.526376071	2.526376071	2.594186335	2.545012267	2.556605792
	2.529902798	2.575372914	1.33201044	1.671097134	2.09306226
	1.671097134	1.801229907	1.864177321	2.152340913	2.175520635
	2.827648116	2.873365905	2.873365905	2.757861827	2.697028736
	1.899135481	2.589980251	2.589980251	2.387651486	2.530275518
	2.530275518	2.320375241	2.276655751	2.276655751	1.709261054
	1.619197103	2.088622206	2.175520635	2.03427095	1.993341272
	2.03427095	1.982485155	1.982485155	1.92597454	1.964986729
	1.949169741	1.97645563	2.191668658	2.220004579	2.191668658
	2.297811208	2.347228338	2.251352384	2.347228338	1.932026934
	1.956613554	1.956613554	2.025134056	2.025134056	2.067113264
	2.10685297	2.529902798	2.391007306	2.391007306	2.331220338
	4.533595202	2.72699372	2.594186335	2.594186335	2.556605792
	2.529902798	2.455863191	2.498227469	2.609221952	1.263208708
	1.510908132	2.28479529	1.611484108	1.709261054	1.792883953
	1.749932329	2.057878485	2.209099745	2.320375241	3.016908081
	2.972723632	2.959715053	2.959715053	2.71886415	2.69549212
	1.92597454	2.589980251	2.356503498	2.45610675	2.320375241
	2.184471538	2.103941774	1.616217363	1.565433629	2.050432002
	2.016653473	2.03427095	1.976084467	1.908450908	1.97645563
	1.935397732	1.92597454	1.922681318	1.97645563	1.740582652
	2.354096125	2.144204271	2.191668658	2.297811208	2.242033109
	2.354096125	1.914390523	1.941858002	1.941858002	1.971725997
	1.971725997	2.10685297	2.10685297	2.394861449	2.391007306
	2.461107646	2.72699372	3.984291543	2.65543339	2.663367468
	2.643881087	2.498227469	2.454925107	2.454925107	2.61255698
	1.294957131	1.510908132	2.087443126	1.565433629	1.647117168
	1.64711181	1.740582652	2.050432002	2.137103014	2.259287085
	2.259287085	1.544866966	3.978483402	3.048059003	3.191937691
	2.856568586	3.048059003	2.622441635	2.622441635	2.514722178
	1.815454667	2.45610675	2.184471538	2.184471538	2.008728518
	2.008728518	1.565433629	2.050432002	1.970667771	1.949545874
	1.961732438	1.91540968	1.908450908	1.8378144	1.887457242
	1.870596598	1.794417006	1.886065919	1.740582652	2.336768005
	2.19442603	2.19442603	2.229130185	2.235339842	2.307344653
	1.869566478	1.870298193	1.908766088	1.971725997	1.954008443
	2.051636717	2.151636868	2.151636868	2.367837044	2.367837044
	2.416500227	2.825377007	3.984291543	2.811824676	2.663367468
	2.836634988	2.61255698	2.516899598	2.416500227	2.454925107
	2.644997833	1.294957131	1.50943173	2.087443126	1.516823833
	1.60074304	1.64711181	1.64711181	1.60074304	2.259287085
	2.289953865	1.794417006	1.544866966	2.514722178	3.978483402
	3.978483402	3.048059003	3.182216881	2.629773403	2.845298498
	2.622441635	2.319561098	1.700964991	2.289953865	2.07947938
	2.071312995	1.981801981	1.936088333	1.936088333	1.516823833
	1.887770654	1.861414667	1.846324754	1.826979043	1.91540968
	1.8378144	1.8378144	1.866164216	1.817929986	1.794417006
	1.625271579	2.307344653	2.212921881	2.212921881	2.307344653
	1.808144049	1.808144049	1.908766088	1.954008443	1.997638139
	1.997638139	2.154350788	2.101561628	2.367837044	2.416500227
	2.889737561	4.359726277	2.811824676	2.792914665	2.39450663
	2.792914665	2.554002653	2.554002653	2.514576852	2.445800311
	2.603782273	1.391926705	1.50943173	2.22180789	1.46980028
	1.60074304	1.534882743	1.488783572	1.525815793	1.47553333
	2.289953865	1.709074335	1.500759533	2.382113395	4.696344946
	3.464673795	3.177414805	2.845298498	2.766311794	2.486788111
	2.56170966	2.486788111	2.382113395	2.319561098	1.646025394
	2.173208714	2.030743932	1.99588715	1.99588715	1.954473451
	1.936088333	1.82130807	1.405904664	1.399374058	1.887770654
	1.790487728	1.767709066	1.826979043	1.805266528	1.766538474
	1.74212861	1.686029856	1.783430782	1.646025394	1.672553696
	1.686029856	1.625271579	1.488783572	2.311148099	2.273274601
	2.204292861	1.808144049	1.892472185	1.942665278	2.204292861
	1.942665278	1.98265428	2.044707117	2.044707117	2.269106842
	2.256575781	2.889737561	4.359726277	2.952998092	2.953691369
	2.390734206	2.414249537	2.636147965	2.554002653	2.449395729
	2.636147965	1.341128967	1.461724515	2.22180789	1.405904664
	1.462891619	1.445744162	1.488783572	1.47553333	2.780499842
	2.780499842	2.387991456	2.486788111	2.435161708	2.324122182
	2.196652742	2.154747337	1.564583636	2.008333143	2.034228636
	1.99588715	1.850037066	1.799821666	1.800439237	1.399374058
	1.399374058	1.397080584	1.790487728	1.767709066	1.767709066
	1.727533037	1.732863733	1.74212861	1.624620623	1.686029856
	1.648884436	1.520817937	1.672553696	1.520817937	1.354968016
	2.269106842	2.204292861	1.772834131	2.153777724	1.796287472
	1.925343251	2.153777724	1.98265428	1.976410473	2.044707117
	2.337177557	2.256575781	2.256575781	3.349475485	4.870009906
	2.952998092	2.824384763	2.474074244	2.337177557	2.733078802
	2.474074244	2.650178055	1.309342047	1.389251691	2.412303357
	1.389251691	1.414733792	1.397080584	1.392661284	2.387991456
	2.134436634	2.277442254	2.435161708	2.100414322	2.134436634
	1.564583636	1.917590889	1.959024508	1.900066811	1.800439237
	1.785074343	1.800439237	1.334921128	1.34438622	1.334921128
	1.397080584	1.743324916	1.721887432	1.649248735	1.659656589
	1.629516023	1.629516023	1.600344477	1.600308087	1.541702466
	1.53433045	1.520817937	1.509938729	1.414733792	1.307206521
	1.388090979	2.201995137	2.154091116	1.794287117	2.084916934
	1.768141941	1.858205025	2.089286648	1.976410473	1.976410473
	2.269880211	2.277747524	2.261143292	2.205175865	3.166708906
	4.870009906	3.023206749	2.742085286	2.737026621	3.023206749
	2.474074244	2.410690045	2.410690045	2.650178055	2.564588871
	2.644820499	1.348604353	1.362933581	2.462140779	1.362933581
	1.392661284	1.351613153	1.392661284	2.04636548	2.180445981
	2.100414322	2.036893086	2.036893086	1.468252256	1.917590889
	1.917590889	1.665881048	1.811124018	1.762853259	1.731252999
	1.781239781	1.308015045	1.334921128	1.339653378	1.265878414
	1.278714108	1.283215907	1.629908124	1.649248735	1.649248735
	1.600344477	1.566834721	1.566834721	1.600344477	1.541702466
	1.4818896	1.52100635	1.468252256	1.456243259	1.355433716
	1.283215907	1.255010406	1.355433716	2.154091116	2.084916934
	1.768141941	2.084916934	1.768141941	1.836622389	1.889706751
	1.889706751	2.277747524	2.277747524	2.205175865	2.155017028
	3.207826919	4.827141579	3.016971639	2.737026621	2.91620304
	2.340705413	2.571544941	2.410690045	2.340705413	2.401849435
	2.571544941	2.519279577	2.650767721	1.368130088	1.362933581
	2.398112106	1.339653378	1.281091417	1.281091417	1.468252256
	1.86251127	1.665881048	1.619441669	1.81318034	1.766048086
	1.716183612	1.302653525	1.31295123	1.235120617	1.23863534
	1.278714108	1.283215907	1.572505577	1.629908124	1.644617633
	1.487614947	1.45851342	1.448834381	1.492224117	1.483666973
	1.471704346	1.454192636	1.41059675	1.456243259	1.456243259
	1.355433716	1.255010406	1.235120617	1.295591421	2.139773082
	2.024836636	1.74222699	1.953383866	1.745714011	1.821932743
	1.889706751	2.136022728	2.074873329	2.155017028	3.264587066
	4.827141579	3.264587066	2.91620304	2.786638306	2.219982347
	2.283294724	2.453453792	2.370778571	2.453453792	2.667072884
	1.368130088	1.46081765	2.477286499	1.350655645	1.327725842
	1.265711674	1.281091417	1.263642856	1.288793285	1.235120617
	1.244576311	1.263015813	1.524047652	1.536790928	1.487614947
	1.454192636	1.398607235	1.390205919	1.471704346	1.420473911
	1.454192636	1.379572386	1.379572386	1.340077017	1.295591421
	1.206500031	1.206971715	1.228572451	1.211764555	1.202856722
	1.293251656	2.021420238	2.021420238	1.637845687	1.876251007
	1.799352745	1.801124228	2.150217407	2.136788713	2.074873329
	2.010005064	5.220505933	3.264587066	3.547964831	3.122214448
	2.9291505	2.786638306	2.660427325	2.219982347	2.288225313
	2.453918214	2.370778571	2.453918214	1.350655645	1.461490484
	2.145926999	1.351867042	1.252999751	1.217630232	1.219251769
	1.211764555	1.201734242	1.479566917	1.433913734	1.398607235
	1.390205919	1.390205919	1.160851415	1.367532064	1.309912365
	1.401860073	1.326753532	1.326753532	1.24050746	1.174078207
	1.228572451	1.259760322	1.185345682	1.170274316	1.185345682
	1.240753446	1.179858779	1.217630232	2.010005064	1.853488226
	1.606484637	1.785007326	1.785007326	2.151903045	2.085584294
	2.085584294	2.013220747	2.001670797	5.220505933	3.062610915
	3.750156578	3.062610915	3.064786789	2.775470434	2.660427325
	2.660427325	2.218441038	2.374814231	2.459232673	2.289442849
	2.374814231	2.453918214	1.351867042	1.424811329	2.081336153
	1.325656246	1.184852757	1.184852757	1.3945858	1.391289975
	1.146977995	1.170274316	1.309912365	1.309912365	1.308656532
	1.236833815	1.272596598	1.201338669	1.150642491	1.165111564
	1.259760322	1.185345682	1.206084716	1.170274316	1.202374926
	1.149476551	1.15267852	1.853488226	1.853488226	1.676294711
	1.768145316	2.151903045	2.151903045	1.973106744	1.973106744
	1.973106744	4.940123672	3.267932058	3.124906769	3.062610915
	2.909020853	2.923005017	2.799608009	2.664301553	2.556904303
	2.218441038	2.556904303	2.384065639	2.384065639	1.353274433
	1.472136515	2.462136938	1.353274433	2.462136938	1.165111564
	1.307656247	1.149905281	1.146977995	1.137477723	1.307656247
	1.272596598	1.308656532	1.238078778	1.235660231	1.202510591
	1.137602445	1.213432385	1.206084716	1.206084716	1.160002724
	1.130264757	1.14909556	1.152254655	1.145802728	1.145802728
	1.85364827	1.767095125	1.669950442	1.663186469	2.161573579
	2.08843057	1.936547173	1.936547173	4.870769262	3.267932058
	2.933776381	2.909020853	2.907547879	2.674415128	2.664301553
	2.472014739	2.2279053	2.314420122	2.384065639	2.161573579
	1.353274433	1.389113547	1.389113547	1.282233631	1.282233631
	1.354406293	2.385286702	1.116569065	1.149905281	1.126552866
	1.269842365	1.235660231	1.174536001	1.235660231	1.149926547
	1.116569065	1.114940804	1.160002724	1.263509762	1.220377531
	1.220377531	1.118927144	1.125751161	1.134318166	1.14909556
	1.128498506	1.132133618	1.145802728	1.848458354	1.660723045
	1.546751558	1.546751558	2.161573579	2.011333086	2.091654057
	1.936547173	2.00562079	1.861005502	5.041957324	3.231072487
	3.082715136	2.90608094	2.933776381	2.674415128	2.674415128
	2.681332924	2.472828569	2.320862985	2.243636009	2.320862985
	2.243636009	1.409435704	1.265142812	1.329889434	1.409435704
	1.331053285	2.385286702	1.110285617	1.122092064	1.201637685
	1.175689952	1.175618669	1.135741687	1.114940804	1.114940804
	1.118927144	1.107671487	1.159571352	1.228424372	1.228424372
	1.115181098	1.134318166	1.140816136	1.152719366	1.135741687
	1.130250903	1.128498506	1.108153763	1.662393258	1.657206631
	1.546751558	2.034895679	1.8674935	2.011333086	2.035492679
	1.8674935	1.782977049	4.641494097	3.119761633	3.172715007
	2.749196607	2.749196607	2.749196607	2.664940449	2.571646545
	2.483039606	2.320862985	2.413724201	2.243636009	2.19586866
	2.196597494	2.31715365	2.38131279	1.329889434	1.288613471
	1.376084469	1.322148324	1.381962364	1.331053285	1.106266535
	1.175618669	1.135741687	1.11374458	1.100915638	1.100531377
	1.204200215	1.228424372	1.218253505	1.106266535	1.124689602
	1.140816136	1.140816136	1.200891218	1.118943704	1.114036078
	1.109125414	1.108153763	1.658453187	1.658453187	1.959987893
	1.8674935	1.94434117	1.782977049	1.782977049	2.063636797
	4.641494097	3.119761633	4.30981818	4.116179311	3.119761633
	2.741871723	2.741871723	2.750664684	2.75844335	2.572995393
	2.592498622	2.427848116	2.427848116	2.340012684	2.19586866
	2.213593681	2.151358502	4.116179311	2.358065639	1.481567242
	1.442276443	2.074332757	1.322148324	1.381962364	1.335670838
	1.342217679	1.381962364	1.442276443	1.106266535	1.11374458
	1.100531377	1.258754559	1.204200215	1.218253505	1.109131735
	1.200891218	1.116799386	1.105804083	1.116799386	1.124689602
	1.146293487	1.168943717	1.200891218	1.111354436	1.109131735
	1.104783989	1.548238502	1.789355914	1.959987893	1.893476407
	1.705684768	2.000096238	2.08862442	3.053423857	2.928786734
	2.942206469	2.886006109	2.928786734	2.741871723	2.662007975
	2.681506444	2.662110195	2.528863205	2.448006851	2.448006851
	2.340012684	2.213593681	2.234101765	2.08862442	2.666029974
	3.643611827	2.074332757	2.053500458	2.128735258	2.163683689
	2.219846627	2.40700678	2.301996792	1.481567242	1.50134174
	1.442276443	1.494117045	1.312078741	1.404812688	1.377585623
	1.411006538	1.106208923	1.271655054	1.237772582	1.285795958
	1.109271517	1.237772582	1.116799386	1.114500737	1.157847765
	1.163972165	1.192403721	1.225360673	1.212131352	1.109271517
	1.106208923	1.597518622	1.893476407	1.893476407	1.705684768
	1.925623633	2.000096238	2.08862442	2.860238968	2.684360023
	2.886006109	2.627130661	2.684360023	2.616686197	2.59940398
	2.528863205	2.528863205	2.432906634	2.346363364	2.346363364
	2.234101765	2.169713852	2.114242781	3.390691491	3.352304526
	2.76667536	2.407429619	2.76667536	2.577649973	2.407429619
	2.664326992	2.428178089	1.47449143	1.556009198	1.663198693
	1.351728016	1.509576309	1.400329024	1.404259486	1.494117045
	1.54321345	1.461713037	1.576516104	1.355859914	1.355859914
	1.396959867	1.421628939	1.495929406	1.106208923	1.326001417
	1.237772582	1.109271517	1.242627067	1.136485535	1.131039264
	1.163972165	1.157847765	1.21968675	1.228934513	1.298325634
	1.113405271	1.114171982	1.729437328	1.925623633	1.73373609
	2.020582326	2.020582326	2.117464919	2.654052536	2.684360023
	2.625662827	2.627130661	2.691659155	2.608652362	2.616686197
	2.478795371	2.478795371	2.406078315	2.346363364	2.244493902
	2.244493902	2.176511358	2.117464919	2.540635638	2.12040091
	1.975248176	1.599923824	2.206726777	1.708876496	2.464500757
	2.540635638	1.915789829	1.576516104	1.66519947	1.663198693
	1.843503534	1.795698198	1.795698198	1.54321345	1.54321345
	1.565732989	1.67512139	1.366509674	1.355859914	1.385880276
	1.421628939	1.421628939	1.495929406	1.114171982	1.326001417
	1.118076521	1.298325634	2.487234486	1.147674568	1.1814028
	1.151616605	1.221452996	1.342058512	1.262483546	1.12311008
	1.147083662	1.13494089	1.669009636	1.965691482	1.669009636
	1.965691482	2.063095987	2.610614269	2.610614269	2.625662827
	2.606575503	2.608652362	2.608652362	2.547286676	2.383828373
	2.379582253	2.32752782	2.140755303	2.294525896	2.23893692
	2.140755303	2.416418624	2.300106642	2.215223391	1.915789829
	2.114110924	2.536833864	2.46491984	2.024324068	1.66519947
	1.819608281	1.85502146	1.843503534	2.024324068	1.565732989
	1.593791741	1.565732989	1.573508793	1.755112589	1.406184868
	1.383698264	1.417413761	1.488429167	1.573508793	2.496515203
	1.147083662	2.487234486	1.359056696	2.487234486	1.147674568
	1.204952569	1.221497317	1.256075886	1.389956758	1.30256145
	1.13494089	1.147083662	1.13494089	1.669009636	1.923064395
	1.803017733	1.923064395	2.165935492	2.610614269	2.632719411
	2.606575503	2.52887234	2.572425283	2.475639829	2.572425283
	2.379582253	2.294525896	2.395795971	2.249072097	2.294525896
	2.165935492	2.46491984	2.300106642	2.162717396	2.215223391
	2.170438155	2.46491984	2.024324068	1.862476551	1.862476551
	2.002884367	2.008963836	1.739572835	1.686081138	1.573508793
	1.755112589	1.828879601	1.488681331	1.488681331	1.407812093
	1.593915235	2.490798077	1.205109279	2.475639829	1.407812093
	1.407812093	2.446830104	1.389956758	1.205109279	1.204952569
	1.256075886	1.256075886	1.366137244	1.15438911	1.174720975
	1.173376399	1.715566625	1.923064395	1.842631979	1.961074296
	2.146433529	2.556938329	2.612521011	2.570503231	2.550667343
	2.490798077	2.541800934	2.535416602	2.475639829	2.541800934
	2.397645373	2.362759297	2.249072097	2.295344274	2.218270694
	2.376316206	2.299577607	2.185605067	2.185605067	2.170438155
	2.42440813	2.093461387	1.862476551	1.95658493	2.093461387
	1.809850922	1.593915235	1.828879601	1.828879601	1.533648117
	1.545531197	1.548195277	1.697241996	2.490798077	2.47302079
	1.205109279	1.477128405	1.477128405	2.397645373	1.29384732
	1.47457437	1.275348233	1.284179035	1.334656534	1.20294902
	1.203410497	1.232958152	1.763009508	1.993650425	1.993650425
	2.146383255	2.146433529	2.522739368	2.570503231	2.520419162
	2.495014416	2.541800934	2.479247561	2.518071444	2.397645373
	2.362759297	2.362759297	2.294040584	2.255791266	2.36510547
	2.36510547	2.237400033	2.305485593	2.411614408	2.184526025
	2.093461387	1.95658493	2.055253627	1.796570354	1.809850922
	1.697241996	1.891155548	1.977602329	1.667141775	1.621629037
	1.548195277	1.548195277	1.697241996	2.471575484	2.395891161
	1.233145786	1.47457437	2.452532097	1.334656534	1.394639589
	1.47457437	1.275348233	1.37142882	1.427217801	1.517281604
	1.234161737	1.233145786	1.26768156	1.819150125	1.993650425
	1.987051402	2.130471167	2.130471167	2.495014416	2.522739368
	2.528768472	2.471575484	2.518071444	2.452532097	2.497611141
	2.378769339	2.378831645	2.347078037	2.294040584	2.255791266
	2.343364943	2.252433548	2.237400033	2.237400033	2.343364943
	2.143680226	2.055111946	2.143680226	2.252433548	1.826594792
	1.734339998	1.972045547	1.972045547	2.055111946	1.688639222
	1.616472845	1.688639222	2.471575484	2.385236583	1.233145786
	1.427217801	1.517281604	1.320081117	1.430857292	1.427217801
	1.627662808	1.267239055	1.26768156	1.269973726	1.875087487
	2.079110792	2.032505294	2.130471167	2.234410153	2.48400334
	2.507763265	2.504743137	2.48400334	2.464848971	2.46412481
	2.420573035	2.492236266	2.355658168	2.355658168	2.359365135
	2.322356306	2.343364943	2.283365317	2.379002963	2.123831751
	2.186858616	2.339387633	1.734339998	1.877789607	1.782927048
	1.972045547	2.090935246	2.090935246	1.627662808	1.688639222
	1.724757354	1.865665259	2.451491219	2.434978351	1.320081117
	2.39769103	1.548096234	1.548096234	1.370708124	1.430857292
	1.498317832	1.627662808	1.269973726	1.357580648	1.352872627
	2.032505294	2.161322611	2.032505294	2.197672491	2.234410153
	2.506406901	2.495140118	2.492236266	2.48605121	2.465512973
	2.407018821	2.465512973	2.2999063	2.355658168	2.322356306
	2.379002963	2.379002963	2.248680205	2.163324158	2.339387633
	2.28560395	1.924679253	1.932243604	1.924679253	2.163324158
	2.017107201	2.090935246	1.724757354	1.724757354	1.838588713
	2.412929586	2.466473375	1.357580648	2.39769103	1.548096234
	1.555296985	1.417808239	1.52082387	1.567711624	1.659612327
	1.306334288	1.357580648	1.352872627	2.05342378	2.197672491
	2.132448427	2.197672491	2.293596698	2.344936329	2.476620935
	2.48222812	2.480823915	2.495140118	2.463833915	2.465512973
	2.463819303	2.350164114	2.376484985	2.468091599	2.332230171
	2.412929586	2.163324158	2.332230171	2.296385608	2.272440789
	1.932243604	1.932243604	2.056578218	2.138893552	2.056578218
	2.04971985	1.800173222	1.800173222	1.87511432	2.399778776
	1.417808239	2.445121762	1.659612327	1.595031481	1.458578403
	1.568798361	1.568798361	1.681124323	1.34917266	1.396755196
	1.396755196	2.132448427	2.203893902	2.132448427	2.203893902
	2.313228312	2.384552113	2.384552113	2.468091599	2.480823915
	2.463833915	2.448011642	2.466567754	2.411348628	2.411348628
	2.451539761	2.468091599	2.370196714	2.399778776	2.236703778
	2.345281354	2.272440789	1.963881454	2.032902984	2.04971985
	2.106435593	2.04971985	2.201462021	1.800173222	1.87511432
	1.87511432	2.39343565	1.458578403	1.662144238	1.730311454
	1.503491469	1.568798361	1.662144238	1.793322176	1.390121718
	1.440350556	1.440350556	2.165271148	2.203893902	2.165271148
	2.313228312	2.313228312	2.384552113	2.384493184	2.465327915
	2.468333612	2.429803304	2.429803304	2.451539761	2.435476181
	2.444382786	2.465327915	2.345281354	2.210086542	2.272918318
	2.201462021	2.065665288	2.07450715	2.201462021	2.151580111
	1.791011755	1.928951753	2.044077561	2.39343565	1.503491469
	1.712028295	1.577805297	1.621807607	1.712028295	1.7773086
	1.7773086	1.477740265	1.53767845	1.488034933	2.165271148
	2.240929732	2.226345248	2.351027931	2.384493184	2.395385385
	2.384493184	2.465327915	2.43221944	2.429803304	2.444382786
	2.435476181	2.449119572	2.457975697	2.353406518	2.288402265
	2.230203134	2.227913774	2.044077561	2.169805734	1.928951753
	2.044077561	2.377460558	1.608606895	1.613163875	1.678066223
	1.723890387	1.801380833	1.832319609	1.967035206	1.477740265
	1.548448155	1.535034614	2.217330464	2.330592909	2.313362971
	2.330592909	2.398773598	2.425247344	2.398773598	2.450058032
	2.439878607	2.403644248	2.403644248	2.453055325	2.453055325
	2.458590439	2.450058032	2.288402265	2.248327411	2.176016009
	2.100004376	2.091922533	2.034468373	2.377460558	1.613163875
	1.663190332	1.722260363	1.798018425	1.873596796	1.930856679
	2.034468373	1.57483751	1.646457781	1.632082443	2.313362971
	2.358581594	2.313362971	2.358581594	2.398773598	2.435170445
	2.456429312	2.450058032	2.423525531	2.398680457	2.453055325
	2.467266145	2.448208977	2.460979857	2.32478127	2.22850931
	2.220533732	2.148078083	2.034468373	2.344134735	1.663190332
	1.663190332	1.781891521	1.848082719	1.908252523	2.048104453
	2.048104453	1.617553083	1.634475501	1.634475501	2.354414028
	2.351443653	2.388730464	2.389543872	2.45273064	2.456429312
	2.45273064	2.424835562	2.398680457	2.398680457	2.462128467
	2.474390085	2.473234479	2.469000323	2.344134735	2.254002948
	2.178013426	2.178013426	2.344134735	1.705607496	1.781891521
	1.781891521	1.860564432	1.986368837	2.048104453	2.139646968
	1.665931196	1.634475501	1.665931196	2.354414028	2.388730464
	2.388730464	2.458859464	2.45273064	2.474390085	2.500258713
	2.508708394	2.418261858	2.440723956	2.418261858	2.469000323
	2.489939366	2.473234479	2.399103398	2.254002948	2.254002948
	2.178013426	2.366270895	1.769119874	1.839102156	1.839102156
	1.986368837	1.986368837	2.074523526	2.221543774	1.714215717
	1.751346762	1.714215717	2.424016147	2.424252573	2.424252573
	2.481045053	2.481045053	2.500258713	2.48450926	2.507165245
	2.508708394	2.444038186	2.477278116	2.446063197	2.383992994
	2.318167481	2.221543774	2.318167481	1.751346762	2.001676071
	1.881261192	2.283935003	2.001676071	2.068772008	2.149286467
	2.221543774	1.714215717	1.797750451	1.825971861	2.429469776
	2.460295404	2.460295404	2.532395428	2.526283474	2.535488707
	2.50992584	2.520777339	2.50992584	2.446063197	2.424417285
	2.379224938	2.318167481	1.920614925	2.001676071	1.920614925
	2.283935003	2.281893617	2.068772008	2.172781286	1.811744152
	1.825971861	1.825971861	2.492728171	2.516719594	2.486725973
	2.568895756	2.516719594	2.556559274	2.601714528	2.55202363
	2.55202363	2.487668563	2.487668563	2.421777322	2.421777322
	1.964497106	2.09393351	1.964497106	2.291643113	2.291643113
	2.189165764	2.09393351	1.865474338	1.89370202	1.865474338
	2.492728171	2.516719594	2.525351907	2.600518705	2.594721181
	2.594721181	2.633405095	2.55202363	2.471382458	2.536292585
	2.401295035	1.964497106	2.09393351	1.975141823	2.25782397
	2.401295035	2.23072408	1.865474338	1.961812276	1.933663548
	2.525351907	2.600518705	2.569942799	2.642827655	2.594721181
	2.633405095	2.536292585	2.468805885	2.536292585	2.468805885
	1.961812276	2.133428728	2.105197157	2.23072408	2.239370658
	2.133428728	2.468805885	1.917780425	2.068255275	1.980134466
	2.558121701	2.644283639	2.597080263	2.597080263	2.642827655
	2.694164219	2.703010391	2.552174169	2.487828511	2.360589284
	2.068255275	2.255316283	2.255316283	2.633240511	2.53658186
	1.980134466	2.068255275	2.03724448	2.627723556	2.703010391
	2.74485065	2.682078175	2.693673756	2.760594824	2.586249803
	2.360589284	2.242704416	2.255316283	2.682078175	2.633240511
	2.477257937	2.389290463	2.105975293	2.105975293	2.627723556
	2.700376563	2.778729554	2.687709323	2.807758702	2.629552044
	2.588943849	2.242704416	2.588943849	2.389290463	2.105975293
	2.102247721	2.773197439	2.778729554	2.964613027	2.796214879
	2.924322581	2.670403251	2.588943849	2.45128779	2.282926815
	2.182470219	2.182470219	2.744963766	2.838180804	2.964613027
	2.924322581	2.674970176	2.674970176	2.314460423	2.397644427
	2.397644427	2.838180804	3.029815548	3.161317976	2.830690992
	2.549856935	2.397644427	2.970326813	3.423955414	3.025299623
	2.549856935	2.549856935	3.423955414	3.423955414	3.025299623
	3.161113267	4.005443548	3.161113267	4.675235401	1.213040495
	1.15346236	1.432296374	1.432296374	0.6631269966	1.447847783
	0.7816666522	0.6456791114	0.6631269966	1.563723406	1.061362674
	1.563723406	1.448907234	1.279898155	1.455071453	1.449550228
	1.149869864	1.461708354	1.142414892	1.462107673	1.468512086
	1.447847783	1.447847783	0.6456791114	0.6858718516	1.531526064
	1.476030424	1.312128358	1.312128358	1.296644872	1.377004924
	1.43904068	1.266417611	1.554782957	1.563723406	1.448907234
	1.448907234	1.455071453	1.455071453	1.453397764	1.462107673
	1.461708354	1.464215589	1.474611897	1.462107673	1.483822083
	1.470303063	1.471245898	1.531526064	1.531526064	0.7449386547
	1.476030424	1.495098775	0.7236351842	1.465541242	1.462357711
	1.312128358	1.484446266	1.283018847	1.611242208	1.318325568
	1.318325568	1.43904068	1.396939164	1.283018847	1.41768652
	1.465295952	1.456547578	1.462322897	1.459398044	1.448771243
	1.459398044	1.474130029	1.463608138	1.464391014	1.465295952
	1.474611897	1.474611897	1.495098775	1.485778254	1.512106621
	1.512106621	1.475060684	1.499076585	1.503243516	1.479673767
	1.481859641	0.8062555487	0.813366587	1.475060684	1.462357711
	1.484446266	1.479673767	1.494189137	1.304935519	1.466223075
	1.577985594	1.455216938	1.465161334	1.41768652	1.463171819
	1.402628628	1.41768652	1.465806323	1.465161334	1.465806323
	1.459398044	1.456223403	1.463608138	1.466463029	1.471623188
	1.478583692	1.478583692	1.485778254	1.490912411	1.5009343
	1.512106621	1.490912411	1.497326684	0.7964271792	1.504860263
	1.479673767	1.504860263	1.499185742	1.480342996	1.487030297
	1.480342996	1.488376442	1.505778537	1.10915813	1.494189137
	1.494189137	1.453492553	1.433499853	1.455216938	1.455216938
	1.438457861	1.424071812	1.424071812	1.416223865	1.438457861
	1.444262429	1.466463029	1.461706291	1.461706291	1.467037382
	1.465435111	1.471623188	1.469947325	1.469947325	1.483370018
	1.475858784	1.486829624	1.490912411	1.497326684	1.497326684
	1.495155181	1.492701887	0.8218421269	1.279335089	1.536134492
	1.522264961	1.527325015	1.491778738	1.489408729	1.484584921
	1.47737748	1.480342996	1.527325015	1.505778537	0.8950294891
	1.436254332	1.423404015	1.446350586	1.439663928	1.455017382
	1.438457861	1.430813199	1.424071812	1.446350586	1.436562381
	1.467037382	1.467037382	1.456627667	1.464865381	1.466253351
	1.473076832	1.479194222	1.468197111	1.472731816	1.486829624
	1.486159812	1.494455954	1.493767857	1.49442652	1.49442652
	1.279335089	1.506290114	1.279335089	1.517213842	1.500002881
	0.8875089029	1.536134492	1.536134492	1.520841849	1.491810886
	1.487806667	1.4916427	1.516414713	1.506364518	1.436254332
	1.19967867	0.8950294891	1.384558024	1.41215714	1.423404015
	1.423404015	1.448129995	1.456627667	1.448129995	1.446466548
	1.436562381	1.42818713	1.436562381	1.468318866	1.468318866
	1.456705909	1.462567153	1.479194222	1.479194222	1.472325793
	1.472325793	1.488555731	1.486159812	1.494288916	1.493667531
	1.495601989	1.49442652	1.482519875	1.482519875	1.527283456
	1.627724398	1.50490373	1.484492407	0.6737145749	1.520841849
	1.499280172	1.520841849	1.518715393	1.497540752	1.497540752
	1.495601989	1.503570182	1.523344028	1.506364518	1.427283932
	1.401738165	1.19967867	1.384558024	0.6919680217	1.380821756
	1.475904976	1.406826215	1.406826215	1.428572438	1.413762147
	1.456705909	1.448129995	1.449137608	1.445812679	1.438002952
	1.438002952	1.468318866	1.465136603	1.456705909	1.477524395
	1.481715358	1.470399688	1.470399688	1.49206578	1.485989791
	1.494687401	1.493667531	1.494605119	1.499280172	1.482519875
	1.527283456	1.527283456	1.509293818	1.514122488	1.517808246
	1.498618601	0.6941129483	1.523344028	1.518715393	1.518715393
	1.496687331	1.496687331	1.497540752	1.503570182	1.509406261
	1.518582415	1.400338588	1.4030627	1.404207624	1.34673424
	1.34673424	1.383938362	1.473569064	1.4030627	1.414346904
	1.428572438	1.428572438	1.458965391	1.44939432	1.445491926
	1.445491926	1.436854961	1.457794677	1.46675819	1.481715358
	1.481715358	1.470399688	1.463950673	1.47475591	1.49206578
	1.48972262	1.49558618	1.494508326	1.498913113	1.528624992
	1.510243713	1.493684587	1.493699028	1.522521301	1.494739708
	1.49239322	0.6941129483	1.513131558	1.514414449	1.519649477
	1.503761429	1.503761429	1.507389662	1.509406261	1.509406261
	1.379509405	1.400338588	1.4030627	1.392668151	1.34673424
	1.385286792	1.385286792	1.479615845	1.409866734	1.424093671
	1.424093671	1.436854961	1.457794677	1.451653851	1.445491926
	1.446044088	1.438255763	1.463950673	1.483771693	1.483771693
	1.47057042	1.460809874	1.470357513	1.487599754	1.48972262
	1.497094231	1.498913113	1.514628826	1.497353603	1.493684587
	1.493684587	1.522521301	1.51390798	1.499086754	1.516212473
	1.516212473	0.6976396868	1.514414449	1.513131558	1.514414449
	1.51390798	1.501822147	1.503761429	1.507389662	1.511114754
	1.357874018	1.379509405	1.332842205	1.409866734	1.401453608
	1.39132094	1.362290022	1.39132094	1.385286792	1.479615845
	1.438255763	1.409866734	1.424093671	1.429065647	1.453493624
	1.449857517	1.443239562	1.443239562	1.458174101	1.480201202
	1.484485562	1.471559918	1.46722959	1.458174101	1.471559918
	1.488967186	1.493890814	1.497094231	1.499611647	1.507361411
	1.497353603	1.49779227	1.509766532	1.51390798	1.496202528
	0.6565461772	1.482304241	1.516212473	1.514162228	1.515998386
	1.515269228	1.504441943	1.506640835	1.507003435	1.501450089
	1.50061843	1.508464503	1.321863874	1.362290022	1.321863874
	1.303244154	1.411263746	1.39673928	1.39673928	1.354249221
	1.368668272	1.380346303	1.368155023	1.480727794	1.429065647
	1.411263746	1.429065647	1.449857517	1.449857517	1.443239562
	1.440828275	1.432435053	1.458174101	1.480727794	1.484485562
	1.471559918	1.467434486	1.457287653	1.471860174	1.493894982
	1.493894982	1.499611647	1.499611647	1.501295543	1.497670236
	1.495910728	1.501540674	1.509766532	1.495910728	1.486716486
	1.481163342	1.540899907	1.482304241	1.502423852	1.506835888
	1.508464503	1.505871122	1.506835888	1.503353375	1.50061843
	1.50061843	1.503353375	1.321863874	1.29510985	1.29510985
	1.269833638	1.411263746	1.39673928	1.340096742	1.368155023
	1.379739306	1.368155023	1.480727794	1.482055024	1.424703281
	1.419868671	1.40208411	1.419868671	1.450975316	1.440828275
	1.431055161	1.452241924	1.482055024	1.484555196	1.460445004
	1.471860174	1.467124055	1.471860174	1.492447164	1.494059434
	1.494059434	1.498924037	1.499759236	1.499759236	1.498512174
	1.49388577	1.490190677	1.489732151	1.481163342	1.481163342
	1.482545158	1.502423852	1.498130822	1.506835888	1.504741585
	1.507547024	1.503353375	1.499961254	1.502244855	1.344162697
	1.340096742	1.333490222	1.303345255	1.162942085	1.269833638
	1.33746963	1.40208411	1.386156163	1.366562585	1.366562585
	1.380850824	1.476968627	1.424703281	1.404821834	1.414195919
	1.407224397	1.444490768	1.43605745	1.42993182	1.449478414
	1.482370012	1.48824766	1.45580204	1.4663459	1.472260198
	1.472260198	1.49389112	1.489944252	1.494059434	1.498924037
	1.498924037	1.497422728	1.468971631	1.496290537	1.49217518
	1.491848461	1.468971631	1.490544606	1.491848461	0.7823639979
	1.498130822	1.499896639	1.503039099	1.497806746	1.496555367
	1.496672493	1.498236315	1.360164769	1.347143751	1.339772718
	1.33746963	0.6153546248	1.33746963	0.5349278129	1.38633037
	1.360164769	1.371783925	1.477123822	1.396597569	1.423989168
	1.407224397	1.407224397	1.443552037	1.442255758	1.419875176
	1.429211096	1.45580204	1.481615351	1.489944252	1.45580204
	1.4663459	1.471995586	1.471995586	1.496672493	1.492320074
	1.492320074	1.499618013	1.499894141	1.361198964	1.493508922
	1.49217518	1.49217518	1.491848461	1.476906838	1.494378038
	0.7823639979	1.447641303	1.493680428	1.493743806	1.497628118
	1.497806746	1.497806746	1.498236315	1.496672493	1.498236315
	1.366829872	1.347143751	1.347143751	1.339772718	1.338279161
	1.384492419	0.7698576151	1.340214107	1.27548982	1.38633037
	1.366829872	1.382038488	1.477000345	1.397908381	1.411482005
	1.407145558	1.417329272	1.451209915	1.428128818	1.442706893
	1.434400608	1.434400608	1.442706893	1.48348249	0.8449936535
	0.8449936535	1.4890086	1.470605916	1.454478846	1.463169645
	1.471995586	1.481935252	1.493511319	1.485167379	1.493680428
	1.460440289	1.492908144	1.487599648	1.490259666	1.485373619
	1.476906838	1.447641303	1.458976469	1.493680428	1.493743806
	1.495948933	1.499158935	1.496824647	1.485167379	1.493967697
	1.486893139	1.366829872	1.355771142	1.347139044	1.27548982
	1.332506957	1.274543406	1.330056239	1.330056239	1.225865086
	1.27548982	1.382038488	1.389653892	1.481193757	1.401490956
	1.407276453	1.407276453	1.414691282	1.456719616	1.428128818
	1.436249804	1.442706893	1.47717163	1.460012506	0.9456353474
	1.4168452	0.600876989	1.470601332	1.470395293	1.456719616
	1.465841664	1.47717163	1.484023921	1.485167379	1.491800406
	1.460440289	1.490259666	1.490259666	1.477168477	1.482978039
	1.460012506	1.466616486	1.491646748	1.488730488	1.493027464
	1.489735291	1.489735291	1.48692968	1.483148245	1.48286781
	1.355771142	1.335876967	1.274543406	1.252178904	1.321446227
	1.330056239	1.339165991	1.252178904	1.37994723	1.372127544
	1.479026227	1.395709985	1.410811242	1.410811242	1.427911331
	1.456719616	1.442330425	1.435583105	1.427911331	1.471743197
	1.456835129	0.9790107699	0.9790107699	1.4168452	1.241815251
	1.474125679	1.465336552	1.454759542	1.471743197	1.482406108
	1.481357048	1.488848356	1.474023575	1.487999358	1.477168477
	1.477168477	1.466126399	1.474023575	1.481441847	1.489788755
	1.489788755	1.481357048	1.489066742	1.483148245	1.483318686
	1.480714822	1.479920339	1.351292726	1.361411353	1.339165991
	1.275693908	1.275693908	1.309714928	1.311341368	1.339165991
	1.241815251	1.273664828	1.395709985	1.38994925	1.37994723
	1.465984576	1.395709985	1.419160281	1.427911331	1.450145008
	1.450145008	1.442851045	1.435583105	1.471743197	1.456647957
	1.180046251	1.475518213	1.457056193	1.067161003	0.6108299683
	1.468655383	1.461518706	1.469807953	1.469807953	1.474414486
	1.483575932	1.474023575	1.48149542	1.47847342	1.465073873
	1.47551641	1.481535834	1.483318686	1.475608591	1.483318686
	1.481350173	1.480644009	1.481350173	1.47839207	1.360118576
	1.360118576	1.34602052	1.33549404	1.275693908	1.294968546
	1.311341368	1.311341368	1.287908346	1.294968546	1.400039611
	1.380236618	1.380236618	1.465984576	1.445571915	1.408572437
	1.419160281	1.427098147	1.450145008	1.442851045	1.424672067
	1.460426409	1.457225948	1.475518213	1.4505376	1.468499939
	1.468969282	1.379650292	0.6140394967	1.461518706	1.458663883
	1.467800897	1.469578521	1.47847342	1.47551641	1.478711678
	1.475681404	1.4698065	1.470039697	1.477764345	1.474424486
	1.47791472	1.481350173	1.47839207	1.360118576	1.353495927
	1.33549404	1.329547536	1.307654949	1.320609247	1.315706472
	1.299984769	1.299984769	1.384321165	1.385128368	1.380236618
	1.452063817	1.445571915	1.445571915	1.408572437	1.415890084
	1.424665883	1.430485468	1.424665883	1.452063817	1.468499939
	1.463650187	1.463650187	1.465559897	1.166259035	1.166259035
	0.6317923618	0.5271907721	1.250863247	1.455502056	1.467800897
	1.464592701	1.469578521	1.475681404	1.469090829	1.47565782
	1.475681404	1.469090829	1.475644564	1.471419534	1.47791472
	1.471419534	1.353495927	1.353495927	1.331807256	1.331807256
	1.311197375	1.311197375	1.289403327	1.289403327	1.250863247
	1.394591059	1.384321165	1.365651618	1.452063817	1.447104197
	1.439751634	1.412590289	1.394591059	1.424665883	1.4304742
	1.452701316	1.464380462	1.476806766	1.464228823	1.463650187
	1.459792445	1.495527201	1.21765192	1.21765192	1.229899958
	1.452701316	1.457508995	1.463416163	1.468587384	1.47565782
	1.468321035	1.471190599	1.47565782	1.464380462	1.468321035
	1.475644564	1.471419534	1.471400527	1.341576328	1.351153855
	1.331807256	1.341576328	1.312983692	1.311197375	1.271514542
	1.289403327	1.271514542	1.401924024	1.392779068	1.376493739
	1.358204227	1.442211875	1.44164194	1.436406505	1.442211875
	1.422820894	1.401924024	1.422820894	1.452701316	1.438056714
	1.460855588	1.464380462	1.453859653	1.460236221	1.438056714
	1.229899958	1.353990324	1.456541787	1.460923266	1.456541787
	1.470727931	1.47219664	1.471190599	1.462831621	1.462831621
	1.468308978	1.466367122	1.358204227	1.358204227	1.341576328
	1.316769601	1.341073296	1.308282979	1.308282979	1.299071544
	1.284634687	1.276339365	1.401924024	1.390337015	1.374320597
	1.442211875	1.435838243	1.423624894	1.445442156	1.422820894
	1.404700166	1.411835144	1.44995006	1.446474082	1.467663739
	1.460855588	1.460858901	1.456267527	1.363279305	0.6148245049
	1.257722513	1.423624894	1.456541787	1.458753199	1.460923266
	1.463431314	1.465648355	1.464435621	1.461666599	1.46069776
	1.46175561	1.357821377	1.348300959	1.341073296	1.330492151
	1.309850887	1.318817515	1.308282979	1.299071544	1.307758443
	1.390337015	1.374320597	1.374320597	1.439665746	1.420956944
	1.439665746	1.417358134	1.405623951	1.44995006	1.442980132
	1.442980132	1.442980132	1.464093883	1.461218132	1.311492395
	0.6246056689	1.25320697	1.303484363	1.25320697	1.429623051
	1.443108502	1.420956944	1.457751544	1.455045127	1.454972539
	1.462163984	1.465648355	1.45932842	1.45932842	1.457991558
	1.45646956	1.457751544	1.364637864	1.346727665	1.337082808
	1.330492151	1.318817515	1.318817515	1.307758443	1.383239471
	1.383239471	1.364637864	1.429623051	1.434549174	1.410997296
	1.389728257	1.442191307	1.458546211	1.460861065	1.482481835
	1.460861065	1.458546211	1.339443212	0.6246056689	1.240291975
	1.240291975	1.274171907	1.414377627	1.434549174	1.383103122
	1.418682445	1.457751544	1.451990491	1.456040326	1.456040326
	1.45475032	1.451002017	1.447948042	1.448086972	1.452340004
	1.358550316	1.333919173	1.333919173	1.319051384	1.309778728
	1.383239471	1.358550316	1.402241579	1.418250857	1.434549174
	1.389728257	1.440321207	1.458546211	1.441523178	1.460861065
	1.609413549	1.648609569	1.240439921	1.287951097	1.240291975
	1.249002977	1.440321207	1.384324211	1.418250857	1.443768482
	1.448086972	1.456040326	1.45475032	1.449685904	1.446037544
	1.447948042	1.446176671	1.452340004	1.358550316	1.333919173
	1.287951097	1.321501967	1.318722442	1.373325883	1.354001302
	1.409337787	1.418250857	1.431897991	1.390271421	1.443768482
	1.443220823	1.441523178	1.307925904	1.240439921	1.278432339
	1.299024231	1.233234356	1.233234356	1.432753751	1.379224594
	1.408729533	1.441726806	1.441726806	1.446703685	1.446705915
	1.446621145	1.44611812	1.446037544	1.443746015	1.354001302
	1.342620938	1.299024231	1.321501967	1.367004458	1.355232186
	1.399297077	1.418274723	1.432753751	1.399297077	1.438302371
	1.307925904	1.443220823	1.442739862	1.327507573	0.5367847861
	1.29274405	1.29274405	1.111336849	1.291185549	1.378795039
	1.421529714	1.4143052	1.441726806	1.443746015	1.442739862
	1.441471057	1.441471057	1.441177277	1.443746015	1.355232186
	1.342620938	1.315513967	1.371309239	1.378795039	1.399297077
	1.416153162	1.39884774	1.428846212	1.428561666	1.442739862
	1.431627325	1.419670402	1.243159339	0.6543857502	1.31875423
	1.33163674	1.368095599	1.368095599	1.378795039	1.421529714
	1.416153162	1.230485883	1.43048917	1.434947771	1.435934941
	1.442225576	1.435934941	1.343699379	1.33163674	1.33163674
	1.37030916	1.382404632	1.407248678	1.419152663	1.396540096
	1.428846212	1.428561666	1.434947771	1.431627325	1.399096247
	1.160261749	1.160261749	1.342257362	1.368095599	1.342257362
	1.381614757	1.419152663	1.403651402	1.171364812	1.424580736
	1.435376191	1.435934941	1.42989966	1.358583131	1.349982123
	1.371685531	1.381614757	1.403651402	1.403284585	1.381614757
	1.424580736	1.413844737	1.423033428	1.422481989	1.430306306
	1.267618744	1.305519918	1.342257362	1.298634737	1.331792397
	1.195363276	1.424580736	1.421375369	1.418795476	1.349982123
	1.340663807	1.371685531	1.3859246	1.403284585	1.403284585
	1.3859246	1.411252818	1.404913079	1.421192873	1.419464392
	0.5555277528	1.328504582	1.331792397	1.326678458	1.421739556
	1.421192873	1.418795476	1.418795476	1.408886725	1.362719593
	1.352234363	1.362719593	1.3859246	1.399282821	1.387568262
	1.399282821	1.419464392	0.5846555292	1.329939073	1.329939073
	1.147895453	1.411357298	1.408886725	1.374821359	1.374946901
	1.38422101	1.399745161	1.400769676	1.38422101	1.388794814
	1.459499545	1.344588552	1.329939073	1.374631191	1.415545226
	0.9541713904	1.390569982	1.390569982	1.378155712	1.38422101
	1.399944307	1.388794814	1.388794814	1.459499545	0.6987694215
	1.370295619	1.353530599	1.390569982	1.378155712	1.385789166
	1.385789166	0.9060800797	1.360341283	1.353530599	1.406551552
	1.360341283	0.8198161891	0.6961379899	0.7250369727	