5884	
	3.010480754e-12	7.749356712e-12	7.749356712e-12	2.248068398e-11	1.582822762e-11
	1.974687081e-10	4.64619454e-11	2.248068398e-11	7.906431065e-10	1.974687081e-10
	1.974687081e-10	1.486293755e-09	3.020120154e-09	3.020120154e-09	9.868728057e-11
	6.654605755e-10	7.906431065e-10	4.20724211e-09	1.486293755e-09	1.486293755e-09
	8.249034344e-09	4.21878088e-09	8.249034344e-09	5.897149435e-11	1.212479894e-09
	5.521076929e-09	5.521076929e-09	8.75833317e-09	3.74635718e-08	3.610628241e-09
	1.922449044e-08	8.249034344e-09	5.897149435e-11	1.133314775e-09	5.758642452e-09
	1.345558331e-08	1.255422388e-08	5.951914472e-08	5.951914472e-08	1.963690366e-08
	3.276642646e-08	2.618534634e-08	5.213265197e-08	1.133314775e-09	1.02547304e-10
	7.130739199e-08	5.758642452e-09	1.02547304e-10	5.758642452e-09	1.345558331e-08
	1.345558331e-08	3.075913302e-08	5.951914472e-08	8.490493331e-08	2.662794016e-07
	2.048646408e-08	3.392849468e-08	5.213265197e-08	5.213265197e-08	1.943070593e-09
	1.795369098e-08	1.442195696e-09	6.306959621e-08	1.162054448e-07	1.311087061e-08
	2.150293099e-08	1.311087061e-08	3.075913302e-08	1.259793247e-08	7.40390238e-08
	1.106133203e-07	2.60780689e-07	3.966457922e-07	3.392849468e-08	6.306959621e-08
	1.025344387e-07	3.162173989e-08	3.177985874e-09	3.177985874e-09	8.091940451e-09
	1.594589301e-07	2.075515231e-07	2.150293099e-08	2.150293099e-08	3.787094549e-08
	7.40390238e-08	1.259793247e-08	1.780919208e-07	2.787997162e-07	3.877722197e-07
	3.966457922e-07	3.162173989e-08	5.746973963e-08	1.317828069e-07	1.506417036e-08
	4.72874655e-08	8.091940451e-09	3.177985874e-09	4.320267699e-09	8.091940451e-09
	3.20372795e-09	2.075515231e-07	2.075515231e-07	7.132891877e-08	7.427419657e-08
	1.851256997e-07	5.807403536e-08	7.132891877e-08	2.787997162e-07	2.354382538e-07
	2.787997162e-07	5.243804067e-07	5.243804067e-07	4.72874655e-08	7.803476043e-08
	1.317828069e-07	1.506417036e-08	4.320267699e-09	1.104304026e-08	3.517837133e-08
	8.33826963e-09	8.33826963e-09	1.863026395e-07	2.354884452e-07	5.45939729e-08
	5.45939729e-08	7.132891877e-08	1.308291431e-07	1.143446218e-07	9.037464466e-08
	2.275936355e-07	3.602133578e-07	3.602133578e-07	9.037464466e-08	4.637271975e-07
	6.719310508e-07	6.346187624e-07	2.201640688e-07	6.484413806e-08	1.10735968e-07
	3.517837133e-08	2.641838748e-09	1.626514301e-08	7.332754759e-08	2.49271217e-08
	2.641838748e-09	2.671369437e-07	2.671369437e-07	1.288869438e-07	1.288869438e-07
	2.49271217e-08	1.2736648e-07	9.037464466e-08	2.275936355e-07	3.104906385e-07
	3.602133578e-07	1.911237426e-07	6.719310508e-07	6.719310508e-07	1.061820826e-06
	2.22753318e-07	1.471504558e-07	1.099866376e-07	6.484413806e-08	7.332754759e-08
	9.483847485e-09	7.332754759e-08	1.626514301e-08	2.162447288e-08	1.868091104e-08
	1.742141897e-08	2.790009512e-07	3.525916155e-07	1.288869438e-07	1.977146971e-07
	5.989493701e-08	4.222311123e-08	2.640016552e-07	2.567006687e-07	3.480836144e-07
	3.480836144e-07	4.303318271e-07	1.911237426e-07	1.911237426e-07	6.785419751e-07
	8.815396537e-07	1.192840777e-06	2.585145489e-07	1.579819937e-07	1.679495232e-07
	1.162213952e-07	1.162213952e-07	1.868091104e-08	6.136168729e-08	6.136168729e-08
	1.742141897e-08	4.425842715e-08	1.742141897e-08	2.790009512e-07	3.525916155e-07
	1.977146971e-07	4.222311123e-08	7.604837204e-08	1.724864518e-07	1.977146971e-07
	2.032590984e-07	2.713569334e-07	4.490074179e-07	4.63235085e-07	6.269556536e-07
	3.566807658e-07	2.772996854e-07	7.551687222e-07	7.551687222e-07	1.192840777e-06
	2.585145489e-07	2.585145489e-07	1.561336571e-07	1.679495232e-07	1.561336571e-07
	1.009063517e-07	4.425842715e-08	1.270640855e-07	2.478594672e-07	1.451585341e-08
	4.425842715e-08	4.990837787e-08	2.88796338e-08	2.559590437e-07	3.273639613e-07
	7.604837204e-08	4.026196256e-07	1.724864518e-07	7.604837204e-08	1.724864518e-07
	3.970548628e-07	3.566807658e-07	5.509007028e-07	6.243859563e-07	6.269556536e-07
	3.566807658e-07	5.305777382e-07	8.222427401e-07	8.222427401e-07	1.287610348e-06
	2.795834351e-07	2.770304461e-07	2.216638406e-07	2.188429393e-07	1.689194997e-07
	1.270640855e-07	1.270640855e-07	2.478594672e-07	2.724011567e-07	5.415055959e-08
	5.415055959e-08	1.566610237e-07	2.88796338e-08	4.656163899e-08	3.273639613e-07
	3.273639613e-07	1.149280342e-07	5.516299355e-07	2.693316148e-07	1.149280342e-07
	4.227076698e-07	5.874211491e-07	5.509007028e-07	5.509007028e-07	7.118599274e-07
	6.774546568e-07	5.874383273e-07	5.516299355e-07	7.537036342e-07	1.018181819e-06
	1.237997564e-06	2.825036387e-07	2.525528102e-07	2.873405025e-07	2.724011567e-07
	2.724011567e-07	1.689194997e-07	3.191270395e-07	2.13465972e-07	2.954960427e-07
	5.415055959e-08	1.565746546e-07	2.72300416e-07	7.503959765e-08	6.157828558e-08
	6.157828558e-08	2.560016052e-07	2.825036387e-07	2.560016052e-07	1.540470072e-07
	1.540470072e-07	7.097122392e-07	4.394108588e-07	1.593095016e-07	4.14002522e-07
	6.161375152e-07	6.161375152e-07	6.828132175e-07	7.118599274e-07	7.118599274e-07
	8.043060493e-07	7.247103131e-07	8.484643157e-07	8.834507232e-07	1.237997564e-06
	1.237997564e-06	2.825036387e-07	2.910662089e-07	2.910662089e-07	4.924748334e-07
	4.088383267e-07	3.032865887e-07	3.032865887e-07	2.954960427e-07	1.564710193e-07
	2.859063022e-07	2.859063022e-07	7.503959765e-08	9.814907109e-08	1.614695444e-07
	2.631880882e-07	2.560016052e-07	2.278430218e-07	2.391129423e-07	1.372124343e-07
	1.372124343e-07	2.001673511e-07	2.565657837e-07	1.540470072e-07	3.925355623e-07
	8.403939029e-07	7.220606619e-07	7.220606619e-07	6.161375152e-07	1.085792253e-06
	7.758654572e-07	7.964169617e-07	7.964169617e-07	8.834507232e-07	8.738126391e-07
	1.086254384e-06	8.834507232e-07	1.162603292e-06	1.042475083e-06	3.194313876e-07
	4.31519811e-07	4.242841447e-07	4.924748334e-07	5.990088354e-07	5.017693105e-07
	3.032865887e-07	3.621291071e-07	5.181378064e-07	5.181378064e-07	4.039017707e-07
	3.518715479e-07	4.039017707e-07	3.751379261e-07	7.019166679e-07	3.006407021e-07
	2.335840921e-07	1.958523161e-07	1.958523161e-07	1.754573185e-07	1.372124343e-07
	6.121953406e-07	7.019166679e-07	2.784310054e-07	3.292586488e-07	6.547699147e-07
	2.754708559e-07	1.086254384e-06	1.11560904e-06	1.11560904e-06	1.444443557e-06
	1.000919365e-06	7.758654572e-07	7.964169617e-07	8.494544854e-07	8.385578578e-07
	9.584563596e-07	1.086254384e-06	8.404568681e-07	8.334087105e-07	8.609241253e-07
	8.527661768e-07	4.661988382e-07	5.298521595e-07	4.661988382e-07	7.840381819e-07
	7.997183848e-07	4.595880307e-07	7.997183848e-07	6.838714146e-07	6.800736649e-07
	5.181378064e-07	3.751379261e-07	8.709973089e-07	3.030818698e-07	7.122604222e-07
	1.586576495e-06	1.331102776e-06	1.046065811e-06	6.119665477e-07	7.019166679e-07
	4.432534513e-07	3.46225967e-07	2.496126426e-07	1.801084175e-07	1.642749665e-07
	1.28659206e-07	1.556165662e-06	1.586576495e-06	1.586576495e-06	2.784310054e-07
	6.121953406e-07	2.784310054e-07	3.292586488e-07	6.547699147e-07	4.775258962e-07
	1.067069342e-06	1.329388822e-06	1.340553381e-06	1.11560904e-06	1.340553381e-06
	1.014136898e-06	1.014136898e-06	9.078356014e-07	1.190916888e-06	1.431450164e-06
	9.078356014e-07	8.404568681e-07	8.334087105e-07	8.609241253e-07	7.786408567e-07
	4.661988382e-07	5.298521595e-07	1.024507157e-06	7.997183848e-07	1.08770173e-06
	9.207550526e-07	8.957688067e-07	3.708159018e-06	1.232412503e-06	8.226263395e-07
	8.709973089e-07	1.340069126e-06	1.117269957e-06	3.076090335e-06	3.076090335e-06
	2.462756698e-06	1.98526305e-06	1.98526305e-06	1.020904572e-06	3.46225967e-07
	2.496126426e-07	2.496126426e-07	1.345014855e-07	1.346474772e-07	8.74831918e-08
	4.408171254e-06	2.97706705e-06	2.97706705e-06	1.687855981e-06	1.687855981e-06
	9.467774298e-07	4.021985287e-07	4.599049284e-07	4.021985287e-07	1.817001103e-06
	1.172429546e-06	9.782307471e-07	1.58276154e-06	1.601169785e-06	1.794860902e-06
	1.817001103e-06	1.817001103e-06	1.014136898e-06	9.078356014e-07	1.601169785e-06
	1.190916888e-06	1.449110521e-06	1.019455103e-06	8.983979454e-07	7.305261058e-07
	8.093009893e-07	7.255514727e-07	8.551348407e-07	5.978804536e-07	5.404279442e-07
	1.08770173e-06	9.207550526e-07	9.207550526e-07	8.957688067e-07	8.957688067e-07
	1.731116194e-05	4.254839243e-06	3.708159018e-06	1.300060973e-06	1.340069126e-06
	1.612797762e-06	1.340069126e-06	1.42698046e-06	3.632674605e-06	3.192994198e-06
	3.192994198e-06	1.98526305e-06	1.300060973e-06	4.110701313e-07	2.132448271e-07
	1.346474772e-07	7.00937548e-08	7.00937548e-08	2.879615613e-08	8.842432877e-06
	2.393856743e-05	9.741268133e-06	6.328348412e-06	2.97706705e-06	1.687855981e-06
	7.769946198e-07	7.769946198e-07	9.782307471e-07	7.067182546e-07	1.58276154e-06
	1.172429546e-06	9.782307471e-07	1.58276154e-06	1.601169785e-06	1.794860902e-06
	2.237408096e-06	1.106276996e-06	1.198389744e-06	1.853128014e-06	2.165277097e-06
	1.853128014e-06	1.070826985e-06	8.983979454e-07	6.748231605e-07	6.748231605e-07
	7.151130208e-07	8.551348407e-07	3.430598436e-07	8.092914898e-07	1.715560684e-06
	1.158250345e-06	1.463846045e-06	1.022739824e-06	8.135044913e-07	2.07761122e-06
	1.008620446e-05	4.254839243e-06	3.057917329e-06	1.950230081e-06	1.612797762e-06
	1.246888725e-06	1.452117615e-06	1.715560684e-06	1.715560684e-06	3.192994198e-06
	3.057917329e-06	3.091030888e-06	2.680157382e-06	2.266605596e-06	3.430598436e-07
	2.206759828e-07	1.685508453e-07	7.00937548e-08	6.091930072e-08	2.879615613e-08
	3.450500345e-05	9.741268133e-06	6.328348412e-06	2.417457044e-06	2.417457044e-06
	9.069398441e-07	7.044195476e-07	8.334264123e-07	8.334264123e-07	1.763044341e-06
	1.750217605e-06	1.89848432e-06	2.726984395e-06	2.237408096e-06	2.726984395e-06
	1.198389744e-06	1.291496684e-06	2.437488265e-06	1.865334677e-06	1.070826985e-06
	7.93086246e-07	7.151130208e-07	6.610249885e-07	7.151130208e-07	7.714596109e-07
	4.448932773e-07	4.373870155e-07	1.25593579e-06	1.878125214e-06	1.25593579e-06
	9.633670119e-07	9.124175855e-07	2.07761122e-06	3.499942419e-06	2.8748352e-06
	2.062817651e-06	2.487976801e-06	2.035718809e-06	2.610961512e-06	2.000454136e-06
	2.591428125e-06	3.282237483e-06	2.680157382e-06	2.680157382e-06	2.591428125e-06
	2.206759828e-07	3.414382252e-07	2.206759828e-07	8.77144144e-08	1.354962853e-08
	2.648125674e-08	1.354962853e-08	4.830117443e-05	3.457160516e-05	4.841384966e-06
	4.841384966e-06	1.346618461e-06	7.177727985e-07	5.810782886e-07	1.184848229e-06
	1.89848432e-06	2.561510721e-06	1.89848432e-06	2.730963859e-06	2.821274585e-06
	2.941049761e-06	2.358813171e-06	1.291496684e-06	1.291496684e-06	1.865334677e-06
	1.003572073e-06	1.043801315e-06	6.610249885e-07	6.403995179e-07	6.194962436e-07
	7.714596109e-07	8.887526852e-07	3.414382252e-07	4.448932773e-07	5.78720408e-07
	1.25593579e-06	2.000454136e-06	1.707449497e-06	9.633670119e-07	1.078364192e-06
	8.19561961e-07	6.01380103e-07	5.13691758e-07	2.062817651e-06	2.062817651e-06
	2.228873361e-06	1.928587369e-06	2.591428125e-06	2.228873361e-06	2.527296644e-06
	2.410141001e-06	3.414382252e-07	2.164929964e-07	8.77144144e-08	8.77144144e-08
	1.688272011e-08	2.332586613e-08	1.623745627e-08	6.611302938e-05	3.406393991e-05
	4.841384966e-06	1.346618461e-06	1.346618461e-06	1.184848229e-06	6.300083841e-07
	1.184848229e-06	2.275300607e-06	2.404763515e-06	2.821274585e-06	1.533348244e-06
	2.358813171e-06	3.324097023e-06	3.324097023e-06	2.358813171e-06	3.48830244e-06
	1.657907637e-06	2.159351619e-06	9.159282408e-07	1.231278729e-06	6.956932541e-07
	6.812221578e-07	6.812221578e-07	1.551831395e-06	6.862641815e-07	1.102340723e-06
	2.505817056e-07	5.78720408e-07	1.551831395e-06	1.928587369e-06	1.329555824e-06
	1.220568456e-06	9.367842622e-07	8.19561961e-07	6.594366115e-06	2.350316925e-06
	1.000091863e-06	1.494044429e-06	1.753367496e-06	1.49626401e-06	1.753367496e-06
	1.347534103e-06	2.514364879e-06	2.410141001e-06	2.505817056e-07	2.046694512e-07
	1.198070136e-07	2.902881766e-07	5.455285557e-08	2.332586613e-08	2.332586613e-08
	1.148370288e-08	4.783885605e-05	2.736990212e-05	3.023956142e-06	1.032624352e-06
	4.18939976e-07	8.013190236e-07	4.18939976e-07	3.466571076e-06	2.275300607e-06
	2.40428265e-06	1.448250243e-06	2.159351619e-06	2.951147692e-06	3.324097023e-06
	3.656239309e-06	1.231278729e-06	2.195626331e-06	8.658194144e-07	1.231278729e-06
	6.956932541e-07	1.47949236e-06	6.812221578e-07	6.104717842e-07	1.324142232e-06
	2.580335463e-06	1.49626401e-06	3.596053539e-07	3.982876611e-07	1.329555824e-06
	1.315735735e-06	1.064137014e-06	7.701794797e-07	5.87721841e-07	6.594366115e-06
	6.626662058e-06	1.000091863e-06	1.347534103e-06	1.753367496e-06	1.49626401e-06
	1.366172604e-06	1.800898582e-06	2.902881766e-07	1.868582244e-07	1.327869201e-07
	8.669288043e-08	2.902881766e-07	5.455285557e-08	1.148370288e-08	1.768697055e-08
	6.325668878e-10	3.466571076e-06	4.152200321e-05	2.197682018e-05	3.358389264e-06
	2.204598552e-06	4.18939976e-07	1.08602902e-06	3.034068381e-06	1.448250243e-06
	3.060475529e-06	3.762698245e-06	2.951147692e-06	3.118757731e-06	2.951147692e-06
	2.195626331e-06	1.116401464e-06	7.743640955e-07	6.236304868e-07	1.116401464e-06
	8.830648119e-07	8.830648119e-07	1.603547524e-06	1.603547524e-06	1.064333349e-06
	1.407217738e-06	5.00942734e-07	1.064137014e-06	1.064137014e-06	7.701794797e-07
	6.224255698e-07	2.667504874e-05	5.394685432e-06	8.753247789e-07	1.226418005e-06
	1.800898582e-06	1.116847866e-06	3.551718804e-07	3.551718804e-07	8.669288043e-08
	1.50026588e-07	8.669288043e-08	3.140434672e-07	2.108778752e-08	6.325668878e-10
	2.397557264e-08	6.325668878e-10	3.334157771e-06	3.291274548e-06	3.496839991e-05
	4.578933485e-06	1.445651101e-06	1.445651101e-06	1.08602902e-06	1.08602902e-06
	2.443854632e-06	3.36351715e-06	3.753075926e-06	2.939952392e-06	2.631172285e-06
	2.631172285e-06	1.973695011e-06	1.116401464e-06	7.428447821e-07	6.627428268e-07
	1.973695011e-06	9.994237224e-07	6.627428268e-07	1.874846042e-06	3.443656081e-06
	6.922443516e-07	9.267995393e-07	8.33884672e-07	5.114847794e-07	6.922443516e-07
	6.673719875e-07	2.667504874e-05	2.597080213e-06	1.838886322e-06	1.838886322e-06
	9.267995393e-07	7.279928842e-07	3.551718804e-07	8.431230429e-07	1.50026588e-07
	1.108223353e-07	1.108223353e-07	4.190066831e-07	1.253320008e-07	1.434727182e-08
	6.987003864e-09	9.840843695e-09	1.041579267e-09	2.443854632e-06	3.496839991e-05
	2.117480137e-06	1.445651101e-06	9.015465281e-07	9.008332968e-07	9.008332968e-07
	3.753075926e-06	2.939952392e-06	2.939952392e-06	3.282922718e-06	3.296524283e-06
	2.631172285e-06	1.973695011e-06	8.767146156e-07	7.428447821e-07	7.026166582e-07
	8.828729712e-07	1.142299001e-06	7.026166582e-07	1.142299001e-06	3.805857616e-06
	6.922443516e-07	8.33884672e-07	8.33884672e-07	1.120122498e-06	7.860003457e-07
	7.843777245e-07	5.163921693e-05	3.501028778e-06	1.428378551e-06	1.838886322e-06
	2.463807259e-06	1.120122498e-06	7.799333708e-07	7.799333708e-07	1.120122498e-06
	5.649136599e-07	1.108223353e-07	1.253320008e-07	7.222678229e-07	1.237380478e-07
	6.668964048e-08	2.621978057e-08	9.840843695e-09	9.840843695e-09	4.755476457e-09
	2.630125396e-06	1.294944918e-06	3.220389003e-05	1.188713548e-05	9.015465281e-07
	3.617544637e-07	3.617544637e-07	3.366291923e-06	3.295161128e-06	3.282922718e-06
	2.630125396e-06	2.271217086e-06	2.844189214e-06	1.859785884e-06	8.99203302e-07
	8.99203302e-07	6.732451894e-07	9.119992672e-07	1.142299001e-06	8.340466562e-07
	6.4461363e-07	2.267609665e-06	2.297815151e-06	1.428378551e-06	9.492949493e-07
	1.045815715e-06	2.337986274e-06	7.843777245e-07	9.492949493e-07	4.102711989e-05
	8.11315005e-06	3.000725471e-06	8.11315005e-06	3.000725471e-06	7.222678229e-07
	1.452473009e-06	7.799333708e-07	3.46627976e-06	5.649136599e-07	3.371193826e-07
	5.903527316e-07	1.237380478e-07	1.519159293e-06	1.392753335e-08	6.668964048e-08
	1.297738494e-08	2.234799013e-09	1.297738494e-08	4.755476457e-09	4.755476457e-09
	3.300907749e-06	2.922457656e-06	8.145587209e-07	1.778924066e-05	8.283157582e-06
	5.996317416e-07	8.145587209e-07	3.295161128e-06	3.295161128e-06	3.613645362e-06
	3.884296757e-06	3.301357758e-06	2.503721714e-06	2.361230218e-06	1.685214402e-06
	6.4461363e-07	8.420471636e-07	6.4461363e-07	8.420471636e-07	8.460034646e-07
	1.334501613e-06	6.564158084e-07	2.219119025e-06	2.219119025e-06	2.741881907e-06
	1.939729704e-06	3.667600963e-06	2.337986274e-06	1.939729704e-06	4.420803466e-05
	8.11315005e-06	3.000725471e-06	7.24353669e-06	1.728254881e-06	5.47543592e-06
	3.46627976e-06	2.846689693e-06	5.903527316e-07	5.903527316e-07	4.019961537e-07
	1.185995214e-06	1.853663364e-06	3.991604602e-08	8.919323946e-09	4.687660038e-09
	8.73975825e-09	8.139302565e-09	8.139302565e-09	2.922457656e-06	2.034990304e-06
	6.139602231e-07	1.104177849e-05	7.651775919e-06	6.139602231e-07	3.335141506e-06
	3.88353384e-06	3.699536273e-06	2.457378648e-06	2.636373965e-06	2.200284456e-06
	1.685214402e-06	6.454860566e-07	8.420471636e-07	1.099264671e-06	1.117870743e-06
	1.117870743e-06	1.390496104e-06	8.665762863e-07	8.658557045e-07	2.219119025e-06
	1.390496104e-06	2.204997861e-06	2.204997861e-06	7.257432021e-06	4.621841537e-06
	3.667600963e-06	4.239786897e-06	4.420803466e-05	8.347704878e-06	7.24353669e-06
	7.257432021e-06	1.853663364e-06	4.210426205e-06	6.619061042e-06	5.563385959e-06
	4.148594762e-06	2.493025775e-06	4.019961537e-07	9.431180725e-08	6.131379857e-07
	2.493025775e-06	1.185995214e-06	1.185995214e-06	4.55595961e-09	5.99732819e-08
	5.351545518e-08	5.351545518e-08	1.98028367e-08	2.741248961e-08	7.71047457e-08
	6.224775317e-08	2.843059832e-08	2.445328956e-06	2.034990304e-06	1.13954866e-06
	1.053567588e-05	1.996558595e-06	3.335141506e-06	3.699536273e-06	3.699536273e-06
	2.445328956e-06	3.88353384e-06	2.200284456e-06	1.959731959e-06	1.992246077e-06
	6.322500976e-07	7.676293707e-07	1.011928219e-06	1.48730483e-06	1.390496104e-06
	6.48097263e-07	8.780379499e-07	8.780379499e-07	1.222007741e-06	1.222007741e-06
	2.016259505e-06	7.257432021e-06	1.02544863e-05	3.725717561e-05	1.365342922e-05
	1.476934027e-05	4.210426205e-06	9.240959428e-06	4.210426205e-06	8.182357124e-06
	4.148594762e-06	2.493025775e-06	2.621489581e-07	5.36188367e-07	1.272432534e-06
	1.272432534e-06	3.251619729e-08	6.224775317e-08	5.99732819e-08	5.351545518e-08
	2.621489581e-07	4.201099335e-08	2.896838769e-08	6.861928181e-08	6.224775317e-08
	2.445328956e-06	1.269778197e-06	1.996558595e-06	1.053567588e-05	3.165086964e-06
	3.422403344e-06	4.09131334e-06	1.812374229e-06	3.422403344e-06	1.959731959e-06
	1.959731959e-06	1.48730483e-06	6.48097263e-07	1.011928219e-06	1.011928219e-06
	8.758231953e-07	1.534419627e-06	6.783539175e-07	6.48097263e-07	8.780379499e-07
	1.02544863e-05	3.248462431e-06	1.213370139e-06	1.136603679e-06	1.136603679e-06
	1.476934027e-05	9.240959428e-06	2.8574545e-05	1.575643201e-05	2.926422501e-06
	8.754292333e-06	8.754292333e-06	5.021750884e-06	2.346899632e-06	8.550724022e-07
	5.36188367e-07	5.36188367e-07	2.767041742e-07	1.994914678e-07	2.163434849e-07
	5.536599947e-07	1.158856016e-07	1.635413849e-07	2.412448836e-07	1.158856016e-07
	9.850948235e-08	1.415393105e-07	1.269778197e-06	1.269778197e-06	1.489390788e-05
	3.165086964e-06	3.134173173e-06	3.165086964e-06	3.651876556e-06	2.35915447e-06
	2.610184216e-06	2.62000216e-06	6.783539175e-07	6.447220287e-07	1.095439643e-06
	1.550065032e-06	9.016950395e-07	1.209326064e-06	6.900941565e-07	1.553228687e-06
	1.754504041e-06	7.435235601e-07	1.136603679e-06	1.78145839e-07	3.810786744e-07
	1.857723276e-05	1.780691578e-05	1.298565404e-05	2.080338587e-05	4.463374445e-06
	2.346899632e-06	8.754292333e-06	1.029560335e-05	6.586154012e-06	2.346899632e-06
	8.550724022e-07	1.635413849e-07	2.767041742e-07	8.912424541e-07	7.436366829e-07
	7.872611318e-07	3.478790527e-07	1.635413849e-07	2.412448836e-07	1.869828732e-07
	1.03184095e-06	2.237583105e-07	2.35915447e-06	2.491581142e-06	1.489390788e-05
	2.610184216e-06	3.665476071e-06	3.134173173e-06	3.720841064e-06	2.074578216e-06
	2.610184216e-06	2.078157764e-06	2.696003669e-06	8.051097131e-07	1.550065032e-06
	1.095439643e-06	1.332015161e-06	1.332015161e-06	8.051097131e-07	8.738285757e-07
	1.366573223e-06	1.366573223e-06	9.776847154e-07	7.479185946e-07	7.89977193e-07
	6.058428492e-07	1.147344776e-06	1.147344776e-06	9.211690575e-07	1.780691578e-05
	1.780691578e-05	1.567333235e-05	2.701466006e-05	1.292458295e-06	3.702572793e-06
	1.397468564e-05	1.029560335e-05	7.396275317e-06	9.107343528e-07	1.927203761e-07
	1.927203761e-07	2.504354017e-07	2.405875645e-07	7.143763727e-07	8.912424541e-07
	8.912424541e-07	7.436366829e-07	1.356762863e-06	8.323192953e-07	2.627131162e-07
	8.323192953e-07	1.242317835e-06	4.311409483e-07	3.350051555e-06	3.350051555e-06
	4.065298094e-05	4.022077754e-06	2.436669645e-06	4.243187091e-06	2.436669645e-06
	2.356559291e-06	2.696003669e-06	2.447841747e-06	4.022077754e-06	1.335722987e-06
	1.925009655e-06	1.335722987e-06	2.447841747e-06	1.097624312e-06	1.097624312e-06
	1.219782755e-06	1.219782755e-06	9.401749783e-07	8.504956588e-07	9.168800643e-07
	8.635141118e-07	2.344616456e-06	9.829854002e-07	1.147344776e-06	1.7569832e-06
	1.605667153e-06	2.130039296e-05	1.809049384e-05	2.130039296e-05	3.190484915e-05
	2.364841421e-06	3.702572793e-06	4.6197778e-06	1.795183021e-05	1.018675004e-05
	1.507549547e-07	2.535464945e-07	2.535464945e-07	3.217322289e-07	6.979358029e-07
	1.102761127e-06	1.356762863e-06	1.242317835e-06	1.756332954e-06	1.461554695e-06
	7.97462989e-07	1.877214553e-06	1.728994108e-06	3.350051555e-06	6.62721701e-05
	4.022077754e-06	3.954514978e-06	2.436669645e-06	3.954514978e-06	2.356559291e-06
	3.715448854e-06	3.715448854e-06	1.335722987e-06	1.505403658e-06	2.701520055e-06
	1.925009655e-06	3.792931727e-06	1.271037505e-06	1.444677733e-06	1.219782755e-06
	1.205956444e-06	9.555062803e-07	1.108470879e-06	1.108470879e-06	2.724253774e-06
	2.70107877e-06	1.450839711e-06	2.124770289e-06	2.465506924e-06	2.498712741e-06
	2.130039296e-05	2.154920094e-05	4.11976826e-05	4.6197778e-06	4.6197778e-06
	2.141286364e-05	1.018675004e-05	9.472214741e-07	1.728994108e-06	1.34932396e-06
	6.979358029e-07	6.979358029e-07	3.517730485e-07	2.811051519e-06	3.730315295e-06
	4.515057611e-06	4.515057611e-06	2.90467588e-06	3.245929123e-06	1.728994108e-06
	2.90467588e-06	2.480300624e-06	4.253913791e-06	2.718292864e-06	2.575237484e-05
	4.101159742e-06	4.267540004e-06	3.954514978e-06	3.514607639e-06	2.569979399e-06
	3.715448854e-06	1.800565602e-06	2.501147072e-06	1.94678918e-06	2.701520055e-06
	3.792931727e-06	1.800565602e-06	1.800565602e-06	4.249196338e-06	1.386903439e-06
	9.921128949e-07	9.921128949e-07	9.676122072e-07	1.224898599e-06	1.224898599e-06
	2.957760964e-06	2.70107877e-06	2.664261638e-06	3.479224285e-06	2.498712741e-06
	3.236543463e-06	3.236543463e-06	3.337582551e-06	2.154920094e-05	4.11976826e-05
	1.352678703e-05	1.160636192e-06	2.540632871e-05	8.563904563e-07	1.34932396e-06
	1.160636192e-06	8.563904563e-07	2.811051519e-06	3.276250806e-06	5.088266104e-06
	5.860941288e-06	6.470470951e-06	6.470470951e-06	4.253913791e-06	2.498845575e-06
	8.522026428e-06	6.407115718e-06	2.351225994e-06	3.823219731e-05	4.35616194e-06
	3.505694069e-06	3.505694069e-06	2.684429932e-06	3.859073579e-06	4.249196338e-06
	2.405561897e-06	2.707562374e-06	2.898502676e-06	3.859073579e-06	1.499792752e-06
	2.405561897e-06	4.249196338e-06	4.879193394e-06	1.2171416e-06	1.2171416e-06
	9.921128949e-07	1.139947496e-06	1.139947496e-06	1.224898599e-06	1.580632442e-06
	2.483840372e-06	3.559154482e-06	3.535876445e-06	3.745681915e-06	3.161576583e-06
	3.024208683e-06	2.797398131e-06	2.945500425e-06	3.745681915e-06	2.709373054e-06
	1.775450055e-06	2.709373054e-06	3.337582551e-06	3.236543463e-06	3.299761459e-06
	3.337582551e-06	2.540632871e-05	4.443635127e-05	1.524252471e-05	5.25853082e-06
	2.071593884e-05	5.587746141e-07	8.563904563e-07	3.113550284e-06	6.07462705e-07
	4.092564699e-06	7.69741675e-06	5.860941288e-06	5.088266104e-06	8.869620875e-06
	6.470470951e-06	4.698722755e-06	8.522026428e-06	9.610995219e-06	2.393032918e-06
	1.10357138e-05	3.276807564e-06	1.616687896e-06	1.515062522e-06	3.859073579e-06
	4.603692428e-06	3.204420651e-06	3.204420651e-06	3.853267732e-06	4.070720314e-06
	1.959831477e-06	4.603692428e-06	4.640324784e-06	4.490398172e-06	1.170031134e-06
	1.2171416e-06	1.457690205e-06	1.170031134e-06	1.139947496e-06	1.949713581e-06
	1.425937275e-06	1.959831477e-06	2.483840372e-06	2.323080244e-06	2.902058728e-06
	2.772318386e-06	3.128554039e-06	2.945500425e-06	2.764548304e-06	3.84401643e-06
	2.902058728e-06	3.090162184e-07	1.698589241e-06	8.672645544e-07	3.992659643e-07
	2.77182055e-06	1.775450055e-06	2.443759441e-06	1.775450055e-06	1.736564883e-07
	3.090162184e-07	5.568599946e-06	3.299761459e-06	3.299761459e-06	5.709872231e-06
	3.557623441e-05	5.972723772e-05	1.330344606e-06	8.965960093e-06	8.965960093e-06
	2.449405216e-07	3.113550284e-06	3.113550284e-06	5.905733764e-07	5.568599946e-06
	7.69741675e-06	1.03748395e-05	8.869620875e-06	1.008784803e-05	9.458835907e-06
	1.008784803e-05	9.610995219e-06	1.637372343e-06	1.10357138e-05	1.616687896e-06
	3.276807564e-06	1.515062522e-06	4.188996788e-06	3.204420651e-06	3.267097366e-06
	4.188996788e-06	4.42205201e-06	4.42205201e-06	3.63032999e-06	1.280979872e-06
	1.26853667e-06	1.331093802e-06	1.504292566e-06	1.951977787e-06	1.331223815e-06
	1.595933874e-06	1.595933874e-06	2.323080244e-06	3.182779659e-06	2.323080244e-06
	2.902058728e-06	2.772318386e-06	2.501351068e-06	2.874734862e-06	3.271578864e-06
	3.433118478e-06	2.326757205e-06	3.090162184e-07	7.040137855e-07	4.457935718e-07
	9.363976323e-07	2.443759441e-06	1.259982846e-06	1.774598452e-06	1.315423503e-08
	1.315423503e-08	1.890128054e-09	7.277067837e-09	2.525716969e-08	2.058806849e-07
	8.742654423e-08	6.513157025e-06	5.136868495e-06	4.680026389e-06	4.680026389e-06
	2.212183356e-05	0.0001169764534	2.449405216e-07	8.965960093e-06	2.449405216e-07
	2.943390447e-06	9.98222244e-06	1.831321347e-06	1.125478023e-05	6.513157025e-06
	1.373718121e-05	1.568375216e-05	1.008784803e-05	1.334973903e-05	1.86357042e-05
	1.649180085e-06	1.032236487e-05	2.41842806e-06	2.59910916e-06	1.210022335e-06
	4.188996788e-06	3.182779659e-06	3.267097366e-06	3.899478024e-06	3.63032999e-06
	3.63032999e-06	1.280979872e-06	1.280979872e-06	1.356826443e-06	1.445763665e-06
	1.669893519e-06	1.951977787e-06	1.951977787e-06	1.614028479e-06	1.614028479e-06
	2.901793978e-06	2.507885607e-06	2.685056764e-06	2.460583317e-06	2.460583317e-06
	1.945975161e-06	3.271578864e-06	3.319387587e-06	3.433118478e-06	2.052897917e-06
	2.332438305e-07	7.156267423e-07	7.156267423e-07	8.481260774e-07	1.087685305e-06
	1.087685305e-06	1.595062358e-07	1.890128054e-09	2.046807168e-11	2.525716969e-08
	4.358291505e-11	1.552908913e-09	4.358291505e-11	4.078983329e-08	8.742654423e-08
	7.853194628e-08	6.513157025e-06	4.673619765e-06	4.680026389e-06	6.392132397e-06
	4.925298109e-05	0.0001169764534	3.86124805e-07	8.787806351e-06	3.86124805e-07
	1.334973903e-05	1.375010796e-05	1.375010796e-05	5.155289535e-06	1.568375216e-05
	1.373718121e-05	9.442435314e-06	1.373718121e-05	1.751986692e-05	1.751986692e-05
	1.900248946e-05	1.210022335e-06	1.095612735e-05	8.352648289e-07	2.59910916e-06
	1.318981051e-06	3.307473487e-06	3.195312766e-06	3.307473487e-06	2.852041482e-06
	2.222260401e-06	2.322401188e-06	1.480193516e-06	1.429517678e-06	1.402959939e-06
	1.46844977e-06	1.856470244e-06	2.285811412e-06	1.885897632e-06	1.633058035e-06
	1.614028479e-06	3.195312766e-06	2.910721721e-06	2.723299724e-06	2.460583317e-06
	1.6078955e-06	1.6078955e-06	3.319387587e-06	3.319387587e-06	4.481336541e-06
	1.854248458e-06	3.338965877e-07	3.338965877e-07	8.481260774e-07	1.166642126e-06
	8.024829405e-07	1.595062358e-07	7.853194628e-08	3.272056848e-09	9.650045207e-10
	3.171668528e-08	4.358291505e-11	3.248309177e-09	6.686651233e-10	7.853194628e-08
	8.227796979e-06	4.481336541e-06	6.910823951e-06	2.858098323e-05	0.0001484369162
	3.86124805e-07	9.223282174e-07	5.155289535e-06	1.93774303e-05	1.375010796e-05
	1.389901566e-05	9.538853557e-06	1.487192905e-05	1.540889424e-05	1.540889424e-05
	1.751986692e-05	2.564665886e-05	8.845965722e-06	2.118708026e-05	1.062336777e-06
	1.057545139e-06	1.318981051e-06	2.852041482e-06	2.533213578e-06	2.017016021e-06
	2.651010478e-06	1.965742666e-06	1.965742666e-06	1.474706713e-06	1.480193516e-06
	1.480193516e-06	1.429517678e-06	1.534156985e-06	1.856470244e-06	2.285811412e-06
	2.285811412e-06	1.057545139e-06	1.885897632e-06	1.60688649e-06	2.533213578e-06
	2.259356555e-06	1.964769904e-06	1.854248458e-06	1.557125918e-06	1.27150413e-06
	3.918462261e-06	2.731926536e-06	2.464411113e-06	2.731926536e-06	2.012293656e-06
	3.338965877e-07	5.151399698e-07	5.151399698e-07	4.860006477e-07	2.477094085e-10
	1.137010228e-07	4.927146868e-08	9.650045207e-10	9.650045207e-10	2.260794485e-08
	2.061613635e-08	2.061613635e-08	6.686651233e-10	4.231927697e-08	2.477094085e-10
	6.910823951e-06	6.910823951e-06	2.858098323e-05	8.507023523e-05	4.760164808e-06
	4.28139289e-06	4.760164808e-06	2.429404294e-05	1.93774303e-05	1.638378056e-05
	1.040910073e-05	6.848392443e-06	2.163274428e-05	1.508085004e-05	1.400897828e-05
	2.814610885e-05	8.845965722e-06	3.034634627e-05	1.057545139e-06	2.071601796e-06
	2.017016021e-06	2.017016021e-06	1.749927996e-06	1.964769904e-06	1.942485071e-06
	1.942485071e-06	1.355978531e-06	1.423292076e-06	1.423292076e-06	1.460759638e-06
	1.577415975e-06	1.560094833e-06	2.116056167e-06	2.6413562e-06	9.309310425e-07
	1.459380369e-06	1.459380369e-06	1.466702111e-06	1.686757349e-06	1.964769904e-06
	1.404271863e-07	3.033522438e-06	1.557125918e-06	1.190157239e-06	3.549695136e-06
	2.731926536e-06	1.723310019e-06	1.723310019e-06	1.404271863e-07	6.158943044e-07
	1.817113091e-07	4.860006477e-07	2.006183308e-08	1.215697942e-08	1.024033747e-08
	7.916271461e-08	1.274553956e-07	7.916271461e-08	4.231927697e-08	3.86477641e-08
	2.006183308e-08	3.86477641e-08	6.848392443e-06	4.28139289e-06	9.63048844e-05
	4.760164808e-06	9.519065434e-07	1.386315006e-05	2.814610885e-05	2.429404294e-05
	2.304580522e-05	9.249073371e-06	1.049637218e-05	2.163274428e-05	1.685311583e-05
	1.685311583e-05	2.422985131e-05	1.783932488e-05	3.384196745e-05	1.417200709e-06
	2.071601796e-06	9.670641239e-07	9.965507122e-07	1.830091876e-06	1.942485071e-06
	1.723040508e-06	1.723040508e-06	9.670641239e-07	1.464163894e-06	1.423292076e-06
	1.460759638e-06	1.460759638e-06	1.577415975e-06	2.116056167e-06	2.738868153e-06
	2.116056167e-06	7.948160663e-07	1.459380369e-06	1.466702111e-06	1.359718408e-06
	1.670674396e-06	1.359718408e-06	3.76410336e-06	3.76410336e-06	1.093488056e-08
	1.168513286e-09	3.033522438e-06	7.603444185e-07	7.603444185e-07	1.583680919e-06
	1.385547558e-06	1.38761086e-06	1.745779274e-06	1.817113091e-07	5.223052435e-07
	1.817113091e-07	2.006183308e-08	1.002769427e-07	2.335450793e-07	2.996472031e-07
	4.880828861e-07	4.049858715e-07	2.255972875e-07	2.594637625e-07	2.594637625e-07
	9.872477976e-06	9.519065434e-07	2.564373919e-05	1.386315006e-05	1.346770949e-06
	1.386315006e-05	2.422289198e-05	2.806537882e-05	2.806537882e-05	3.030003118e-05
	9.872477976e-06	2.315391171e-05	1.663966697e-05	1.575623031e-05	3.130045144e-05
	1.342480996e-05	2.472284875e-05	7.948160663e-07	3.208368227e-06	9.965507122e-07
	9.965507122e-07	1.359029604e-06	1.430333383e-06	1.250735508e-06	6.781962654e-07
	1.282637729e-06	1.398529889e-06	1.398529889e-06	1.316181947e-06	2.778916465e-06
	1.62569421e-06	1.626905913e-06	2.738868153e-06	6.781962654e-07	1.065872746e-06
	1.282637729e-06	1.027964259e-06	1.359718408e-06	1.359029604e-06	7.140268217e-07
	9.052557131e-07	3.822441974e-06	1.745779274e-06	3.459856401e-08	3.459856401e-08
	1.222709078e-06	7.603444185e-07	1.583680919e-06	5.203231783e-07	1.068910471e-08
	1.068910471e-08	2.981412983e-07	1.834620722e-07	3.41488767e-07	2.335450793e-07
	6.050555514e-07	8.587131326e-07	6.009307367e-07	6.491531304e-07	4.049858715e-07
	9.610159255e-07	9.610159255e-07	3.822441974e-06	1.105815998e-05	8.943539514e-06
	2.564373919e-05	1.76213987e-05	4.211287998e-06	2.680054606e-05	3.22689092e-05
	3.926595326e-05	4.263330957e-05	1.105815998e-05	1.663966697e-05	1.663966697e-05
	2.346307155e-05	1.72122414e-05	2.15752993e-05	2.633213816e-06	2.633213816e-06
	5.553123819e-07	5.544965509e-07	1.128077769e-06	1.250735508e-06	6.781962654e-07
	1.301473908e-06	1.3417397e-06	1.3417397e-06	1.290804754e-06	2.292474378e-06
	2.286217021e-06	1.62569421e-06	1.895695709e-06	1.627153279e-06	1.109735511e-06
	1.129843695e-06	9.028147483e-07	5.712237625e-07	5.553123819e-07	5.712237625e-07
	6.066740061e-07	6.535489305e-07	6.409726998e-07	3.822441974e-06	8.596094672e-07
	3.640843911e-07	5.203231783e-07	2.606829845e-07	4.091233414e-07	4.091233414e-07
	2.035344249e-08	3.307962793e-07	8.717699007e-08	2.035344249e-08	6.542125188e-07
	6.050555514e-07	6.050555514e-07	1.122149693e-06	1.498707643e-06	1.359075709e-06
	9.610159255e-07	2.978883789e-06	8.833519578e-06	8.833519578e-06	7.397817585e-07
	2.274877424e-05	1.76213987e-05	1.863498614e-05	2.764524017e-05	2.346307155e-05
	4.263330957e-05	3.501287623e-05	1.186651403e-05	2.369556396e-05	2.346307155e-05
	1.445138395e-05	2.15752993e-05	2.633213816e-06	5.165204645e-06	7.341483013e-07
	7.327393581e-07	8.442293034e-07	8.972713346e-07	1.059057192e-06	1.059057192e-06
	1.126314594e-06	2.27256625e-06	1.227556284e-06	2.286217021e-06	2.286217021e-06
	1.611119792e-06	2.663263734e-06	7.636753185e-07	8.844911337e-07	7.636753185e-07
	5.712237625e-07	7.341483013e-07	4.922716554e-07	4.516673711e-07	4.516673711e-07
	6.409726998e-07	9.099752765e-07	4.382305567e-07	6.895640068e-07	6.895640068e-07
	4.80761404e-08	9.115612354e-08	1.788065429e-08	2.035344249e-08	1.136776007e-08
	2.799642376e-07	1.108902628e-06	1.047803031e-06	1.882385708e-06	1.882385708e-06
	1.122149693e-06	1.122149693e-06	1.498707643e-06	1.359075709e-06	2.978883789e-06
	6.376021181e-06	6.376021181e-06	2.978883789e-06	1.863498614e-05	1.376906322e-06
	3.946900994e-05	3.690980349e-05	5.19145574e-05	2.488288587e-05	4.559447662e-05
	5.19145574e-05	1.186651403e-05	1.471543018e-05	1.471543018e-05	5.165204645e-06
	1.985838092e-05	3.650928035e-06	3.650928035e-06	1.160482707e-06	6.863800319e-07
	6.231929692e-07	2.063572419e-06	8.844911337e-07	9.55744774e-07	2.738740086e-06
	1.050483664e-06	1.925979904e-06	1.374874132e-06	1.640792126e-06	1.365756929e-06
	2.663263734e-06	5.987258849e-07	7.307849703e-07	8.844911337e-07	4.837946408e-07
	6.368022021e-07	7.339039314e-07	4.516673711e-07	4.166651815e-07	3.947630303e-07
	6.231929692e-07	4.039585777e-07	4.382305567e-07	3.457079067e-08	6.895640068e-07
	8.342319733e-07	3.376509552e-07	2.662900922e-08	1.788065429e-08	1.788065429e-08
	3.376509552e-07	1.108902628e-06	1.705011706e-06	1.804613532e-06	1.882385708e-06
	1.945868808e-06	2.49324384e-06	1.903019578e-06	2.637414207e-06	1.90455574e-06
	2.841403024e-08	3.366350025e-06	4.962120221e-06	2.807215222e-06	3.690980349e-05
	1.533464548e-05	4.886058728e-05	3.690980349e-05	5.19145574e-05	2.488288587e-05
	3.904815582e-05	3.904815582e-05	1.471543018e-05	1.65796874e-05	1.472892753e-05
	9.803365443e-06	3.650928035e-06	4.79180277e-06	2.063572419e-06	6.863800319e-07
	2.063572419e-06	7.307849703e-07	9.55744774e-07	1.050483664e-06	2.646715945e-06
	2.275395752e-06	1.374874132e-06	1.599644602e-06	1.374874132e-06	1.608162377e-06
	7.650090872e-07	3.649961404e-06	4.837946408e-07	7.307849703e-07	4.837946408e-07
	3.750249986e-07	8.923226495e-07	1.383277107e-06	4.274708409e-07	8.923226495e-07
	4.592469889e-07	3.708395502e-07	4.039585777e-07	4.014505794e-08	1.653241419e-07
	1.653241419e-07	1.067487339e-06	8.342319733e-07	8.12289338e-07	3.042855159e-07
	3.042855159e-07	1.834186439e-06	1.705011706e-06	3.408531308e-06	3.408531308e-06
	2.907948916e-06	2.907948916e-06	4.147059209e-06	4.147059209e-06	2.52090685e-06
	2.411004241e-06	3.496374453e-06	4.014505794e-08	8.517356065e-08	8.607462076e-07
	4.427712356e-06	2.807215222e-06	8.330866486e-05	0.0001136733075	5.841861051e-05
	4.659104638e-05	4.824955037e-05	2.248232409e-05	1.879939945e-05	1.669693375e-05
	9.261532145e-06	1.037055015e-05	2.47417445e-05	4.79180277e-06	9.803365443e-06
	4.147431533e-06	4.147431533e-06	2.702452109e-06	3.277717897e-06	4.501706137e-07
	5.949030726e-07	7.707927763e-07	1.0244575e-06	2.217925149e-06	1.949597843e-06
	1.949597843e-06	1.372054923e-06	1.220733873e-06	1.385245183e-06	7.650090872e-07
	7.650090872e-07	4.210152301e-06	3.750249986e-07	5.418893174e-07	4.501706137e-07
	3.750249986e-07	8.923226495e-07	1.527699926e-06	8.996250074e-07	8.044484217e-07
	4.592469889e-07	3.708395502e-07	4.047583229e-07	4.978886556e-07	1.51830405e-06
	1.121332897e-06	1.51830405e-06	2.331649317e-06	8.12289338e-07	8.12289338e-07
	3.494415203e-06	3.494415203e-06	3.899450423e-06	1.391349736e-06	4.168036337e-06
	4.168036337e-06	4.147059209e-06	3.851897364e-06	4.320556926e-06	4.320556926e-06
	3.899450423e-06	4.427712356e-06	8.517356065e-08	2.457653174e-07	3.623484313e-07
	3.623484313e-07	0.0001403316084	6.957694114e-05	4.824955037e-05	4.824955037e-05
	4.216228588e-05	1.037055015e-05	6.960224926e-06	1.037055015e-05	2.294275425e-05
	5.221124993e-06	5.221124993e-06	3.501538941e-06	4.210152301e-06	3.182269368e-06
	3.277717897e-06	3.829489197e-07	4.440142325e-07	9.14597531e-07	1.019609906e-06
	2.004337136e-06	1.949597843e-06	1.651024121e-06	1.372054923e-06	1.372054923e-06
	7.436922864e-07	5.418893174e-07	4.142991803e-06	3.182269368e-06	3.278743446e-07
	5.418893174e-07	3.278743446e-07	3.317210302e-07	8.881221785e-07	2.020249322e-06
	3.100826634e-06	2.020249322e-06	8.881221785e-07	5.424602927e-07	7.062998764e-07
	4.047583229e-07	4.047583229e-07	2.266857042e-06	1.51830405e-06	2.16668245e-06
	2.16668245e-06	2.939875039e-06	2.520125529e-06	3.494415203e-06	4.278721891e-06
	3.899450423e-06	2.457653174e-07	3.298563496e-06	5.97055295e-06	7.464416752e-06
	6.414233142e-06	4.320556926e-06	6.433970206e-06	6.433970206e-06	5.812765656e-06
	8.656244255e-08	2.457653174e-07	3.623484313e-07	2.078625132e-06	7.66611975e-05
	0.0002571222555	6.865121787e-05	6.865121787e-05	4.216228588e-05	2.294275425e-05
	1.092070655e-05	9.488511576e-07	1.141402467e-06	1.092070655e-05	5.221124993e-06
	4.24571871e-06	2.335175942e-06	4.142991803e-06	3.182269368e-06	2.861263662e-07
	8.137363654e-07	8.137363654e-07	2.003542874e-06	2.003542874e-06	1.5983138e-06
	1.412086204e-06	1.217830308e-06	6.871404192e-07	4.443045185e-07	5.487109789e-07
	4.142991803e-06	3.284596337e-06	2.917551924e-07	3.317210302e-07	4.443045185e-07
	3.14283704e-07	2.861263662e-07	2.917551924e-07	3.402927264e-07	1.628620607e-06
	3.100826634e-06	2.020249322e-06	2.5989898e-06	1.064995605e-06	5.761663715e-07
	1.302334971e-06	5.824606335e-07	5.824606335e-07	2.266857042e-06	4.76221535e-06
	5.153400177e-06	3.974409492e-06	3.974409492e-06	3.795598865e-06	4.627769323e-06
	6.812033325e-06	2.211147033e-06	3.298563496e-06	8.13992569e-06	6.414233142e-06
	6.414233142e-06	7.246614139e-06	7.001213265e-06	7.117987154e-06	5.812765656e-06
	5.377468604e-08	6.895809168e-07	6.895809168e-07	4.773706176e-06	0.0002087430111
	0.0002017104349	0.0001146207988	7.316555311e-05	3.535097726e-05	2.38993856e-05
	1.169781529e-06	4.312771562e-08	1.169781529e-06	1.495477842e-06	1.811535076e-06
	3.92015648e-06	2.368878351e-06	3.254574628e-06	8.137363654e-07	9.779126007e-07
	1.893868071e-06	2.003542874e-06	2.004655789e-06	1.308380724e-06	1.308380724e-06
	1.146755948e-06	9.749443795e-07	8.11182618e-07	4.357714634e-07	4.443045185e-07
	3.244038114e-07	3.593924361e-06	3.379512168e-06	3.260758055e-07	3.082973246e-07
	2.511335477e-07	2.535860331e-07	2.586146799e-07	4.522775532e-07	3.201895048e-06
	2.053411146e-06	2.053411146e-06	1.302334971e-06	7.140137299e-07	1.302334971e-06
	5.824606335e-07	6.59743554e-07	3.951397722e-06	4.76221535e-06	5.153400177e-06
	5.153400177e-06	4.194374272e-06	6.812033325e-06	6.812033325e-06	4.762439423e-06
	4.762439423e-06	8.732527935e-06	8.732527935e-06	7.246614139e-06	7.246614139e-06
	7.001213265e-06	8.116303856e-06	7.368898621e-06	6.895809168e-07	2.538998732e-06
	2.538998732e-06	0.0002087430111	0.0004193094764	7.672674415e-05	4.834520671e-05
	3.514756032e-05	1.049200336e-05	1.169781529e-06	3.67553854e-07	6.024427179e-08
	8.769456625e-07	2.385190759e-06	5.847540349e-06	2.746760585e-06	3.379512168e-06
	8.11182618e-07	1.822184551e-06	1.822184551e-06	1.427071705e-06	1.362793937e-06
	1.193374583e-06	5.349549221e-07	1.146755948e-06	6.597135052e-07	6.597135052e-07
	3.244038114e-07	3.244038114e-07	2.528481238e-07	2.543152053e-06	2.252932683e-06
	3.684109657e-07	2.586146799e-07	2.535860331e-07	2.535860331e-07	5.845463091e-07
	5.845463091e-07	3.201895048e-06	3.201895048e-06	1.8561094e-06	1.52361737e-06
	1.52361737e-06	1.14930719e-06	1.14930719e-06	6.832652044e-07	6.564232217e-06
	5.628941658e-06	8.427559915e-06	8.427559915e-06	7.781462778e-06	6.558101287e-06
	7.862237353e-06	8.979129926e-06	1.18687922e-05	1.016389425e-05	8.873004101e-06
	9.193661862e-06	8.116303856e-06	8.116303856e-06	9.270151743e-06	7.728517435e-07
	2.225287766e-06	6.037852548e-06	5.977222045e-06	0.0002207413475	0.0004193094764
	7.672674415e-05	2.793671996e-05	1.528165684e-05	2.975335752e-06	6.024427179e-08
	2.099130819e-06	1.456090315e-06	1.461700394e-06	5.847540349e-06	1.690715876e-06
	2.5613065e-06	4.348137947e-07	4.292045945e-07	1.748041102e-06	1.822184551e-06
	1.816911779e-06	1.362793937e-06	2.934707976e-06	1.193374583e-06	1.102032903e-06
	5.109932601e-07	8.105967897e-07	6.423637124e-07	3.436955858e-07	2.874867953e-07
	2.528481238e-07	2.543152053e-06	2.543152053e-06	4.292045945e-07	2.780107922e-07
	2.405397623e-07	5.845463091e-07	6.50021839e-07	1.052997774e-06	2.684223483e-06
	2.773724459e-06	1.660927722e-06	1.403990038e-06	1.14930719e-06	1.052997774e-06
	7.780198249e-06	8.613722235e-06	8.427559915e-06	9.270151743e-06	1.178644938e-05
	1.497647106e-05	1.439288567e-05	1.126664076e-05	1.126664076e-05	1.063988221e-05
	9.193661862e-06	9.362542841e-06	9.939152291e-06	1.052189738e-05	1.749601491e-05
	5.694769607e-06	6.403882003e-06	1.085240363e-05	0.0002672512617	0.0003878997283
	2.793671996e-05	2.793671996e-05	1.411719695e-06	2.252451358e-06	4.478425959e-06
	8.655076063e-06	5.95248653e-07	2.353243806e-06	1.690715876e-06	9.764413926e-06
	1.690715876e-06	2.5613065e-06	2.934707976e-06	4.292045945e-07	2.560417345e-07
	1.847500899e-06	1.739440398e-06	1.739440398e-06	1.353146093e-06	1.102032903e-06
	2.684223483e-06	7.776690998e-07	7.776690998e-07	3.436955858e-07	6.423637124e-07
	6.423637124e-07	2.711614604e-07	2.237651922e-07	2.237651922e-07	2.485366393e-06
	1.90723781e-06	4.171047623e-07	2.560417345e-07	5.552749887e-07	8.631820663e-07
	5.552749887e-07	1.133704953e-06	1.133704953e-06	2.176707659e-06	1.845041955e-06
	1.637673628e-06	1.35088248e-06	1.225620156e-05	1.031289409e-05	1.225620156e-05
	1.6058994e-05	1.749601491e-05	1.439288567e-05	1.749601491e-05	1.216482676e-05
	1.063988221e-05	1.063988221e-05	1.008218454e-05	1.008218454e-05	1.20334617e-05
	1.267868468e-05	8.655076063e-06	1.510355609e-05	1.510355609e-05	0.0002672512617
	0.0001150047429	7.426261778e-05	1.411719695e-06	1.411719695e-06	4.478425959e-06
	8.655076063e-06	2.155639221e-05	1.542336095e-05	4.918765294e-06	1.804321754e-06
	2.702635837e-06	1.830627885e-05	1.984685803e-06	2.485366393e-06	2.582217038e-06
	2.404759815e-06	3.664218742e-07	2.044390204e-07	2.711614604e-07	1.703267708e-06
	1.770824452e-06	1.557330311e-06	1.557330311e-06	1.128794479e-06	9.460510659e-07
	2.176707659e-06	7.776690998e-07	3.475918229e-07	5.170708643e-07	2.711614604e-07
	1.902309421e-07	2.424082659e-07	2.149837854e-06	1.897449508e-06	3.870029168e-07
	2.721043026e-07	5.552749887e-07	7.953232473e-07	7.066154653e-07	1.35088248e-06
	1.026009892e-06	2.176707659e-06	1.81486591e-06	1.35088248e-06	1.995280615e-06
	1.805680792e-05	1.319984542e-05	1.225620156e-05	1.6058994e-05	1.685027718e-05
	1.805680792e-05	1.251891752e-05	1.097156021e-05	1.097156021e-05	1.096453942e-05
	1.096453942e-05	1.267868468e-05	1.267868468e-05	2.13346136e-05	1.510355609e-05
	2.479853581e-05	7.426261778e-05	0.0003774716144	3.56175648e-05	3.202623273e-06
	6.780961969e-06	1.542336095e-05	2.553855821e-05	2.553855821e-05	1.036892013e-05
	5.605488485e-06	2.702635837e-06	1.37142648e-05	1.897449508e-06	2.033617588e-06
	2.022474273e-06	1.995280615e-06	3.870029168e-07	1.902161157e-07	2.48426236e-07
	2.48426236e-07	1.982422842e-06	2.059342091e-06	1.363082301e-06	1.69544283e-06
	1.218659429e-06	1.363082301e-06	7.996038383e-07	7.996038383e-07	6.35033528e-07
	2.038140007e-06	5.170708643e-07	1.902309421e-07	1.902309421e-07	2.076693892e-07
	2.076693892e-07	1.897449508e-06	3.870029168e-07	3.486916196e-07	2.798257484e-07
	5.994299124e-07	8.538831882e-07	7.066154653e-07	6.880847137e-07	1.467355491e-06
	9.936200858e-07	1.625842691e-06	1.457494988e-06	1.995280615e-06	2.437678508e-05
	1.513372825e-05	1.513372825e-05	1.991226759e-05	1.916332117e-05	2.450241081e-05
	1.514234383e-05	1.171324546e-05	1.077220281e-05	1.096453942e-05	1.091889465e-05
	1.290805878e-05	1.618760619e-05	1.618760619e-05	2.596158934e-05	2.596158934e-05
	3.315858983e-05	4.875093323e-05	0.0003774716144	1.003614319e-05	3.202623273e-06
	5.484714872e-06	1.036892013e-05	2.024381748e-05	3.315858983e-05	2.553855821e-05
	1.889978081e-05	5.605488485e-06	3.659996008e-06	1.37142648e-05	2.115048488e-06
	1.793675947e-06	2.022474273e-06	2.022474273e-06	1.793675947e-06	2.48426236e-07
	3.180709811e-07	1.625842691e-06	1.982422842e-06	6.35033528e-07	2.059342091e-06
	2.059342091e-06	1.363082301e-06	1.510402376e-06	8.347834157e-07	1.081052392e-06
	7.996038383e-07	3.816035621e-07	1.727164442e-06	3.180709811e-07	1.619937864e-07
	1.586010603e-07	1.74387611e-07	2.060107729e-07	2.060107729e-07	2.115048488e-06
	4.878141469e-07	3.959382626e-07	3.20930901e-07	5.953374571e-07	8.538831882e-07
	6.880847137e-07	6.880847137e-07	1.077816203e-06	1.394664682e-06	1.625842691e-06
	1.617383393e-06	2.450241081e-05	2.200375133e-05	2.200375133e-05	2.450241081e-05
	1.260751683e-05	1.260751683e-05	1.077220281e-05	1.091889465e-05	1.205125603e-05
	1.205125603e-05	1.912528026e-05	1.605798727e-05	2.596158934e-05	3.315858983e-05
	8.253456556e-05	0.0001151936426	1.003614319e-05	1.530183792e-06	3.740388769e-05
	1.530183792e-06	2.768205658e-05	2.768205658e-05	2.823183458e-05	3.948816199e-05
	2.62407793e-05	7.992856657e-06	3.659996008e-06	2.302148126e-05	2.5173164e-06
	1.793675947e-06	1.604289732e-06	1.696593674e-06	1.644974333e-06	1.489547789e-06
	3.180709811e-07	1.514613287e-06	2.132219094e-06	4.996430638e-07	2.412851458e-06
	1.490591742e-06	1.352670933e-06	1.081052392e-06	9.920117279e-07	6.807946198e-07
	7.778062656e-07	6.807946198e-07	4.996430638e-07	3.816035621e-07	1.479711787e-06
	2.267991013e-07	1.502782396e-07	1.45402387e-07	1.45402387e-07	1.533188825e-07
	2.060107729e-07	2.545318689e-07	3.061560349e-06	2.482661429e-06	4.878141469e-07
	3.902925676e-07	3.227191088e-07	5.953374571e-07	9.797675538e-07	8.49408734e-07
	7.58813345e-07	1.196346134e-06	1.023906243e-06	1.479711787e-06	1.34774045e-06
	1.196346134e-06	1.617383393e-06	1.696593674e-06	3.036189079e-05	2.97188992e-05
	2.262186306e-05	1.260751683e-05	9.945613692e-06	1.031387275e-05	2.262186306e-05
	1.031387275e-05	1.114305974e-05	1.411179652e-05	1.411179652e-05	2.947109445e-05
	2.864074163e-05	8.253456556e-05	0.0001151936426	4.342926676e-07	3.715773627e-07
	3.91321754e-05	4.024342188e-05	2.582171704e-05	2.768205658e-05	3.791824353e-05
	2.582171704e-05	8.471724282e-06	5.017508242e-06	2.302148126e-05	3.061560349e-06
	1.422146926e-06	1.626007588e-06	1.696593674e-06	1.489547789e-06	9.763588524e-07
	9.763588524e-07	6.083180191e-07	6.807946198e-07	6.279599756e-07	4.788016463e-07
	3.385150853e-07	2.306351385e-07	1.277202541e-06	1.545608823e-07	1.489139407e-07
	1.45402387e-07	1.668312453e-07	2.025568606e-07	2.213841857e-07	2.482661429e-06
	2.482661429e-06	1.703700401e-06	3.902925676e-07	3.227191088e-07	3.227191088e-07
	4.783677277e-07	9.063874011e-07	7.58813345e-07	5.993270369e-07	1.196346134e-06
	1.014485563e-06	1.274696282e-06	1.34774045e-06	1.274696282e-06	1.849832225e-06
	2.947109445e-05	2.262186306e-05	1.039961598e-05	1.928920354e-05	7.308759097e-06
	9.696121123e-06	1.928920354e-05	1.114305974e-05	1.08475787e-05	1.411179652e-05
	3.484576683e-05	2.864074163e-05	2.864074163e-05	2.348806785e-05	2.19680755e-06
	4.342926676e-07	7.146220288e-06	3.886520651e-05	3.484576683e-05	1.714173317e-05
	3.886520651e-05	3.671552723e-05	8.084056828e-06	5.770058705e-06	2.20020086e-05
	5.770058705e-06	1.219778999e-06	1.703700401e-06	1.247683887e-06	6.083180191e-07
	2.504798289e-07	4.68247138e-07	6.279599756e-07	2.774071302e-07	2.504798289e-07
	1.277202541e-06	1.262290095e-07	1.321715315e-07	1.4457496e-07	2.213841857e-07
	1.580549474e-07	2.213841857e-07	3.477005738e-06	2.349386246e-06	3.477005738e-06
	1.703700401e-06	2.76916361e-07	3.812340732e-07	3.503077921e-07	4.658198791e-07
	7.38407965e-07	7.38407965e-07	5.168557267e-07	1.040586162e-06	8.932671838e-07
	7.788088872e-07	1.274696282e-06	1.017614261e-06	1.219778999e-06	1.807269207e-06
	1.050057883e-06	2.429703813e-05	2.125526745e-05	7.25567267e-06	1.575162162e-05
	5.268632702e-06	7.827630607e-06	1.627398233e-05	1.08475787e-05	1.08475787e-05
	2.980050229e-05	3.151818278e-05	2.980789513e-05	2.449912664e-05	9.294395706e-07
	2.19680755e-06	3.656269113e-06	2.369757785e-05	2.989880945e-05	3.656269113e-06
	3.886520651e-05	4.232366317e-05	4.232366317e-05	3.671552723e-05	4.2511631e-05
	2.980821152e-05	8.94031785e-06	7.104161472e-06	2.144467862e-05	7.104161472e-06
	1.247683887e-06	1.592208986e-06	1.247683887e-06	1.960021967e-07	3.522676639e-07
	2.774071302e-07	1.916908587e-07	1.916908587e-07	1.025593638e-06	1.262290095e-07
	1.262290095e-07	2.099676388e-07	1.136995986e-07	1.266982292e-07	1.927987272e-07
	1.788403816e-07	1.036030693e-06	3.477005738e-06	5.9402493e-06	2.351017376e-06
	3.942627444e-06	1.531391761e-06	3.04827561e-07	3.503077921e-07	3.503077921e-07
	5.168557267e-07	6.446264651e-07	6.446264651e-07	5.168557267e-07	8.932671838e-07
	7.799484272e-07	6.734216478e-07	1.025593638e-06	8.38453531e-07	9.134167172e-07
	1.531391761e-06	1.883927799e-06	9.134167172e-07	2.125526745e-05	1.575162162e-05
	5.268632702e-06	1.575162162e-05	5.268632702e-06	6.341166219e-06	6.738983579e-06
	6.738983579e-06	3.151818278e-05	3.151818278e-05	2.449912664e-05	2.012954049e-05
	1.455216736e-06	6.735328246e-05	1.735352779e-06	2.989880945e-05	2.038326325e-05
	3.617240691e-05	4.396348996e-05	4.232366317e-05	3.617240691e-05	4.326841574e-05
	4.396348996e-05	5.193919724e-05	4.232257151e-05	9.224554063e-06	7.104161472e-06
	2.134253264e-05	5.9402493e-06	1.162549468e-06	1.162549468e-06	1.025593638e-06
	1.12908026e-07	2.099676388e-07	2.456473949e-07	1.23922947e-07	1.442597624e-07
	1.739934778e-07	8.805431395e-07	5.054625925e-06	2.174092995e-06	3.646672654e-06
	3.942627444e-06	1.531391761e-06	2.44603664e-07	3.04827561e-07	3.787501717e-07
	3.687596672e-07	5.575007256e-07	4.609336433e-07	4.823334843e-07	8.936745486e-07
	7.73111406e-07	5.675640091e-07	9.576361302e-07	8.38453531e-07	8.38453531e-07
	9.134167172e-07	1.883927799e-06	2.174092995e-06	7.400814537e-07	1.906632595e-05
	1.244762223e-05	3.500610095e-06	8.264449801e-06	3.654652212e-06	4.966687353e-06
	6.738983579e-06	1.738757306e-05	1.336654271e-05	2.012954049e-05	6.778630476e-06
	6.735328246e-05	6.778630476e-06	2.038326325e-05	3.658577684e-05	2.351308159e-05
	3.085755717e-05	4.151132706e-05	3.55689305e-05	4.151132706e-05	4.883964646e-05
	9.224554063e-06	1.032554022e-05	2.416388291e-05	8.387855422e-06	7.115807334e-06
	9.912559025e-07	1.162549468e-06	8.437904295e-07	5.161507345e-06	2.174092995e-06
	4.589998823e-06	1.280859687e-06	3.078046822e-07	3.463901384e-07	3.687596672e-07
	5.675640091e-07	3.794557248e-07	3.038420668e-07	7.73111406e-07	6.676051405e-07
	5.675640091e-07	7.182769557e-07	7.182769557e-07	7.514737328e-07	7.400814537e-07
	1.836445212e-06	1.274317229e-06	9.692043914e-07	2.506393364e-06	3.639171712e-06
	7.439930512e-07	1.147245321e-05	1.147245321e-05	1.255559502e-06	5.507645993e-06
	3.420398155e-06	3.589052046e-06	1.625576015e-05	1.761227647e-05	1.336654271e-05
	9.964316368e-06	0.0001501631666	6.778630476e-06	4.183210318e-05	1.45937623e-05
	2.451684199e-05	3.658577684e-05	4.046962261e-05	2.351308159e-05	2.845189292e-05
	4.074785992e-05	3.55689305e-05	4.074785992e-05	8.387855422e-06	1.008761788e-05
	2.351887963e-05	8.59763338e-06	5.55569616e-06	6.046082568e-07	7.643821398e-07
	2.506393364e-06	1.059763284e-06	3.292033193e-07	3.387672787e-07	3.794557248e-07
	3.038420668e-07	3.038420668e-07	1.36825977e-06	5.367006675e-07	4.0913732e-07
	4.838901375e-07	5.696604246e-07	5.696604246e-07	5.323230265e-07	9.706232016e-07
	9.692043914e-07	6.019305318e-06	3.50661381e-06	1.766759226e-06	3.50661381e-06
	4.661951867e-07	3.383594749e-07	6.046082568e-07	9.964316368e-06	3.302278654e-06
	3.314628949e-07	2.312347874e-06	2.312347874e-06	1.53691001e-05	1.271642282e-05
	1.271642282e-05	8.501716604e-06	8.622785677e-06	0.0001501631666	1.460869066e-05
	7.881232649e-05	1.460869066e-05	1.462740928e-05	3.776676479e-05	4.046962261e-05
	4.046962261e-05	2.027257942e-05	3.556055602e-05	3.971929446e-05	2.513848914e-05
	3.556055602e-05	4.074785992e-05	8.59763338e-06	1.108847851e-05	2.374078394e-05
	7.774100141e-06	5.229463582e-07	5.229463582e-07	4.056435576e-07	3.379144566e-07
	1.117314381e-06	1.766759226e-06	4.0913732e-07	4.0913732e-07	3.650457387e-07
	3.829972968e-07	3.814757021e-07	3.184963833e-07	6.595868969e-07	5.427983358e-07
	6.019305318e-06	3.50661381e-06	3.532927932e-06	1.766759226e-06	3.245798275e-07
	2.014565881e-07	2.550657352e-07	3.302278654e-06	3.302278654e-06	3.293011868e-07
	1.377669244e-06	1.53691001e-05	1.53691001e-05	5.997434656e-06	5.997434656e-06
	5.997434656e-06	0.0002056225649	1.740140936e-05	2.05266582e-05	1.460869066e-05
	2.034783328e-05	2.460330113e-05	3.107324799e-05	5.344804625e-05	4.262738521e-05
	2.027257942e-05	4.262738521e-05	3.435784102e-05	3.435784102e-05	9.429324487e-06
	1.310356567e-05	2.769262662e-05	9.429324487e-06	2.769262662e-05	5.427983358e-07
	3.054202782e-07	6.593858781e-07	1.117314381e-06	1.086866976e-06	3.054202782e-07
	3.814757021e-07	3.650457387e-07	3.395350598e-07	2.862567292e-07	2.776456656e-07
	3.559754607e-07	5.051139627e-06	3.532927932e-06	3.532927932e-06	2.151654079e-06
	7.205689183e-07	1.700094823e-07	2.097479539e-07	2.554948955e-07	2.554948955e-07
	1.97759232e-06	8.69849285e-07	1.395687543e-07	1.374748142e-07	1.4383273e-05
	9.955820349e-06	3.683159414e-06	3.683159414e-06	0.000306728752	1.740140936e-05
	2.523871967e-05	2.034783328e-05	2.030252526e-05	4.374743867e-05	5.344804625e-05
	4.206225818e-05	2.079436405e-05	2.861646167e-05	3.435784102e-05	1.4383273e-05
	9.429324487e-06	1.513995782e-05	1.513995782e-05	8.93794503e-06	8.93794503e-06
	1.506853739e-05	3.361053916e-05	2.375656276e-07	6.593858781e-07	6.182355683e-07
	2.790253963e-07	2.862567292e-07	1.731798418e-07	2.862567292e-07	1.293250222e-07
	2.375656276e-07	1.84115091e-07	2.151654079e-06	4.794322567e-06	3.013505032e-06
	3.013505032e-06	3.135340063e-07	2.667845529e-07	4.089357781e-07	1.700094823e-07
	1.092506394e-07	1.865968022e-07	2.554948955e-07	1.525027077e-06	3.739139061e-07
	2.863665071e-06	2.863665071e-06	1.4383273e-05	5.930968832e-06	9.822533491e-06
	3.683159414e-06	6.270791988e-06	1.425940349e-06	0.0002632576005	1.238008576e-05
	1.734438932e-05	2.062748782e-05	2.523871967e-05	4.374743867e-05	4.374743867e-05
	4.698206137e-05	4.233180594e-05	2.722476741e-05	2.034042622e-05	2.722476741e-05
	2.034042622e-05	1.350196683e-05	4.639183314e-06	8.941491377e-06	1.350196683e-05
	1.607744021e-05	3.361053916e-05	1.24750003e-07	2.562429047e-07	1.972979218e-07
	1.888216314e-07	1.593422101e-07	9.842786919e-08	1.84115091e-07	1.84115091e-07
	3.135340063e-07	8.01717206e-08	1.792878662e-06	2.150533817e-06	2.150533817e-06
	1.850654301e-07	4.089357781e-07	1.147993778e-07	2.633704039e-07	9.842786919e-08
	9.915581889e-08	1.092506394e-07	6.521154283e-08	5.783506216e-07	4.108795597e-07
	2.863665071e-06	6.467944899e-06	1.386359629e-06	5.930968832e-06	6.590561988e-06
	1.386359629e-06	2.485058928e-07	2.118589077e-05	4.609925648e-06	9.537585674e-06
	2.993639597e-05	2.993639597e-05	2.993639597e-05	4.702806561e-05	4.683414531e-05
	4.207350534e-05	2.722476741e-05	3.753107612e-05	2.034042622e-05	1.622622045e-05
	1.651300902e-05	4.403137521e-05	4.555431313e-05	8.941491377e-06	5.340640129e-06
	7.94593196e-06	3.875462613e-06	5.584444337e-06	1.607744021e-05	6.478324965e-08
	1.593422101e-07	9.842786919e-08	8.655615757e-08	1.833087315e-07	9.628349851e-08
	7.362765504e-07	2.150533817e-06	1.106983068e-06	6.478324965e-08	9.389480016e-08
	1.147993778e-07	1.147993778e-07	2.308192972e-07	8.871891377e-08	1.275903094e-07
	9.592549688e-08	6.521154283e-08	6.300349988e-07	6.300349988e-07	3.555393518e-06
	1.386359629e-06	3.312615724e-06	2.485058928e-07	2.485058928e-07	7.881383985e-06
	2.118589077e-05	4.609925648e-06	1.783016169e-05	9.88870848e-05	4.609925648e-06
	2.788584669e-05	2.788584669e-05	2.951446716e-05	3.174490206e-05	4.597556402e-05
	4.87252438e-05	3.872871579e-05	3.872871579e-05	2.941787233e-05	1.622622045e-05
	1.781732501e-05	1.30811401e-05	9.88870848e-05	4.48142855e-05	8.255442142e-06
	8.947673927e-06	4.130673799e-05	3.875462613e-06	5.584444337e-06	2.730266024e-06
	4.112576351e-07	5.584444337e-06	8.947673927e-06	6.478324965e-08	8.655615757e-08
	9.628349851e-08	1.951879797e-06	7.362765504e-07	1.106983068e-06	8.384012062e-08
	2.308192972e-07	1.457264753e-07	1.243161791e-07	1.457264753e-07	9.389480016e-08
	1.21750207e-07	1.600926358e-07	2.308192972e-07	1.063637829e-07	8.384012062e-08
	1.151754432e-07	4.354660187e-06	2.634944223e-07	3.555393518e-06	1.795257332e-06
	3.950577954e-07	5.092460445e-06	9.209731829e-06	1.246525155e-06	5.64500511e-06
	8.648965171e-07	3.058335997e-06	5.64500511e-06	2.788584669e-05	3.106387934e-05
	3.665808168e-05	3.96102908e-05	4.433865452e-05	3.793998721e-05	3.793998721e-05
	2.941787233e-05	1.781732501e-05	1.999125938e-05	9.209731829e-06	0.0001389114217
	0.0002236170459	4.130673799e-05	4.134319879e-05	3.486021724e-05	2.413728979e-05
	6.779089915e-06	2.445548637e-06	3.446565833e-07	8.255442142e-06	4.49200289e-07
	8.947673927e-06	1.649848679e-06	1.883632102e-06	2.699206205e-07	8.510580112e-07
	2.552445388e-07	2.113569908e-07	2.149217924e-07	4.54405894e-07	7.214341129e-07
	2.004972401e-07	4.54405894e-07	1.457264753e-07	2.799055687e-07	8.304771524e-07
	7.638032733e-07	8.892278338e-07	1.456533541e-06	7.315160178e-07	2.004972401e-07
	2.113569908e-07	2.961380626e-06	1.795257332e-06	1.795257332e-06	3.950577954e-07
	2.716628829e-06	5.092460445e-06	9.209731829e-06	2.330269183e-06	1.635829676e-05
	3.058335997e-06	2.175170506e-07	1.635829676e-05	3.670882823e-05	4.695007951e-05
	4.433865452e-05	4.433865452e-05	4.050914491e-05	3.032534823e-05	3.032534823e-05
	1.999125938e-05	1.47693973e-05	1.125124136e-05	0.0001972408828	0.0004665179447
	0.0002316787396	5.684636624e-05	0.0002316787396	0.0001156892854	5.684636624e-05
	2.484556108e-05	0.0001074000674	1.528295078e-06	1.829146144e-06	8.808756902e-06
	2.182283238e-06	6.141541243e-05	1.138165953e-05	2.143734906e-05	1.649848679e-06
	1.944500679e-06	3.713512662e-07	4.27392713e-06	1.383792534e-06	1.383792534e-06
	3.391558077e-07	1.837197431e-06	2.900854212e-06	2.113569908e-07	2.065490214e-06
	4.54405894e-07	2.004972401e-07	1.30012033e-06	4.951593866e-07	5.432599652e-07
	7.638032733e-07	8.304771524e-07	1.769729291e-06	1.550696135e-06	3.020522834e-06
	3.310909567e-07	3.931313466e-07	2.132112629e-07	2.716628829e-06	1.977119202e-07
	6.203441218e-06	6.203441218e-06	1.145392094e-05	1.054003278e-05	1.635829676e-05
	5.351293058e-06	2.175170506e-07	1.314824056e-05	3.010580777e-05	3.670882823e-05
	3.961046643e-05	3.961046643e-05	3.529743371e-05	3.032534823e-05	2.141257188e-05
	2.141257188e-05	1.522272458e-05	1.145392094e-05	3.845450014e-05	0.0002269294335
	0.0001499646432	9.877940134e-05	6.523640268e-05	0.0001449667504	1.121659242e-05
	3.845450014e-05	5.584399755e-05	4.27392713e-06	1.276438078e-05	8.808756902e-06
	3.796088968e-05	3.157185266e-05	3.157185266e-05	1.944500679e-06	1.944500679e-06
	7.185332016e-06	1.776665446e-05	1.758660233e-06	1.383792534e-06	3.384156946e-06
	1.837197431e-06	1.837197431e-06	2.900854212e-06	3.931313466e-07	2.065490214e-06
	4.710266921e-07	3.020522834e-06	4.060917735e-05	9.953131785e-07	1.109016966e-06
	8.768318118e-07	1.850881458e-06	4.884202971e-06	2.581509496e-06	5.422444695e-07
	1.007271997e-06	7.991079374e-07	7.746568826e-07	4.224013699e-06	7.746568826e-07
	4.224013699e-06	8.473052015e-06	1.380950377e-05	1.380950377e-05	5.351293058e-06
	9.416875546e-07	3.010580777e-05	3.010580777e-05	4.373117305e-05	3.238790251e-05
	3.310549294e-05	2.818270926e-05	1.292785748e-05	2.55969031e-05	1.942715119e-05
	1.292785748e-05	5.750285015e-05	3.059992685e-05	3.845271168e-05	5.584399755e-05
	5.22999842e-05	7.635347232e-06	1.766386079e-05	4.900406755e-05	1.276438078e-05
	3.568183173e-05	3.381747953e-05	3.796088968e-05	4.900406755e-05	7.185332016e-06
	1.114510617e-05	7.185332016e-06	1.558851065e-05	2.827928933e-05	2.976244936e-06
	4.599011782e-06	6.627605088e-06	5.124822703e-06	1.558851065e-05	1.897992314e-06
	1.007271997e-06	4.060917735e-05	4.87066791e-06	4.060917735e-05	9.953131785e-07
	2.117036984e-06	1.992868048e-06	3.152114364e-06	7.327611298e-06	3.836401255e-06
	7.991079374e-07	1.007271997e-06	7.991079374e-07	7.746568826e-07	3.359973032e-06
	6.08137213e-07	3.359973032e-06	1.451123442e-05	1.380950377e-05	1.282253436e-05
	9.416875546e-07	7.920848342e-07	2.66180152e-05	3.370541358e-05	2.66180152e-05
	3.310549294e-05	2.55969031e-05	3.194635835e-05	1.953259715e-05	2.55969031e-05
	1.451123442e-05	1.766386079e-05	3.059992685e-05	4.950636638e-05	3.845271168e-05
	4.674241529e-05	1.766386079e-05	4.900406755e-05	4.120081397e-05	4.120081397e-05
	5.380063588e-05	4.717266233e-05	2.691046337e-05	2.41851565e-05	1.558851065e-05
	2.827928933e-05	3.626743315e-05	9.659622166e-06	9.659622166e-06	7.468270523e-06
	1.741119352e-05	3.259763623e-07	2.134995525e-06	3.370541358e-05	7.468270523e-06
	7.468270523e-06	3.438989281e-05	7.327611298e-06	2.134995525e-06	2.117036984e-06
	3.152114364e-06	3.152114364e-06	6.038765355e-06	1.13897826e-06	1.563500701e-06
	1.538854702e-06	2.402743164e-07	3.359973032e-06	1.558389568e-06	5.108509312e-06
	1.379959599e-05	6.78835115e-06	7.274426421e-06	5.653032612e-06	1.982204406e-05
	3.259763623e-07	2.575343091e-05	2.778513631e-05	3.370541358e-05	2.575343091e-05
	2.997216979e-05	2.897878689e-05	1.953259715e-05	2.419940132e-05	1.744219613e-05
	2.575520293e-05	2.640681079e-05	4.595010113e-05	4.595010113e-05	4.674241529e-05
	7.054644581e-06	5.22523438e-05	4.120081397e-05	4.7714468e-05	5.22523438e-05
	3.444882703e-05	1.741119352e-05	3.626743315e-05	3.626743315e-05	1.379528237e-05
	1.511984755e-05	1.403197877e-05	2.339243999e-05	3.259763623e-07	6.269911051e-06
	2.134995525e-06	1.07948034e-05	1.07948034e-05	2.997216979e-05	4.30665774e-06
	1.000241685e-05	3.736588749e-06	3.930743418e-06	5.425091179e-06	2.00971831e-06
	2.135561131e-06	2.632119503e-06	5.643119056e-07	6.784311926e-06	6.784311926e-06
	1.345687437e-05	1.379959599e-05	4.508209655e-06	5.653032612e-06	1.457344993e-05
	1.169155283e-06	2.575343091e-05	3.170431229e-05	2.645897576e-05	2.997216979e-05
	2.897878689e-05	2.897878689e-05	2.120898116e-05	1.904586794e-05	2.395446023e-05
	2.395446023e-05	3.030344774e-05	3.196221631e-05	1.317922198e-05	4.237995792e-05
	5.22523438e-05	4.7714468e-05	3.848805173e-05	3.20765956e-05	3.444882703e-05
	2.339243999e-05	4.20279673e-05	3.997533478e-05	2.057345768e-05	1.894186222e-05
	1.403197877e-05	1.403197877e-05	2.339243999e-05	1.158244221e-07	7.796079638e-06
	2.722058939e-06	1.000241685e-05	2.920548821e-05	5.425091179e-06	7.633121361e-06
	1.000241685e-05	3.736588749e-06	6.290256192e-06	7.99795842e-06	1.15333956e-05
	2.487935663e-06	2.722058939e-06	3.177996929e-06	2.007607456e-06	6.784311926e-06
	8.427667812e-06	1.337245519e-05	1.337245519e-05	1.169155283e-06	4.508209655e-06
	1.822083193e-05	1.158244221e-07	2.645897576e-05	2.920548821e-05	1.876200506e-05
	2.552113259e-05	2.455006932e-05	2.360245043e-05	2.120898116e-05	1.904586794e-05
	1.573473385e-05	2.498443814e-05	3.030344774e-05	3.030344774e-05	1.573473385e-05
	3.300472938e-05	3.449009323e-05	3.300472938e-05	2.498443814e-05	3.215879636e-05
	2.447005074e-05	3.511715361e-05	3.511715361e-05	3.449009323e-05	1.944608418e-05
	1.746459774e-05	1.944608418e-05	1.158244221e-07	5.637341433e-06	2.722058939e-06
	7.99795842e-06	1.15333956e-05	4.42226671e-06	7.300667311e-06	7.99795842e-06
	1.524497137e-05	2.934375199e-06	3.177996929e-06	2.795295972e-06	4.538035242e-06
	1.18122245e-05	1.147030101e-05	1.337245519e-05	1.773790311e-05	2.390397992e-06
	5.214319152e-06	1.643128228e-05	2.390397992e-06	2.450518697e-05	2.740418381e-05
	2.667686794e-05	1.656706865e-05	2.232030663e-05	2.232030663e-05	2.166544551e-05
	2.01240161e-05	1.573473385e-05	1.866897613e-05	8.394020623e-06	2.98119503e-05
	2.579196088e-05	1.280237847e-05	2.447005074e-05	3.426753522e-05	2.904832402e-05
	3.511715361e-05	2.883747232e-05	2.883747232e-05	1.524497137e-05	1.944608418e-05
	1.880948107e-05	2.077782025e-05	6.81063197e-08	3.436619673e-06	4.42226671e-06
	2.134999469e-05	1.10665034e-05	1.10665034e-05	5.252263877e-06	7.300667311e-06
	9.152853963e-06	1.524497137e-05	2.795295972e-06	4.702518238e-06	4.203095522e-06
	1.147030101e-05	1.496304238e-05	1.147030101e-05	1.666441035e-05	1.773790311e-05
	1.289220115e-05	6.887421478e-06	1.656706865e-05	2.739591654e-06	1.989353119e-05
	2.347870449e-05	1.989353119e-05	1.922640813e-05	2.232030663e-05	2.01240161e-05
	8.394020623e-06	8.394020623e-06	1.929645685e-05	2.289371312e-05	1.280237847e-05
	1.362895985e-05	2.931230563e-05	2.251890706e-05	2.931230563e-05	2.289371312e-05
	2.386715147e-05	2.883747232e-05	1.880948107e-05	1.880948107e-05	1.670304969e-05
	1.355228585e-06	4.536090641e-07	4.702518238e-06	2.134999469e-05	1.10665034e-05
	1.087319693e-05	5.934650334e-06	8.444221558e-06	9.643813329e-06	1.345418229e-05
	3.375371014e-06	4.702518238e-06	4.203095522e-06	1.714516715e-05	1.666441035e-05
	1.836253161e-05	1.666441035e-05	1.864362917e-05	1.883853506e-05	1.34300882e-05
	4.743318962e-06	6.944736807e-06	6.887421478e-06	2.252764221e-06	1.989353119e-05
	1.598120434e-05	1.98714293e-05	2.097548497e-05	1.140008495e-05	7.348163847e-06
	1.355228585e-06	2.289371312e-05	7.348163847e-06	8.732554701e-06	1.066270189e-05
	2.251890706e-05	2.251890706e-05	2.08998111e-05	2.365508323e-05	2.08998111e-05
	1.645914046e-05	1.491561986e-05	1.491561986e-05	1.43648429e-05	6.996130395e-07
	5.934650334e-06	1.672921568e-05	1.345418229e-05	1.128547877e-05	6.205395996e-06
	8.638162862e-06	8.638162862e-06	1.290954894e-05	3.440247792e-06	4.559636987e-06
	4.559636987e-06	1.836253161e-05	1.926979941e-05	1.836253161e-05	1.926979941e-05
	1.869941218e-05	1.733595716e-05	1.733595716e-05	1.140008495e-05	6.944736807e-06
	2.252764221e-06	3.033144527e-07	1.480129221e-05	1.747862115e-05	1.747862115e-05
	1.466657012e-05	1.140008495e-05	3.076030411e-06	6.996130395e-07	1.172535971e-05
	3.850818541e-06	1.066270189e-05	1.791004386e-05	1.549381997e-05	1.645914046e-05
	1.622612836e-05	1.645914046e-05	7.173245706e-06	1.491561986e-05	1.43648429e-05
	1.43648429e-05	1.821674509e-07	6.205395996e-06	1.033489815e-05	9.854396858e-06
	6.270967188e-06	8.638162862e-06	1.033489815e-05	1.277617254e-05	3.902602889e-06
	4.61134258e-06	4.61134258e-06	2.607968536e-05	1.926979941e-05	2.607968536e-05
	1.869941218e-05	1.869941218e-05	1.733595716e-05	1.693633759e-05	5.589313634e-06
	4.288583638e-06	5.589223004e-07	5.589223004e-07	1.466657012e-05	1.391697528e-05
	1.329640729e-05	5.589313634e-06	3.850818541e-06	9.843907123e-06	5.824342533e-06
	7.173245706e-06	1.246032986e-05	1.533892881e-05	7.173245706e-06	1.216244423e-05
	1.163973612e-05	1.050738817e-05	9.149643739e-06	1.821674509e-07	6.270967188e-06
	8.602125088e-06	7.269315185e-06	6.75606908e-06	8.602125088e-06	9.417685725e-06
	9.417685725e-06	3.790751111e-06	5.142573244e-06	4.607710803e-06	2.607968536e-05
	2.094479424e-05	2.422694184e-05	1.883900412e-05	1.693633759e-05	1.699196368e-05
	1.693633759e-05	5.589313634e-06	6.551950147e-07	5.589223004e-07	1.329640729e-05
	1.391697528e-05	1.130346942e-05	3.996843694e-06	1.562360521e-06	2.676504768e-06
	4.647675976e-06	4.616614345e-06	9.149643739e-06	7.474528486e-06	1.050738817e-05
	9.149643739e-06	4.217177096e-08	5.864937319e-06	5.479707932e-06	5.845495375e-06
	7.031994559e-06	7.36021854e-06	8.194179299e-06	6.294927331e-06	3.790751111e-06
	4.798582161e-06	3.90930817e-06	2.981631309e-05	2.04203472e-05	2.792311833e-05
	2.04203472e-05	1.807513886e-05	1.467282774e-05	1.807513886e-05	2.700510814e-06
	1.466290509e-06	1.324297001e-07	1.324297001e-07	9.951376903e-06	9.951376903e-06
	6.882133173e-06	2.700510814e-06	2.676504768e-06	2.309315286e-06	3.424796049e-06
	7.388689414e-06	5.053796022e-06	5.396583859e-06	4.217177096e-08	5.479707932e-06
	4.725225335e-06	5.451525297e-06	5.601335809e-06	5.303636276e-06	5.405554832e-06
	5.396583859e-06	3.085052278e-06	4.141669571e-06	3.270662939e-06	2.792311833e-05
	2.053139864e-05	2.792311833e-05	2.053139864e-05	1.807513886e-05	1.416316473e-05
	1.427023391e-05	2.700510814e-06	1.112769197e-06	3.349224205e-07	9.951376903e-06
	9.777537694e-06	3.534412051e-06	5.994485585e-06	2.431693629e-07	2.066370202e-06
	1.549396753e-06	2.647008902e-06	5.396583859e-06	4.029684586e-08	4.725225335e-06
	4.725225335e-06	4.075781272e-06	4.315009431e-06	4.271306686e-06	3.1937525e-06
	3.1937525e-06	2.541839705e-06	2.874434927e-06	2.874434927e-06	3.551344445e-05
	2.874604881e-05	2.894767661e-05	2.063501836e-05	1.678960303e-05	1.427023391e-05
	1.678960303e-05	1.563748031e-06	3.349224205e-07	3.349224205e-07	2.972549863e-06
	1.135170099e-05	7.139778897e-06	5.264326196e-06	4.029684586e-08	6.928387535e-07
	1.69502967e-06	1.69502967e-06	4.029684586e-08	4.359447394e-06	4.075781272e-06
	4.075781272e-06	3.763816588e-06	2.200449382e-06	3.1937525e-06	1.849935478e-06
	1.984297153e-06	2.874434927e-06	1.984297153e-06	3.551344445e-05	2.894767661e-05
	2.894767661e-05	1.961034405e-05	1.678960303e-05	1.135170099e-05	1.137479266e-05
	9.175140045e-06	8.289523556e-07	2.125289946e-06	8.289523556e-07	5.264326196e-06
	1.002043831e-05	7.139778897e-06	7.339977355e-07	6.928387535e-07	6.928387535e-07
	1.69502967e-06	1.44697597e-07	2.970164209e-06	2.84814801e-06	2.84814801e-06
	2.200449382e-06	2.200449382e-06	1.377768775e-06	1.906792155e-07	1.396714673e-06
	2.22822139e-06	1.396714673e-06	2.895400831e-05	2.894121807e-05	2.894121807e-05
	1.923830222e-05	1.923830222e-05	1.137479266e-05	1.656267897e-05	6.999053586e-06
	9.175140045e-06	2.568328036e-06	4.56454023e-06	1.994159955e-06	7.792437104e-07
	6.078907777e-08	1.906792155e-07	6.078907777e-08	2.22822139e-06	1.05253112e-06
	2.365442668e-06	6.867138502e-08	1.05253112e-06	7.542351979e-07	7.347116657e-07
	1.906792155e-07	1.396714673e-06	1.76105386e-06	7.18115317e-07	3.52358812e-05
	2.815100683e-05	2.815100683e-05	1.972006833e-05	8.722611745e-06	1.48142297e-05
	6.311337798e-06	8.794273584e-06	6.311337798e-06	1.994159955e-06	1.767016652e-06
	6.95077504e-07	6.078907777e-08	8.017879427e-07	1.05253112e-06	8.017879427e-07
	6.867138502e-08	1.868062629e-07	7.542351979e-07	2.408446251e-07	4.239926747e-07
	7.18115317e-07	7.18115317e-07	3.294091889e-05	2.292380792e-05	2.767192862e-05
	1.825269305e-05	2.292380792e-05	8.914866883e-06	1.49052946e-05	6.709098798e-06
	6.709098798e-06	3.417160132e-06	3.417160132e-06	1.827647986e-06	1.827647986e-06
	2.352772634e-07	6.181099632e-08	2.352772634e-07	2.210432353e-07	2.210432353e-07
	6.870083524e-08	6.181099632e-08	1.024565033e-07	4.762590411e-07	1.024565033e-07
	3.294091889e-05	2.292380792e-05	3.065481663e-05	1.873737743e-05	1.217045497e-05
	1.217045497e-05	1.457437271e-05	6.709098798e-06	3.134838119e-06	4.851018769e-06
	1.833623517e-06	2.352772634e-07	6.181099632e-08	7.417908199e-08	2.481535368e-07
	1.833623517e-06	3.048408708e-07	1.024565033e-07	2.766146823e-08	2.367293028e-08
	3.065481663e-05	1.873737743e-05	2.449924092e-05	9.426170052e-06	1.217045497e-05
	1.457437271e-05	4.851018769e-06	3.214432565e-06	4.851018769e-06	3.214432565e-06
	2.766146823e-08	5.394595881e-08	2.456482866e-07	3.048408708e-07	3.668640218e-07
	5.394595881e-08	3.214432565e-06	1.52431654e-08	2.726226098e-07	1.552446993e-07
	2.882289004e-05	1.635551002e-05	2.369033022e-05	2.369033022e-05	9.426170052e-06
	9.994349517e-06	1.597970939e-05	4.90459713e-06	3.402689381e-06	2.046457128e-06
	2.726226098e-07	1.019372531e-06	1.019372531e-06	6.20109155e-06	4.385226433e-06
	1.552446993e-07	2.726226098e-07	4.902778583e-07	2.413004871e-05	1.597970939e-05
	1.706017453e-05	8.981230925e-06	1.26023731e-05	1.412285427e-05	7.228797662e-06
	2.046457128e-06	1.424062442e-06	1.019372531e-06	8.981230925e-06	6.20109155e-06
	4.111429519e-06	3.374157125e-06	9.482216914e-07	9.482216914e-07	2.413004871e-05
	1.9791141e-05	1.780678342e-05	9.952948186e-06	1.305039629e-05	6.193947929e-06
	5.804810139e-06	1.424062442e-06	5.804810139e-06	3.374157125e-06	9.482216914e-07
	1.121100461e-06	1.800201857e-05	1.780678342e-05	1.312492691e-05	9.833850913e-06
	1.063494588e-05	7.309016017e-06	5.804810139e-06	4.049456296e-06	2.729743446e-06
	1.950165699e-06	1.950165699e-06	1.930150751e-05	1.700412886e-05	1.312492691e-05
	1.063494588e-05	7.108183551e-06	7.108183551e-06	3.104612542e-06	3.945425533e-06
	3.945425533e-06	1.700412886e-05	1.435132683e-05	9.96518513e-06	7.627902097e-06
	5.188339012e-06	3.945425533e-06	1.459004555e-05	1.11857396e-05	8.374069425e-06
	5.188339012e-06	5.188339012e-06	1.11857396e-05	1.11857396e-05	8.374069425e-06
	7.550615345e-06	1.097017073e-05	7.550615345e-06	1.01902183e-05	6.027579122e-06
	4.503663291e-06	1.061168295e-05	1.061168295e-05	1.076347123e-05	1.492501248e-05
	1.953341161e-05	5.769153952e-07	1.076347123e-05	1.901299552e-05	2.321575939e-05
	1.901299552e-05	1.882664826e-05	1.913376637e-07	2.191869324e-05	2.310874955e-05
	6.549059362e-06	1.57557539e-05	9.775572933e-07	1.578953194e-05	1.095615138e-05
	1.492501248e-05	1.492501248e-05	5.769153952e-07	9.087086689e-07	8.528834119e-06
	8.798282179e-06	1.547801688e-05	1.547801688e-05	1.469411715e-05	1.121783511e-05
	2.246585697e-05	4.618292375e-06	2.721836742e-05	1.901299552e-05	1.882664826e-05
	1.882664826e-05	2.191869324e-05	2.191869324e-05	2.110031143e-05	1.578953194e-05
	1.57557539e-05	1.588855399e-05	1.393088437e-05	1.578953194e-05	1.266616163e-05
	1.296514825e-05	1.364844977e-05	8.528834119e-06	8.528834119e-06	5.60027072e-06
	8.798282179e-06	1.220037518e-05	8.281834086e-06	1.067458275e-05	1.031975701e-05
	1.547801688e-05	9.650941515e-06	2.261618419e-05	4.613621407e-05	2.172226247e-05
	2.172226247e-05	2.246585697e-05	1.890558243e-05	2.261618419e-05	2.799964365e-05
	1.641129412e-05	2.519024951e-05	2.017895628e-05	2.172718017e-05	2.196486757e-05
	2.172718017e-05	1.412070651e-05	1.593823321e-05	1.565725838e-05	1.641129412e-05
	1.393088437e-05	1.393088437e-05	1.220037518e-05	1.345588945e-05	1.301921647e-05
	1.301921647e-05	8.20499048e-06	1.26996091e-05	1.19502765e-05	9.956754798e-06
	9.195629685e-06	2.806454366e-06	3.803716349e-06	8.20499048e-06	1.031975701e-05
	9.650941515e-06	9.956754798e-06	2.511026619e-05	2.365987489e-05	2.787311433e-05
	4.219912823e-05	2.106973784e-05	2.165539138e-05	2.799964365e-05	4.693097532e-05
	2.448139238e-05	2.799964365e-05	1.788176546e-05	2.165539138e-05	1.788176546e-05
	2.172718017e-05	2.198533305e-05	1.593823321e-05	1.631286915e-05	1.542431394e-05
	1.394690146e-05	1.394690146e-05	1.345588945e-05	1.268425242e-05	1.158259312e-05
	1.301921647e-05	1.268425242e-05	1.094197114e-05	2.729304058e-06	8.35897709e-06
	9.956754798e-06	8.35897709e-06	1.107480176e-05	9.196279577e-06	9.345449696e-06
	9.196279577e-06	8.73131009e-06	8.159456137e-06	1.106073915e-05	2.511026619e-05
	2.511026619e-05	2.869593652e-05	2.426672347e-05	2.106973784e-05	2.106973784e-05
	2.901709163e-05	2.629868332e-05	2.629868332e-05	2.839371734e-05	2.901709163e-05
	2.287090332e-05	1.631286915e-05	1.996850806e-05	1.996850806e-05	1.692682468e-05
	1.919250912e-05	1.542431394e-05	1.558664306e-05	1.558664306e-05	1.384961514e-05
	1.474905858e-05	1.293349512e-05	1.268425242e-05	1.094197114e-05	1.094197114e-05
	1.258991672e-05	8.920913111e-06	2.574997406e-06	5.254117103e-06	6.580754902e-06
	7.658141354e-06	7.907425022e-06	9.41949406e-06	8.607082898e-06	8.585012898e-06
	8.974664157e-06	9.196279577e-06	7.907425022e-06	8.159456137e-06	1.358786174e-05
	2.95879236e-05	2.676962339e-05	2.1582007e-05	2.578655367e-05	2.204131768e-05
	2.901709163e-05	2.632666569e-05	2.629868332e-05	2.1582007e-05	2.388273841e-05
	1.692682468e-05	1.692682468e-05	1.951467575e-05	1.825788969e-05	1.712678541e-05
	1.50319317e-05	1.411954646e-05	1.577368567e-05	1.518022591e-05	1.293349512e-05
	1.235311826e-05	1.109368402e-05	1.111730184e-05	9.704514002e-06	9.704514002e-06
	5.254117103e-06	6.895263365e-06	5.254117103e-06	5.315899439e-06	5.499488824e-06
	3.247586903e-06	6.580754902e-06	6.580754902e-06	7.412796919e-06	9.427894013e-06
	8.350809704e-06	8.793798581e-06	7.760324308e-06	8.613482942e-06	2.95879236e-05
	1.294922258e-05	1.358786174e-05	2.339661448e-05	2.529725891e-05	2.676962339e-05
	2.676962339e-05	2.166436629e-05	1.951467575e-05	2.166436629e-05	1.963888876e-05
	2.388273841e-05	2.123042356e-05	2.388273841e-05	1.600401697e-05	1.600401697e-05
	1.828734573e-05	1.768038943e-05	1.411954646e-05	1.411954646e-05	1.461789851e-05
	1.461789851e-05	1.211475104e-05	1.235311826e-05	1.092138898e-05	1.019530572e-05
	8.55159929e-06	9.704514002e-06	5.463292211e-06	5.463292211e-06	5.362933432e-06
	7.6299003e-06	5.610347966e-06	5.239260258e-06	2.661351178e-06	7.412796919e-06
	5.458309438e-06	7.412796919e-06	5.964107155e-06	8.325097787e-06	8.325097787e-06
	8.55159929e-06	8.390656603e-06	7.827214347e-06	8.613482942e-06	2.277341242e-05
	2.189389291e-05	1.294922258e-05	2.339661448e-05	8.39998663e-06	2.186510964e-05
	1.414364469e-05	2.150508689e-05	2.150508689e-05	1.87506374e-05	1.99548851e-05
	1.828734573e-05	2.166436629e-05	2.022533072e-05	1.886902624e-05	2.010438218e-05
	2.010438218e-05	1.600401697e-05	1.687182805e-05	1.828734573e-05	1.320984657e-05
	1.229052622e-05	1.405361326e-05	1.405361326e-05	1.034951586e-05	1.134962482e-05
	9.98353787e-06	1.019530572e-05	9.043431009e-06	5.458309438e-06	5.463292211e-06
	5.362933432e-06	5.362933432e-06	5.188578321e-06	5.931832085e-06	5.878329115e-06
	5.358098967e-06	2.970448588e-06	7.827214347e-06	5.964107155e-06	5.964107155e-06
	8.569812675e-06	8.569812675e-06	8.325097787e-06	8.390656603e-06	7.57350855e-06
	7.496971496e-06	2.148993108e-05	2.11371037e-05	2.21555888e-05	1.939507457e-05
	1.939507457e-05	1.888757018e-05	1.392250537e-05	2.11371037e-05	1.761342561e-05
	1.87506374e-05	1.87506374e-05	1.582585779e-05	1.746732814e-05	1.680240843e-05
	1.680240843e-05	1.639416469e-05	1.536165568e-05	1.550426347e-05	1.229052622e-05
	1.229052622e-05	1.405361326e-05	1.410455291e-05	1.204681495e-05	1.034951586e-05
	1.038192458e-05	9.151544839e-06	9.395012024e-06	8.287671061e-06	6.245568424e-06
	5.182730275e-06	4.686821966e-06	4.594098772e-06	6.386542282e-06	4.490173187e-06
	4.763850624e-06	2.970448588e-06	6.603420387e-06	6.02358978e-06	6.11698531e-06
	8.019839393e-06	8.019839393e-06	7.704579687e-06	7.57350855e-06	7.57350855e-06
	1.900363147e-05	2.148993108e-05	2.11371037e-05	1.866749619e-05	1.939507457e-05
	1.897652673e-05	1.897652673e-05	1.124789902e-05	1.718547655e-05	1.699134432e-05
	1.699134432e-05	1.639416469e-05	1.536165568e-05	1.568752215e-05	1.680240843e-05
	1.453088933e-05	1.45641512e-05	1.410455291e-05	1.042130097e-05	1.042130097e-05
	1.195100131e-05	1.298885982e-05	1.189155843e-05	9.581061964e-06	1.038192458e-05
	8.297178678e-06	8.287671061e-06	5.300712804e-06	4.612304379e-06	4.686821966e-06
	4.686821966e-06	6.386542282e-06	5.853641198e-06	4.334126834e-06	4.235586205e-06
	4.235586205e-06	5.230626768e-07	6.02358978e-06	6.603420387e-06	6.02358978e-06
	5.853641198e-06	7.914867022e-06	8.019839393e-06	7.704579687e-06	6.95914303e-06
	1.977170399e-05	1.900363147e-05	1.977922211e-05	1.718547655e-05	1.762518208e-05
	1.845051405e-05	1.839025115e-05	1.845051405e-05	1.897652673e-05	1.124789902e-05
	1.45641512e-05	1.718547655e-05	1.699134432e-05	1.388134067e-05	1.435422808e-05
	1.284069033e-05	1.397971073e-05	1.397971073e-05	1.170824804e-05	1.029029368e-05
	9.51183854e-06	1.103041097e-05	1.088367029e-05	1.170824804e-05	1.103041097e-05
	8.927913403e-06	8.811717851e-06	8.297178678e-06	7.820109532e-06	5.236565087e-06
	4.612304379e-06	4.525771977e-06	5.43023187e-06	5.853641198e-06	4.47265606e-06
	2.69918222e-07	4.044335088e-06	4.235586205e-06	4.165148912e-06	6.231597413e-06
	6.445676785e-06	5.425217465e-06	5.799000748e-06	7.297713621e-06	7.51217168e-06
	7.078951003e-06	6.392678386e-06	1.529111101e-05	1.839025115e-05	1.529111101e-05
	1.968308528e-05	1.504215509e-05	1.596272377e-05	1.596272377e-05	1.381209634e-05
	1.433242013e-05	1.452731329e-05	1.280935609e-05	9.557206687e-06	1.388134067e-05
	1.504215509e-05	1.388134067e-05	1.284069033e-05	1.284069033e-05	1.397971073e-05
	1.209177291e-05	1.257872466e-05	1.170824804e-05	9.557206687e-06	9.51183854e-06
	1.103041097e-05	9.991300616e-06	1.173099418e-05	1.014859976e-05	8.242359363e-06
	8.242359363e-06	7.820109532e-06	7.820109532e-06	4.656404556e-06	4.551694078e-06
	4.577961759e-06	5.022245735e-06	5.43023187e-06	4.577961759e-06	4.036264876e-06
	4.122365978e-06	3.656656235e-06	4.044335088e-06	4.004638019e-06	5.961472005e-06
	6.392678386e-06	5.452076995e-06	5.961472005e-06	6.61376917e-06	7.078951003e-06
	7.078951003e-06	6.61376917e-06	1.529111101e-05	1.330489629e-05	1.330489629e-05
	1.706783445e-05	1.504215509e-05	1.596272377e-05	1.29844524e-05	1.280935609e-05
	1.294332431e-05	1.280935609e-05	9.557206687e-06	9.038833683e-06	1.252874697e-05
	1.255364445e-05	1.236801562e-05	1.255364445e-05	1.294416088e-05	1.209177291e-05
	1.170055697e-05	1.179789536e-05	9.038833683e-06	8.169942482e-06	9.119440092e-06
	1.014859976e-05	9.174580238e-06	1.014859976e-05	7.711987486e-06	7.217263519e-06
	7.217263519e-06	4.816322958e-06	4.621688533e-06	4.621688533e-06	4.755131065e-06
	4.229429182e-06	3.92352612e-06	3.818448211e-06	4.122365978e-06	4.122365978e-06
	3.531983195e-06	4.004638019e-06	4.874597762e-06	5.961472005e-06	5.545012459e-06
	6.012961286e-06	6.61376917e-06	6.562669403e-06	6.138827903e-06	1.21963919e-05
	1.29844524e-05	1.311632732e-05	1.325157408e-05	1.999644341e-05	1.706783445e-05
	1.00591631e-05	1.236801562e-05	1.236519888e-05	1.235325686e-05	1.235325686e-05
	1.345628769e-05	9.396854013e-06	1.252874697e-05	1.151393616e-05	1.133054311e-05
	1.034634443e-05	1.150688254e-05	1.050676497e-05	1.135869654e-05	9.764816703e-06
	8.662812929e-06	7.237534782e-06	8.977736806e-06	8.491768241e-06	8.691863052e-06
	8.691863052e-06	6.716100589e-06	7.268657947e-06	7.217263519e-06	4.816322958e-06
	4.816322958e-06	4.470828055e-06	3.012604501e-06	4.476666762e-06	3.974353564e-06
	3.789904416e-06	3.012604501e-06	3.744901548e-06	3.789904416e-06	2.501619409e-06
	4.874597762e-06	5.393022534e-06	5.635926429e-06	5.458896112e-06	5.906462943e-06
	6.176420587e-06	5.759551893e-06	1.105925227e-05	1.048387191e-05	1.046827292e-05
	1.00591631e-05	6.540419263e-06	1.00591631e-05	2.173421219e-06	1.008576377e-05
	1.105925227e-05	1.125375453e-05	8.749458924e-06	1.031414925e-05	1.161733862e-05
	1.034634443e-05	1.034634443e-05	1.049693366e-05	9.708414689e-06	9.558916167e-06
	1.038662732e-05	8.977736806e-06	7.565082483e-06	7.268657947e-06	8.977736806e-06
	8.491768241e-06	8.0663305e-06	8.0663305e-06	6.176420587e-06	6.740451642e-06
	6.740451642e-06	4.842190577e-06	4.767379142e-06	3.012534732e-06	4.224760183e-06
	3.974353564e-06	3.974353564e-06	3.789904416e-06	3.722059764e-06	3.887613325e-06
	2.501619409e-06	3.116580421e-06	4.280468405e-06	4.511739335e-06	5.068221739e-06
	5.458896112e-06	5.458896112e-06	5.759551893e-06	6.176420587e-06	5.759551893e-06
	1.036648154e-05	1.048387191e-05	1.048387191e-05	1.046827292e-05	1.020151012e-05
	9.813880829e-06	3.794087228e-06	9.400772694e-06	9.669792893e-06	1.008576377e-05
	1.036648154e-05	9.323778779e-06	8.118823652e-06	9.397784259e-06	9.463469638e-06
	1.048433137e-05	8.791842013e-06	8.227027226e-06	8.386090804e-06	8.301098481e-06
	8.82461494e-06	8.82461494e-06	8.301098481e-06	7.008025725e-06	3.183267309e-06
	3.183267309e-06	6.723087744e-06	7.91713886e-06	7.463523031e-06	8.474429944e-06
	8.0663305e-06	6.085753895e-06	6.322551319e-06	5.645955631e-06	4.280468405e-06
	3.146323905e-06	4.052956189e-06	3.822465843e-06	4.023769669e-06	3.842045238e-06
	3.722059764e-06	3.116580421e-06	3.41270955e-06	4.280468405e-06	4.511739335e-06
	4.770190998e-06	5.341963016e-06	5.417157919e-06	5.645955631e-06	5.456771627e-06
	4.933094903e-06	1.036648154e-05	8.463720502e-06	1.046144765e-05	9.669792893e-06
	9.617882333e-06	7.864171117e-06	8.272549266e-06	8.272549266e-06	8.867702466e-06
	9.669792893e-06	9.323778779e-06	8.60745316e-06	7.024157964e-06	8.629066652e-06
	8.550792634e-06	8.550792634e-06	8.201579929e-06	7.251562982e-06	8.386090804e-06
	7.442466203e-06	8.301098481e-06	6.114385518e-06	3.447008512e-06	4.365879131e-06
	3.170570649e-06	2.861419011e-06	6.624197065e-06	7.368266e-06	7.251562982e-06
	7.85121573e-06	6.114385518e-06	5.955940045e-06	5.645955631e-06	4.09079096e-06
	3.146323905e-06	4.023769669e-06	4.023769669e-06	3.700392671e-06	3.823538042e-06
	3.447008512e-06	3.394839746e-06	4.301855859e-06	4.145809201e-06	4.801355033e-06
	4.754819258e-06	4.754819258e-06	5.577312765e-06	4.678491231e-06	4.946773365e-06
	8.463720502e-06	7.342418452e-06	7.864171117e-06	7.05505095e-06	9.446431229e-06
	8.272549266e-06	7.474561046e-06	7.05505095e-06	7.441698048e-06	8.537883492e-06
	6.505980525e-06	7.194165682e-06	7.451666402e-06	7.451666402e-06	7.392382965e-06
	7.251562982e-06	7.099409075e-06	7.011076824e-06	7.392382965e-06	5.821753203e-06
	3.25610516e-06	2.638220927e-06	2.638220927e-06	3.170570649e-06	7.11985664e-06
	6.534296793e-06	6.736228729e-06	6.927554534e-06	5.821753203e-06	5.592246876e-06
	5.247228471e-06	4.027022161e-06	3.489476005e-06	3.977241678e-06	3.700392671e-06
	3.700392671e-06	3.358332196e-06	3.489476005e-06	3.888140251e-06	4.339134867e-06
	4.339134867e-06	5.247228471e-06	4.526950513e-06	4.678491231e-06	4.131931768e-06
	4.454641294e-06	4.65008145e-06	7.779483659e-06	7.698478077e-06	7.474561046e-06
	6.851955556e-06	6.851955556e-06	7.616808102e-06	6.630797667e-06	7.474561046e-06
	7.11985664e-06	6.437256196e-06	7.194165682e-06	7.22594326e-06	7.441698048e-06
	5.863882658e-06	7.194165682e-06	6.894352018e-06	7.392382965e-06	6.452988014e-06
	6.452988014e-06	6.520800489e-06	7.011076824e-06	5.821753203e-06	3.384893391e-06
	1.109852433e-06	3.872089278e-06	3.271797867e-06	2.141334713e-06	2.034507681e-06
	6.16776959e-06	6.2672444e-06	5.463056697e-06	5.463056697e-06	5.049873145e-06
	3.958945621e-06	3.489476005e-06	3.838072746e-06	3.845705157e-06	3.57642858e-06
	3.704841434e-06	4.023656158e-06	4.131931768e-06	4.592582666e-06	4.131931768e-06
	4.463367382e-06	4.249011246e-06	4.463367382e-06	4.424946509e-06	7.120603926e-06
	7.120603926e-06	6.659880492e-06	6.412811004e-06	6.851955556e-06	6.72488736e-06
	6.630797667e-06	6.630797667e-06	6.138934237e-06	6.72488736e-06	6.603067598e-06
	6.815793729e-06	6.815793729e-06	5.863882658e-06	5.682876642e-06	6.475194864e-06
	6.894352018e-06	6.812950861e-06	6.452988014e-06	6.520800489e-06	6.323154477e-06
	5.500341635e-06	3.338206616e-06	3.872089278e-06	2.407616667e-06	3.411998116e-06
	4.193011202e-06	1.219850926e-06	1.645287463e-06	6.2672444e-06	5.164376296e-06
	5.170137217e-06	4.508809052e-06	3.845705157e-06	3.704841434e-06	3.890750766e-06
	3.757944016e-06	3.577709248e-06	3.591298119e-06	3.961957032e-06	4.535761802e-06
	4.093210332e-06	4.463367382e-06	4.424946509e-06	7.120603926e-06	6.097328275e-06
	6.412811004e-06	5.770757482e-06	6.51466843e-06	6.203513061e-06	6.339564185e-06
	6.303252494e-06	6.303252494e-06	5.803713075e-06	6.2457639e-06	6.815793729e-06
	5.181174167e-06	5.682876642e-06	5.682876642e-06	6.475194864e-06	5.958273199e-06
	5.804812058e-06	5.776131233e-06	5.804812058e-06	5.181174167e-06	3.411998116e-06
	3.698077182e-06	3.698077182e-06	3.953501479e-06	1.217006068e-06	1.217006068e-06
	1.727027885e-06	1.466158373e-06	5.17589304e-06	4.833314582e-06	5.170137217e-06
	4.627926724e-06	4.508809052e-06	3.757944016e-06	3.554535671e-06	3.857716755e-06
	3.757944016e-06	3.554535671e-06	3.961012418e-06	4.162745702e-06	4.093210332e-06
	4.162745702e-06	6.097328275e-06	6.097328275e-06	5.949364833e-06	5.949364833e-06
	6.216884574e-06	6.216884574e-06	5.710107667e-06	5.710107667e-06	5.17589304e-06
	5.72715944e-06	5.803713075e-06	6.024255663e-06	5.181174167e-06	5.649234679e-06
	5.654498586e-06	5.5914551e-06	5.72715944e-06	5.804812058e-06	5.384287207e-06
	4.585187381e-06	3.530645477e-06	4.008911926e-06	3.58618868e-06	3.698077182e-06
	3.847566216e-06	5.564098795e-06	6.503075538e-06	6.503075538e-06	5.297727639e-06
	4.585187381e-06	4.63303898e-06	4.272140835e-06	4.312774445e-06	3.857716755e-06
	3.57417841e-06	3.665767582e-06	3.857716755e-06	3.530645477e-06	3.57417841e-06
	3.961012418e-06	4.162745702e-06	4.151985436e-06	5.377407041e-06	5.666809514e-06
	5.949364833e-06	5.377407041e-06	5.504620049e-06	6.216884574e-06	5.293599962e-06
	5.710107667e-06	5.293599962e-06	5.262451306e-06	5.35715174e-06	5.492224485e-06
	5.275279506e-06	4.690879609e-06	4.98309834e-06	5.011094486e-06	4.690879609e-06
	5.076655371e-06	5.262451306e-06	5.076655371e-06	4.585187381e-06	3.108823188e-06
	4.113537423e-06	3.530645477e-06	3.605811892e-06	3.699957114e-06	3.108823188e-06
	5.297727639e-06	5.88096503e-06	4.206254957e-06	4.081987032e-06	4.206254957e-06
	3.761560274e-06	3.742541896e-06	3.665767582e-06	3.566419172e-06	3.566419172e-06
	3.772282396e-06	4.123333754e-06	5.275279506e-06	5.275279506e-06	5.377407041e-06
	4.877716636e-06	5.061838958e-06	5.378386406e-06	5.378386406e-06	4.893741532e-06
	5.169279296e-06	4.80205289e-06	5.262451306e-06	5.084436814e-06	4.730228951e-06
	4.690879609e-06	4.710429219e-06	4.836082404e-06	4.740506388e-06	5.076655371e-06
	4.899223184e-06	4.860037699e-06	4.185338926e-06	3.695658964e-06	4.849489891e-06
	4.113537423e-06	3.541197685e-06	3.69504307e-06	3.36107172e-06	1.349281008e-06
	4.660422076e-06	4.836082404e-06	4.206254957e-06	3.944181285e-06	4.081987032e-06
	3.735624187e-06	3.708288433e-06	3.647580234e-06	3.558966477e-06	3.52043634e-06
	3.852905245e-06	4.876262577e-06	4.982683887e-06	5.061838958e-06	4.894132074e-06
	4.905192646e-06	4.683996074e-06	5.378386406e-06	4.893741532e-06	4.937779045e-06
	5.084436814e-06	4.730228951e-06	4.730228951e-06	4.522986558e-06	4.326243895e-06
	4.522986558e-06	4.616110243e-06	4.571296319e-06	4.185338926e-06	4.205321703e-06
	4.205321703e-06	4.205321703e-06	3.561920331e-06	3.468700219e-06	3.019819308e-06
	1.381045559e-06	4.286116425e-06	4.867454053e-06	4.286116425e-06	4.247062632e-06
	4.169678356e-06	4.326243895e-06	3.817406034e-06	4.048628457e-06	4.035337265e-06
	3.75462796e-06	3.708288433e-06	3.57929451e-06	3.57929451e-06	3.537972078e-06
	3.498504189e-06	3.817406034e-06	4.642154429e-06	4.406604707e-06	4.835099868e-06
	4.894132074e-06	4.683996074e-06	4.683996074e-06	4.937779045e-06	4.518929352e-06
	4.518929352e-06	4.642154429e-06	4.247062632e-06	3.958477063e-06	4.365201495e-06
	4.178102186e-06	4.118349435e-06	3.750346236e-06	3.467491482e-06	4.168624538e-06
	3.467491482e-06	3.750346236e-06	3.076936546e-06	1.381045559e-06	4.289436763e-06
	4.289436763e-06	4.407938932e-06	4.27277089e-06	3.958477063e-06	4.243087329e-06
	4.153054471e-06	3.817406034e-06	3.80744045e-06	3.60813098e-06	3.60813098e-06
	3.583379231e-06	3.686557465e-06	3.869521054e-06	3.691789237e-06	3.610971683e-06
	4.267790992e-06	4.421695295e-06	4.421695295e-06	4.545437592e-06	4.594619986e-06
	4.518929352e-06	4.267790992e-06	4.144404927e-06	3.991047497e-06	3.958477063e-06
	4.178102186e-06	3.829929324e-06	3.750346236e-06	3.959396017e-06	3.467491482e-06
	6.166573775e-06	5.012280213e-06	4.498815133e-06	4.152033844e-06	4.289436763e-06
	4.081738776e-06	3.829929324e-06	4.26251704e-06	3.991047497e-06	3.751929128e-06
	3.691789237e-06	3.60813098e-06	3.583379231e-06	3.719993631e-06	3.878586602e-06
	3.869521054e-06	3.616690949e-06	3.610971683e-06	4.267790992e-06	4.421695295e-06
	4.152033844e-06	4.181817437e-06	4.484353588e-06	4.271110625e-06	3.988159264e-06
	4.012340896e-06	3.991047497e-06	3.726580458e-06	4.098508394e-06	3.751929128e-06
	3.752316283e-06	3.959396017e-06	3.339089752e-06	4.498815133e-06	4.030212369e-06
	3.976291344e-06	4.122061081e-06	4.122061081e-06	3.736107718e-06	3.931075695e-06
	3.84747947e-06	3.657779389e-06	3.657779389e-06	3.670256846e-06	3.574844747e-06
	3.661907135e-06	3.724977419e-06	3.878586602e-06	3.626049569e-06	3.988159264e-06
	3.904175347e-06	3.976291344e-06	4.181817437e-06	3.900317859e-06	3.874840895e-06
	3.833987876e-06	3.871034841e-06	3.736107718e-06	3.833987876e-06	3.677462794e-06
	3.339089752e-06	3.752316283e-06	3.860614892e-06	2.5267166e-06	8.014853126e-07
	3.808472556e-06	3.808472556e-06	3.975766964e-06	3.776530685e-06	3.789475368e-06
	3.566173662e-06	3.664202882e-06	3.657779389e-06	3.626049569e-06	3.860614892e-06
	3.570374654e-06	3.570374654e-06	3.602575299e-06	3.626049569e-06	3.874840895e-06
	3.904175347e-06	3.861204722e-06	3.768989751e-06	3.789475368e-06	3.833987876e-06
	3.717412165e-06	3.744802611e-06	3.54894473e-06	3.683315508e-06	3.860614892e-06
	4.144504277e-06	4.10142663e-06	7.923016225e-07	1.230680109e-06	3.817425745e-06
	3.801916344e-06	4.483875592e-06	4.483875592e-06	3.789475368e-06	3.566173662e-06
	3.717412165e-06	7.059133544e-07	3.574459833e-06	3.946489145e-06	3.711366693e-06
	3.679658827e-06	3.711366693e-06	3.824470716e-06	3.801916344e-06	3.801916344e-06
	3.742609451e-06	3.735317631e-06	3.725275311e-06	3.699974392e-06	3.595015617e-06
	3.54894473e-06	3.683315508e-06	3.946489145e-06	4.144504277e-06	2.67603791e-06
	2.993244293e-06	2.993244293e-06	4.040997146e-06	4.483875592e-06	4.040997146e-06
	3.627708143e-06	3.699974392e-06	3.565884093e-06	6.917929984e-07	3.69931627e-06
	3.781266415e-06	3.711366693e-06	3.782674397e-06	3.806530152e-06	3.727323419e-06
	3.742447176e-06	3.627708143e-06	3.565884093e-06	3.566829669e-06	3.627708143e-06
	3.69931627e-06	3.657851265e-06	4.016005287e-06	4.00504493e-06	4.035020714e-06
	4.220764268e-06	3.728536882e-06	4.040997146e-06	3.225049921e-06	3.835507738e-06
	1.360287095e-06	3.69931627e-06	3.841312406e-06	3.748210941e-06	3.727323419e-06
	3.781373548e-06	3.742447176e-06	3.716201163e-06	3.566829669e-06	3.566829669e-06
	3.716201163e-06	3.672198198e-06	3.749570376e-06	3.951405178e-06	4.12233556e-06
	3.143832794e-07	4.212036314e-06	3.835507738e-06	3.82037984e-06	5.051425529e-06
	3.951405178e-06	3.748210941e-06	3.748210941e-06	3.814423894e-06	3.57533884e-06
	3.536088813e-06	3.57533884e-06	3.716201163e-06	3.623900148e-06	3.727332074e-06
	3.623900148e-06	4.12233556e-06	2.170448956e-07	3.744128244e-06	3.744128244e-06
	2.076729471e-06	3.862042227e-06	3.814423894e-06	3.996418891e-06	3.798896794e-06
	3.741754274e-06	3.698427007e-06	3.900884623e-06	3.741754274e-06	3.586563517e-06
	4.16672058e-06	3.893256054e-06	3.744128244e-06	3.932295479e-06	3.906923531e-06
	2.159934095e-06	3.57765831e-06	3.57765831e-06	3.747506165e-06	3.741754274e-06
	3.910080363e-06	3.586563517e-06	3.586563517e-06	4.16672058e-06	2.24930896e-07
	3.622198677e-06	2.874467574e-06	3.57765831e-06	3.747506165e-06	3.770307226e-06
	3.770307226e-06	3.307110128e-06	3.484810272e-06	2.874467574e-06	4.423448613e-06
	3.484810272e-06	1.395760508e-06	7.044589033e-07	1.492445537e-06	