226	
	1.62282193e-31	-3.822626622e-31	0.02103482962	-0.03002377305	6.979353137e-32
	-5.305558508e-31	0.01298529242	-0.0223250074	0.01627692629	-0.03517937566
	0.03281289221	-0.05426237461	2.757516651e-32	-4.663690424e-31	0.008120561285
	-0.01919423526	0.008609412904	-0.03007081936	0.01633950245	-0.04657779265
	0.02631993022	-0.0531493075	0.04112657755	-0.07643197189	2.618296368e-33
	-4.198145472e-31	0.003299166943	-0.01438799514	0.003784533682	-0.02726544162
	0.01340699644	-0.05198030845	0.02674203634	-0.06733319369	0.03746148096
	-0.08103291923	0.04475756206	-0.09595570489	0.004935547283	-0.0354923821
	-7.83042928e-35	-4.039990901e-31	0.0008070206242	-0.01182237082	0.0007073383647
	-0.02244694777	-1.606251118e-33	-4.192690689e-31	0.02405852303	-0.07220926362
	0.03348741985	-0.08759978355	0.04413235052	-0.1154256626	0.03934419639
	-0.1088493176	-2.641511822e-32	-4.624511052e-31	-8.718488641e-05	-0.03104008144
	-0.000750718432	-0.01177924507	-0.000766601651	-0.02259519575	-0.003132343087
	-0.01434653088	0.034396349	-0.1014189063	0.02888636901	-0.09383087848
	0.03487366471	-0.1599225262	0.03238541026	-0.1201966087	0.03955188371
	-0.1371312461	0.0322979578	-0.1354448113	-7.09301034e-32	-5.320149791e-31
	-1.632394102e-31	-3.832636542e-31	-0.008335381182	-0.01920137196	-0.005085749111
	-0.03563327573	-0.00398811335	-0.02733908685	-0.01111404433	-0.03800241337
	0.02673239751	-0.1150770462	0.03045170594	-0.1829211107	0.02755375859
	-0.1641372189	0.02459066415	-0.1328782502	0.02587073361	-0.1516550983
	-0.0131455755	-0.02237256609	-0.02116445318	-0.03002884298	-0.016334755
	-0.03531860085	-0.01340348105	-0.05187936638	-0.01955843944	-0.05484669646
	0.01727160049	-0.136760801	0.02140179994	-0.1874200943	0.02032205777
	-0.1685217586	0.01750595691	-0.1501585839	-0.02744460032	-0.07154049255
	-0.03278744521	-0.05425040682	-0.0262486926	-0.05318142467	-0.02439128486
	-0.07286389426	0.007448846297	-0.1537056837	0.01244586917	-0.1925013838
	0.0115873882	-0.17705995	0.006277495352	-0.1728757534	0.002035974509
	-0.170054466	-0.03365947371	-0.08772982842	-0.03745478695	-0.08112205172
	-0.04109043654	-0.07653366786	-0.02910051564	-0.09422893432	-0.0001478155604
	-0.159801016	0.004850853952	-0.1975427843	0.002834156887	-0.1870275609
	-0.002345826398	-0.1701341262	-0.03471666404	-0.1019389116	-0.03984627374
	-0.09852742446	-0.04531934805	-0.09610675228	-0.02710988758	-0.1153597533
	-0.00778877682	-0.1537851193	-0.0001619887354	-0.2003751141	-0.003152751851
	-0.1870152251	-0.006546163086	-0.1729270919	-0.01763717299	-0.1368960946
	-0.03490239265	-0.1143719835	-0.04413285356	-0.1158953611	-0.02483479861
	-0.1330693149	-0.01772375119	-0.1502249404	-0.01186817647	-0.1771462106
	-0.0051999577	-0.1975677583	-0.03500458432	-0.1295754206	-0.03983689644
	-0.1372972899	-0.02059849713	-0.1687345115	-0.02926859618	-0.1506523365
	-0.0127896974	-0.1926503063	-0.03522355301	-0.1601286903	-0.02169552842
	-0.1875820621	-0.03067915593	-0.1831450628	-7.742545524e-05	-0.04410339304
	0.01313681839	-0.05686819643	-0.01313986322	-0.05681660328	0.01623703311
	-0.08142031321	-6.519835171e-05	-0.07603541519	0.009353376413	-0.0948370322
	-0.01652841791	-0.08157477129	-0.009538233875	-0.09222081575	0.01730736631
	-0.1056043518	-0.0001315405446	-0.111440178	-0.01757381861	-0.1057818761
	0.01545283028	-0.1309914763	-0.01576995507	-0.1311549637	-0.0001499288662
	-0.1449287683	