226	
	1.623517703e-31	-3.823855904e-31	0.02104449826	-0.03003182652	6.981608988e-32
	-5.306638334e-31	0.01299283461	-0.02233213267	0.01629113908	-0.03519488322
	0.03284005137	-0.05426869268	2.744671337e-32	-4.66317747e-31	0.008120514496
	-0.01919940079	0.008603575633	-0.03008035181	0.01636025607	-0.04661725338
	0.02635326138	-0.0531671016	0.04114967353	-0.0764159912	2.457235896e-33
	-4.195879287e-31	0.003290066024	-0.01438582862	0.003761511284	-0.02723947173
	0.01351583129	-0.05215259973	0.02678901311	-0.06740550081	0.03748448674
	-0.08103079372	0.0447297592	-0.09590196409	0.004962143474	-0.03537564161
	-1.169977922e-35	-4.039722377e-31	0.0007981670786	-0.01181316378	0.000680743795
	-0.02233003031	-1.60485173e-33	-4.192746401e-31	0.02419284194	-0.07238560776
	0.03352814624	-0.08763698699	0.04404650754	-0.1153609425	0.03928453424
	-0.1088045416	-2.620971155e-32	-4.622928611e-31	-4.737901633e-05	-0.03069107282
	-0.000746643092	-0.01178045177	-0.0007630962041	-0.02245111821	-0.003119445395
	-0.01433952682	0.03441688989	-0.1013766744	0.02901122596	-0.09379443063
	0.03478582876	-0.1599071828	0.03228679498	-0.1201272192	0.03942578116
	-0.1370937982	0.03216090749	-0.135401471	-7.094484811e-32	-5.321237236e-31
	-1.633006983e-31	-3.83381438e-31	-0.008334399885	-0.01920660178	-0.004987432864
	-0.03524745239	-0.003946443025	-0.02726454714	-0.01111460263	-0.0380129101
	0.02685848319	-0.1146229748	0.03040375858	-0.182914429	0.02746215944
	-0.164105262	0.02445115203	-0.1326937025	0.0257434106	-0.1516119053
	-0.01315163499	-0.02237945611	-0.02117293829	-0.03003720795	-0.01634715736
	-0.03533280174	-0.01341966632	-0.05184701347	-0.01959502169	-0.05489589643
	0.0174324581	-0.1358002624	0.02136083588	-0.1873784987	0.0202403717
	-0.1684660487	0.01735385254	-0.1500429173	-0.02748058292	-0.07158880385
	-0.03281249235	-0.05425863274	-0.02628041634	-0.05319627068	-0.02443002656
	-0.07294129889	0.007550329142	-0.1524050464	0.01242773799	-0.192401521
	0.01154273935	-0.176935681	0.006240288943	-0.172671753	0.002016741945
	-0.1695899798	-0.0336674442	-0.08775301387	-0.03747616797	-0.0811219177
	-0.04111264832	-0.07652502038	-0.02906974252	-0.09423772613	-0.0001386132707
	-0.1585561858	0.0048321107	-0.1973951184	0.002801896425	-0.1868638749
	-0.00235843481	-0.1697053184	-0.03468481188	-0.1019380696	-0.0398226871
	-0.09851643508	-0.04530360227	-0.09607501787	-0.02708080028	-0.1151473686
	-0.007815951453	-0.1527844782	-0.000193621664	-0.2002123936	-0.003171236622
	-0.1868655116	-0.006551623381	-0.1727613839	-0.01765398951	-0.136296313
	-0.03483020133	-0.1143599548	-0.04405673347	-0.1158687005	-0.02471464363
	-0.1329686902	-0.01760503011	-0.1501551916	-0.01186687422	-0.1770511122
	-0.005237872755	-0.1974412138	-0.03490233105	-0.1295659613	-0.03974698165
	-0.1373043752	-0.02055850615	-0.1687099003	-0.02918301225	-0.1506493708
	-0.01282301733	-0.1925807547	-0.03517262611	-0.1601611911	-0.02170773457
	-0.1875761488	-0.03068758558	-0.18318134	-3.552341018e-05	-0.04408256123
	0.01321410849	-0.05694721574	-0.01315862135	-0.05683942638	0.01627181843
	-0.08147213588	-9.064400911e-05	-0.07613587653	0.009335839224	-0.09494929142
	-0.01656749608	-0.08166307283	-0.009573453249	-0.0923299893	0.01732074203
	-0.1057096095	-0.0001602760169	-0.1115916415	-0.01759459157	-0.1058609791
	0.01553639949	-0.1306766968	-0.01580060349	-0.1309379874	-0.000127429591
	-0.144759042	