0.277778
    0.25
    0.25
    0.25
    0.25
    0.25
    0.25
    0.25
    0.25
      -4
    0.25
    0.25
    0.25
    0.25
    0.25
    0.25
    0.25
    0.25
    0.25
    0.25
      -1
    0.25
    0.25
    -0.5
    -0.5
     0.5
     0.5
     0.5
     0.5
     0.5
     0.5
     0.5
     0.5
     0.5
     0.5
     0.5
     0.5
     0.5
     0.5
     0.5
     0.5
     0.5
     0.5
     0.5
     0.5
     0.5
     0.5
     0.5
     0.5
     0.5
     0.5
     0.5
     0.5
     0.5
     0.5
     0.5
     0.5
     0.5
     0.5
     0.5
     0.5
     0.5
     0.5
     0.5
     0.5
     0.5
     0.5
     0.5
     0.5
     0.5
     0.5
     0.5
     0.5
     0.5
     0.5
     0.5
     0.5
     0.5
     0.5
     0.5
     0.5
     0.5
     0.5
     0.5
     0.5
     0.5
     0.5
     0.5
     0.5
     0.5
     0.5
     0.5
     0.5
-65.5556
     0.5
     0.5
     0.5
     0.5
     0.5
     0.5
     0.5
     0.5
     0.5
     0.5
     0.5
     0.5
     0.5
     0.5
     0.5
     0.5
     0.5
     0.5
     0.5
     0.5
     0.5
     0.5
     0.5
     0.5
     0.5
     0.5
     0.5
     0.5
     0.5
     0.5
     0.5
     0.5
     0.5
     0.5
     0.5
     0.5
     0.5
     0.5
     0.5
     0.5
     0.5
     0.5
     0.5
     0.5
     0.5
     0.5
     0.5
     0.5
     0.5
     0.5
     0.5
     0.5
     0.5
     0.5
     0.5
     0.5
     0.5
     0.5
     0.5
     0.5
     0.5
     0.5
     0.5
     0.5
     0.5
     0.5
     0.5
     0.5
    -0.5
    -0.5
    0.25
    0.25
      -1
    0.25
    0.25
    0.25
    0.25
    0.25
    0.25
    0.25
    0.25
    0.25
    0.25
      -4
    0.25
    0.25
    0.25
    0.25
    0.25
    0.25
    0.25
    0.25
0.277778
