0.277778
   0.125
   0.125
    0.25
    0.25
    0.25
    0.25
    0.25
    0.25
    0.25
    0.25
    0.25
    0.25
    0.25
    0.25
    0.25
    0.25
    0.25
    0.25
    0.25
    0.25
    0.25
    0.25
    0.25
    0.25
    0.25
    0.25
    0.25
    0.25
    0.25
    0.25
    0.25
    0.25
    0.25
    0.25
    0.25
    0.25
    0.25
    0.25
    0.25
    0.25
    0.25
    0.25
    0.25
    0.25
    0.25
    0.25
    0.25
    0.25
    0.25
    0.25
    0.25
    0.25
    0.25
    0.25
    0.25
    0.25
    0.25
    0.25
    0.25
    0.25
    0.25
    0.25
    0.25
    0.25
    0.25
    0.25
   -32.5
    0.25
    0.25
    0.25
    0.25
    0.25
    0.25
    0.25
    0.25
    0.25
    0.25
    0.25
    0.25
    0.25
    0.25
    0.25
    0.25
    0.25
    0.25
    0.25
    0.25
    0.25
    0.25
    0.25
    0.25
    0.25
    0.25
    0.25
    0.25
    0.25
    0.25
    0.25
    0.25
    0.25
    0.25
    0.25
    0.25
    0.25
    0.25
    0.25
    0.25
    0.25
    0.25
    0.25
    0.25
    0.25
    0.25
    0.25
    0.25
    0.25
    0.25
    0.25
    0.25
    0.25
    0.25
    0.25
    0.25
    0.25
    0.25
    0.25
    0.25
    0.25
    0.25
    0.25
    0.25
   0.125
   0.125
    0.25
    0.25
    0.25
    0.25
    0.25
    0.25
    0.25
    0.25
    0.25
    0.25
    0.25
    0.25
    0.25
    0.25
    0.25
    0.25
    0.25
    0.25
    0.25
    0.25
    0.25
    0.25
    0.25
    0.25
    0.25
    0.25
    0.25
    0.25
    0.25
    0.25
     -15
    0.25
    0.25
    0.25
    0.25
    0.25
    0.25
    0.25
    0.25
    0.25
    0.25
    0.25
    0.25
    0.25
    0.25
    0.25
    0.25
    0.25
    0.25
    0.25
    0.25
    0.25
    0.25
    0.25
    0.25
    0.25
    0.25
    0.25
    0.25
    0.25
    0.25
    0.25
    0.25
    0.25
    0.25
    0.25
    0.25
    0.25
    0.25
    0.25
    0.25
    0.25
    0.25
    0.25
    0.25
    0.25
    0.25
    0.25
    0.25
    0.25
    -9.5
    0.25
    0.25
    0.25
    0.25
    0.25
    0.25
    0.25
    0.25
    0.25
    0.25
    0.25
    0.25
    0.25
    0.25
    0.25
    0.25
    0.25
    0.25
    0.25
    0.25
    0.25
    0.25
    0.25
    0.25
    0.25
    0.25
    0.25
    0.25
    0.25
    0.25
    0.25
      -7
    0.25
    0.25
    0.25
    0.25
    0.25
    0.25
    0.25
    0.25
    0.25
    0.25
    0.25
    0.25
    0.25
    0.25
    0.25
    0.25
    0.25
    0.25
    0.25
    0.25
    -5.5
    0.25
    0.25
    0.25
    0.25
    0.25
    0.25
    0.25
    0.25
    0.25
    0.25
    0.25
    0.25
    0.25
    -4.5
    0.25
    0.25
    0.25
    0.25
    0.25
    0.25
    0.25
    -3.5
    0.25
    0.25
      -3
      -3
    -2.5
    -2.5
      -2
      -2
    -1.5
    -1.5
    -1.5
      -1
      -1
      -1
      -1
      -1
      -1
    -0.5
    -0.5
    -0.5
    -0.5
    -0.5
    -0.5
    -0.5
    -0.5
    -0.5
    -0.5
    -0.5
     0.5
     0.5
     0.5
     0.5
     0.5
     0.5
     0.5
     0.5
     0.5
     0.5
     0.5
     0.5
     0.5
     0.5
     0.5
     0.5
     0.5
     0.5
     0.5
     0.5
     0.5
     0.5
     0.5
     0.5
     0.5
     0.5
     0.5
     0.5
     0.5
     0.5
     0.5
     0.5
     0.5
 43.4444
     0.5
     0.5
     0.5
     0.5
     0.5
     0.5
     0.5
     0.5
     0.5
     0.5
     0.5
     0.5
     0.5
     0.5
     0.5
     0.5
     0.5
     0.5
     0.5
     0.5
     0.5
     0.5
     0.5
     0.5
     0.5
     0.5
     0.5
     0.5
     0.5
     0.5
     0.5
     0.5
     0.5
    -0.5
    -0.5
    -0.5
    -0.5
    -0.5
    -0.5
    -0.5
    -0.5
    -0.5
    -0.5
    -0.5
      -1
      -1
      -1
      -1
      -1
      -1
    -1.5
    -1.5
    -1.5
      -2
      -2
    -2.5
    -2.5
      -3
      -3
    0.25
    0.25
    -3.5
    0.25
    0.25
    0.25
    0.25
    0.25
    0.25
    0.25
    -4.5
    0.25
    0.25
    0.25
    0.25
    0.25
    0.25
    0.25
    0.25
    0.25
    0.25
    0.25
    0.25
    0.25
    -5.5
    0.25
    0.25
    0.25
    0.25
    0.25
    0.25
    0.25
    0.25
    0.25
    0.25
    0.25
    0.25
    0.25
    0.25
    0.25
    0.25
    0.25
    0.25
    0.25
    0.25
      -7
    0.25
    0.25
    0.25
    0.25
    0.25
    0.25
    0.25
    0.25
    0.25
    0.25
    0.25
    0.25
    0.25
    0.25
    0.25
    0.25
    0.25
    0.25
    0.25
    0.25
    0.25
    0.25
    0.25
    0.25
    0.25
    0.25
    0.25
    0.25
    0.25
    0.25
    0.25
    -9.5
    0.25
    0.25
    0.25
    0.25
    0.25
    0.25
    0.25
    0.25
    0.25
    0.25
    0.25
    0.25
    0.25
    0.25
    0.25
    0.25
    0.25
    0.25
    0.25
    0.25
    0.25
    0.25
    0.25
    0.25
    0.25
    0.25
    0.25
    0.25
    0.25
    0.25
    0.25
    0.25
    0.25
    0.25
    0.25
    0.25
    0.25
    0.25
    0.25
    0.25
    0.25
    0.25
    0.25
    0.25
    0.25
    0.25
    0.25
    0.25
    0.25
     -15
    0.25
    0.25
    0.25
    0.25
    0.25
    0.25
    0.25
    0.25
    0.25
    0.25
    0.25
    0.25
    0.25
    0.25
    0.25
    0.25
    0.25
    0.25
    0.25
    0.25
    0.25
    0.25
    0.25
    0.25
    0.25
    0.25
    0.25
    0.25
    0.25
    0.25
   0.125
   0.125
    0.25
    0.25
    0.25
    0.25
    0.25
    0.25
    0.25
    0.25
    0.25
    0.25
    0.25
    0.25
    0.25
    0.25
    0.25
    0.25
    0.25
    0.25
    0.25
    0.25
    0.25
    0.25
    0.25
    0.25
    0.25
    0.25
    0.25
    0.25
    0.25
    0.25
    0.25
    0.25
    0.25
    0.25
    0.25
    0.25
    0.25
    0.25
    0.25
    0.25
    0.25
    0.25
    0.25
    0.25
    0.25
    0.25
    0.25
    0.25
    0.25
    0.25
    0.25
    0.25
    0.25
    0.25
    0.25
    0.25
    0.25
    0.25
    0.25
    0.25
    0.25
    0.25
    0.25
    0.25
   -32.5
    0.25
    0.25
    0.25
    0.25
    0.25
    0.25
    0.25
    0.25
    0.25
    0.25
    0.25
    0.25
    0.25
    0.25
    0.25
    0.25
    0.25
    0.25
    0.25
    0.25
    0.25
    0.25
    0.25
    0.25
    0.25
    0.25
    0.25
    0.25
    0.25
    0.25
    0.25
    0.25
    0.25
    0.25
    0.25
    0.25
    0.25
    0.25
    0.25
    0.25
    0.25
    0.25
    0.25
    0.25
    0.25
    0.25
    0.25
    0.25
    0.25
    0.25
    0.25
    0.25
    0.25
    0.25
    0.25
    0.25
    0.25
    0.25
    0.25
    0.25
    0.25
    0.25
    0.25
    0.25
   0.125
   0.125
0.277778
