0.277778
    0.25
    0.25
    0.25
    0.25
    0.25
    0.25
    0.25
    0.25
    0.25
    0.25
    0.25
    0.25
    0.25
    -6.5
    0.25
    0.25
    0.25
    0.25
    0.25
    0.25
    0.25
    0.25
    0.25
    0.25
    0.25
    0.25
    0.25
    0.25
    0.25
    0.25
    0.25
    0.25
    -2.5
    0.25
    0.25
    0.25
    0.25
    0.25
    0.25
      -1
    0.25
      -1
    -0.5
    -0.5
    -0.5
     0.5
     0.5
     0.5
     0.5
     0.5
     0.5
     0.5
     0.5
     0.5
     0.5
     0.5
     0.5
     0.5
     0.5
     0.5
     0.5
     0.5
     0.5
     0.5
     0.5
     0.5
     0.5
     0.5
     0.5
     0.5
     0.5
     0.5
     0.5
     0.5
     0.5
     0.5
     0.5
     0.5
     0.5
     0.5
     0.5
     0.5
     0.5
     0.5
     0.5
     0.5
     0.5
     0.5
     0.5
     0.5
     0.5
     0.5
     0.5
     0.5
     0.5
     0.5
     0.5
     0.5
     0.5
     0.5
     0.5
     0.5
     0.5
     0.5
     0.5
     0.5
     0.5
     0.5
     0.5
     0.5
     0.5
     0.5
     0.5
     0.5
     0.5
     0.5
     0.5
     0.5
     0.5
     0.5
     0.5
     0.5
     0.5
     0.5
     0.5
     0.5
     0.5
     0.5
     0.5
     0.5
     0.5
-79.5556
     0.5
     0.5
     0.5
     0.5
     0.5
     0.5
     0.5
     0.5
     0.5
     0.5
     0.5
     0.5
     0.5
     0.5
     0.5
     0.5
     0.5
     0.5
     0.5
     0.5
     0.5
     0.5
     0.5
     0.5
     0.5
     0.5
     0.5
     0.5
     0.5
     0.5
     0.5
     0.5
     0.5
     0.5
     0.5
     0.5
     0.5
     0.5
     0.5
     0.5
     0.5
     0.5
     0.5
     0.5
     0.5
     0.5
     0.5
     0.5
     0.5
     0.5
     0.5
     0.5
     0.5
     0.5
     0.5
     0.5
     0.5
     0.5
     0.5
     0.5
     0.5
     0.5
     0.5
     0.5
     0.5
     0.5
     0.5
     0.5
     0.5
     0.5
     0.5
     0.5
     0.5
     0.5
     0.5
     0.5
     0.5
     0.5
     0.5
     0.5
     0.5
     0.5
     0.5
     0.5
     0.5
     0.5
    -0.5
    -0.5
    -0.5
      -1
    0.25
      -1
    0.25
    0.25
    0.25
    0.25
    0.25
    0.25
    -2.5
    0.25
    0.25
    0.25
    0.25
    0.25
    0.25
    0.25
    0.25
    0.25
    0.25
    0.25
    0.25
    0.25
    0.25
    0.25
    0.25
    0.25
    0.25
    -6.5
    0.25
    0.25
    0.25
    0.25
    0.25
    0.25
    0.25
    0.25
    0.25
    0.25
    0.25
    0.25
    0.25
0.277778
