 0.138889
 0.138889
-0.277778
 0.138889
 0.138889
 0.138889
    0.125
    0.125
    0.125
    0.125
    0.125
    0.125
    -1.75
    0.125
    0.125
    0.125
    0.125
    0.125
    0.125
    0.125
    0.125
    -0.75
    0.125
    0.125
    -0.25
    -0.25
     0.25
     0.25
     0.25
     0.25
     0.25
     0.25
 -1.27778
     0.25
     0.25
     0.25
     0.25
     0.25
     0.25
    -0.25
    -0.25
    0.125
    0.125
    -0.75
    0.125
    0.125
    0.125
    0.125
    0.125
    0.125
    0.125
    0.125
    -1.75
    0.125
    0.125
    0.125
    0.125
    0.125
    0.125
 0.138889
    0.125
    -0.25
    0.125
    -0.25
     0.25
     0.25
     0.25
     0.25
     0.25
     0.25
 -2.27778
     0.25
     0.25
     0.25
     0.25
     0.25
     0.25
    -0.25
    0.125
    -0.25
    0.125
 0.277778
    -0.25
     0.25
     0.25
     0.25
     0.25
     0.25
     0.25
     0.25
 -3.27778
     0.25
     0.25
     0.25
     0.25
     0.25
     0.25
     0.25
    -0.25
 0.277778
     0.25
     0.25
     0.25
     0.25
     0.25
     0.25
     0.25
     0.25
       -4
     0.25
     0.25
     0.25
     0.25
     0.25
     0.25
     0.25
     0.25
     0.25
     0.25
     0.25
       -2
     0.25
     0.25
     0.25
     0.25
     0.25
     -2.5
     0.25
     0.25
     0.25
     -2.5
     0.25
     -2.5
     -1.5
     -1.5
     -1.5
     -1.5
     -0.5
     -0.5
      0.5
      0.5
      0.5
      0.5
      0.5
      0.5
      0.5
  19.4444
      0.5
      0.5
      0.5
      0.5
      0.5
      0.5
      0.5
     -0.5
     -0.5
     -1.5
     -1.5
     -1.5
     -1.5
     -2.5
     0.25
     -2.5
     0.25
     0.25
     0.25
     -2.5
     0.25
     0.25
     0.25
     0.25
     0.25
       -2
     0.25
     0.25
     0.25
     0.25
     0.25
     0.25
     0.25
     0.25
     0.25
     0.25
     0.25
       -4
     0.25
     0.25
     0.25
     0.25
     0.25
     0.25
     0.25
     0.25
 0.277778
    -0.25
     0.25
     0.25
     0.25
     0.25
     0.25
     0.25
     0.25
 -3.27778
     0.25
     0.25
     0.25
     0.25
     0.25
     0.25
     0.25
    -0.25
 0.277778
    0.125
    -0.25
    0.125
    -0.25
     0.25
     0.25
     0.25
     0.25
     0.25
     0.25
 -2.27778
     0.25
     0.25
     0.25
     0.25
     0.25
     0.25
    -0.25
    0.125
    -0.25
    0.125
 0.138889
    0.125
    0.125
    0.125
    0.125
    0.125
    0.125
    -1.75
    0.125
    0.125
    0.125
    0.125
    0.125
    0.125
    0.125
    0.125
    -0.75
    0.125
    0.125
    -0.25
    -0.25
     0.25
     0.25
     0.25
     0.25
     0.25
     0.25
 -1.27778
     0.25
     0.25
     0.25
     0.25
     0.25
     0.25
    -0.25
    -0.25
    0.125
    0.125
    -0.75
    0.125
    0.125
    0.125
    0.125
    0.125
    0.125
    0.125
    0.125
    -1.75
    0.125
    0.125
    0.125
    0.125
    0.125
    0.125
 0.138889
 0.138889
 0.138889
-0.277778
 0.138889
 0.138889
