0.277778
    0.25
    0.25
    0.25
    0.25
    0.25
    0.25
    0.25
    0.25
    0.25
    0.25
    0.25
    0.25
    0.25
    0.25
    0.25
    0.25
    0.25
    0.25
    0.25
    0.25
    0.25
    0.25
    0.25
    0.25
    0.25
    0.25
    0.25
    0.25
    0.25
    0.25
    0.25
    0.25
    0.25
    0.25
    0.25
    0.25
    0.25
    0.25
    0.25
   -19.5
    0.25
    0.25
    0.25
    0.25
    0.25
    0.25
    0.25
    0.25
    0.25
    0.25
    0.25
    0.25
    0.25
    0.25
    0.25
    0.25
    0.25
    0.25
    0.25
    0.25
    0.25
    0.25
    0.25
    0.25
    0.25
    0.25
    0.25
    0.25
    0.25
    0.25
    0.25
    0.25
    0.25
    0.25
    0.25
    0.25
    0.25
    0.25
    0.25
    0.25
    0.25
    0.25
    0.25
    0.25
    0.25
    0.25
    0.25
    0.25
    0.25
    0.25
    0.25
    0.25
    0.25
    0.25
    0.25
    0.25
    0.25
      -9
    0.25
    0.25
    0.25
    0.25
    0.25
    0.25
    0.25
    0.25
    0.25
    0.25
    0.25
    0.25
    0.25
    0.25
    0.25
    0.25
    0.25
    0.25
    0.25
    0.25
    0.25
    0.25
    0.25
    0.25
    0.25
    0.25
    0.25
    0.25
    -5.5
    0.25
    0.25
    0.25
    0.25
    0.25
    0.25
    0.25
    0.25
    0.25
    0.25
    0.25
    0.25
    0.25
    0.25
    0.25
    0.25
      -4
    0.25
    0.25
    0.25
    0.25
    0.25
    0.25
    0.25
    0.25
    0.25
      -3
    0.25
    0.25
    0.25
      -2
      -2
      -2
    -1.5
    -1.5
      -1
      -1
      -1
    -0.5
    -0.5
    -0.5
    -0.5
    -0.5
    -0.5
    -0.5
     0.5
     0.5
     0.5
     0.5
     0.5
     0.5
     0.5
     0.5
     0.5
     0.5
     0.5
     0.5
     0.5
     0.5
     0.5
     0.5
     0.5
     0.5
     0.5
     0.5
     0.5
     0.5
     0.5
     0.5
     0.5
     0.5
     0.5
     0.5
     0.5
     0.5
     0.5
     0.5
     0.5
     0.5
     0.5
     0.5
     0.5
     0.5
     0.5
     0.5
     0.5
     0.5
     0.5
     0.5
     0.5
     0.5
     0.5
     0.5
     0.5
     0.5
     0.5
     0.5
     0.5
     0.5
     0.5
     0.5
     0.5
     0.5
     0.5
     0.5
-22.5556
     0.5
     0.5
     0.5
     0.5
     0.5
     0.5
     0.5
     0.5
     0.5
     0.5
     0.5
     0.5
     0.5
     0.5
     0.5
     0.5
     0.5
     0.5
     0.5
     0.5
     0.5
     0.5
     0.5
     0.5
     0.5
     0.5
     0.5
     0.5
     0.5
     0.5
     0.5
     0.5
     0.5
     0.5
     0.5
     0.5
     0.5
     0.5
     0.5
     0.5
     0.5
     0.5
     0.5
     0.5
     0.5
     0.5
     0.5
     0.5
     0.5
     0.5
     0.5
     0.5
     0.5
     0.5
     0.5
     0.5
     0.5
     0.5
     0.5
     0.5
    -0.5
    -0.5
    -0.5
    -0.5
    -0.5
    -0.5
    -0.5
      -1
      -1
      -1
    -1.5
    -1.5
      -2
      -2
      -2
    0.25
    0.25
    0.25
      -3
    0.25
    0.25
    0.25
    0.25
    0.25
    0.25
    0.25
    0.25
    0.25
      -4
    0.25
    0.25
    0.25
    0.25
    0.25
    0.25
    0.25
    0.25
    0.25
    0.25
    0.25
    0.25
    0.25
    0.25
    0.25
    0.25
    -5.5
    0.25
    0.25
    0.25
    0.25
    0.25
    0.25
    0.25
    0.25
    0.25
    0.25
    0.25
    0.25
    0.25
    0.25
    0.25
    0.25
    0.25
    0.25
    0.25
    0.25
    0.25
    0.25
    0.25
    0.25
    0.25
    0.25
    0.25
    0.25
      -9
    0.25
    0.25
    0.25
    0.25
    0.25
    0.25
    0.25
    0.25
    0.25
    0.25
    0.25
    0.25
    0.25
    0.25
    0.25
    0.25
    0.25
    0.25
    0.25
    0.25
    0.25
    0.25
    0.25
    0.25
    0.25
    0.25
    0.25
    0.25
    0.25
    0.25
    0.25
    0.25
    0.25
    0.25
    0.25
    0.25
    0.25
    0.25
    0.25
    0.25
    0.25
    0.25
    0.25
    0.25
    0.25
    0.25
    0.25
    0.25
    0.25
    0.25
    0.25
    0.25
    0.25
    0.25
    0.25
    0.25
    0.25
   -19.5
    0.25
    0.25
    0.25
    0.25
    0.25
    0.25
    0.25
    0.25
    0.25
    0.25
    0.25
    0.25
    0.25
    0.25
    0.25
    0.25
    0.25
    0.25
    0.25
    0.25
    0.25
    0.25
    0.25
    0.25
    0.25
    0.25
    0.25
    0.25
    0.25
    0.25
    0.25
    0.25
    0.25
    0.25
    0.25
    0.25
    0.25
    0.25
    0.25
0.277778
