0.277777777777778
             0.25
             0.25
             0.25
             0.25
             0.25
             0.25
             0.25
             -3.5
             0.25
             0.25
             0.25
             0.25
             0.25
             0.25
             0.25
0.277777777777778
             0.25
             0.25
             0.25
             0.25
             0.25
             0.25
             -3.5
             0.25
             0.25
             0.25
             0.25
             0.25
             0.25
             0.25
               -1
             0.25
               -1
             -0.5
             -0.5
             -0.5
             -0.5
              0.5
              0.5
              0.5
              0.5
              0.5
              0.5
 1.88888888888889
              0.5
              0.5
              0.5
              0.5
              0.5
              0.5
             -0.5
             -0.5
             -0.5
             -0.5
               -1
             0.25
               -1
             0.25
             0.25
             0.25
             0.25
             0.25
             0.25
             0.25
             -3.5
             0.25
             0.25
             0.25
             0.25
             0.25
             0.25
0.277777777777778
             0.25
             0.25
             0.25
             0.25
             0.25
             0.25
             0.25
             -3.5
             0.25
             0.25
             0.25
             0.25
             0.25
             0.25
             0.25
0.277777777777778
