0.277778
   0.125
   0.125
   0.125
   0.125
   -0.75
   0.125
   0.125
   0.125
   0.125
   0.125
   -0.25
   0.125
   -0.25
    0.25
    0.25
    0.25
    0.25
    0.25
    0.25
    0.25
    0.25
    0.25
    0.25
    0.25
    0.25
    0.25
    0.25
    0.25
    0.25
    0.25
    0.25
    0.25
    0.25
    0.25
    0.25
    0.25
    0.25
    0.25
    0.25
    0.25
    0.25
    0.25
    0.25
    0.25
    0.25
    0.25
    0.25
    0.25
    0.25
    0.25
    0.25
    0.25
    0.25
    0.25
    0.25
    0.25
    0.25
    0.25
    0.25
    0.25
    0.25
    0.25
    0.25
    0.25
    0.25
    0.25
    0.25
    0.25
    0.25
    0.25
    0.25
    0.25
    0.25
    0.25
    0.25
    0.25
    0.25
    0.25
    0.25
    0.25
    0.25
    0.25
    0.25
    0.25
    0.25
    0.25
    0.25
    0.25
    0.25
    0.25
    0.25
    0.25
    0.25
    0.25
    0.25
    0.25
    0.25
    0.25
    0.25
    0.25
    0.25
    0.25
    0.25
    0.25
    0.25
    0.25
    0.25
     -47
    0.25
    0.25
    0.25
    0.25
    0.25
    0.25
    0.25
    0.25
    0.25
    0.25
    0.25
    0.25
    0.25
    0.25
    0.25
    0.25
    0.25
    0.25
    0.25
    0.25
    0.25
    0.25
    0.25
    0.25
    0.25
    0.25
    0.25
    0.25
    0.25
    0.25
    0.25
    0.25
    0.25
    0.25
    0.25
    0.25
    0.25
    0.25
    0.25
    0.25
    0.25
    0.25
    0.25
    0.25
    0.25
    0.25
    0.25
    0.25
    0.25
    0.25
    0.25
    0.25
    0.25
    0.25
    0.25
    0.25
    0.25
    0.25
    0.25
    0.25
    0.25
    0.25
    0.25
    0.25
    0.25
    0.25
    0.25
    0.25
    0.25
    0.25
    0.25
    0.25
    0.25
    0.25
    0.25
    0.25
    0.25
    0.25
    0.25
    0.25
    0.25
    0.25
    0.25
    0.25
    0.25
    0.25
    0.25
    0.25
    0.25
    0.25
    0.25
    0.25
    0.25
    0.25
   -0.25
   0.125
   -0.25
   0.125
   0.125
   0.125
   0.125
   0.125
   -0.75
   0.125
   0.125
   0.125
   0.125
0.277778
    0.25
    0.25
    0.25
    0.25
    0.25
    0.25
    0.25
    0.25
    0.25
    0.25
    0.25
    0.25
    0.25
    0.25
    0.25
    0.25
    0.25
    0.25
    0.25
    0.25
    0.25
    0.25
    0.25
    0.25
    0.25
    0.25
    0.25
    0.25
    0.25
    0.25
    0.25
    0.25
    0.25
    0.25
    0.25
    0.25
    0.25
    0.25
    0.25
    0.25
    0.25
    0.25
    0.25
    0.25
    0.25
    0.25
    0.25
    0.25
    0.25
     -25
    0.25
    0.25
    0.25
    0.25
    0.25
    0.25
    0.25
    0.25
    0.25
    0.25
    0.25
    0.25
    0.25
    0.25
    0.25
    0.25
    0.25
    0.25
    0.25
    0.25
    0.25
    0.25
    0.25
    0.25
    0.25
    0.25
    0.25
    0.25
    0.25
    0.25
    0.25
    0.25
    0.25
    0.25
    0.25
    0.25
    0.25
    0.25
    0.25
    0.25
    0.25
    0.25
    0.25
    0.25
    0.25
    0.25
    0.25
    0.25
    0.25
    0.25
    0.25
    0.25
    0.25
    0.25
    0.25
    0.25
    0.25
    0.25
    0.25
    0.25
    0.25
    0.25
    0.25
    0.25
    0.25
    0.25
    0.25
    0.25
    0.25
    0.25
    0.25
    0.25
    0.25
    0.25
    0.25
    0.25
    0.25
    0.25
    0.25
    0.25
    0.25
     -16
    0.25
    0.25
    0.25
    0.25
    0.25
    0.25
    0.25
    0.25
    0.25
    0.25
    0.25
    0.25
    0.25
    0.25
    0.25
    0.25
    0.25
    0.25
    0.25
    0.25
    0.25
    0.25
    0.25
    0.25
    0.25
    0.25
    0.25
    0.25
    0.25
    0.25
    0.25
    0.25
    0.25
    0.25
    0.25
    0.25
    0.25
    0.25
    0.25
    0.25
    0.25
    0.25
    0.25
    0.25
    0.25
    0.25
    0.25
    0.25
    0.25
    0.25
    0.25
    0.25
    0.25
    0.25
    0.25
   -11.5
    0.25
    0.25
    0.25
    0.25
    0.25
    0.25
    0.25
    0.25
    0.25
    0.25
    0.25
    0.25
    0.25
    0.25
    0.25
    0.25
    0.25
    0.25
    0.25
    0.25
    0.25
    0.25
    0.25
    0.25
    0.25
    0.25
    0.25
    0.25
    0.25
    0.25
    0.25
    0.25
    0.25
    0.25
    0.25
    0.25
    0.25
    0.25
    0.25
    0.25
    -9.5
    0.25
    0.25
    0.25
    0.25
    0.25
    0.25
    0.25
    0.25
    0.25
    0.25
    0.25
    0.25
    0.25
    0.25
    0.25
    0.25
    0.25
    0.25
    0.25
    0.25
    0.25
    0.25
    0.25
    0.25
    0.25
    0.25
    0.25
    0.25
    0.25
    -7.5
    0.25
    0.25
    0.25
    0.25
    0.25
    0.25
    0.25
    0.25
    0.25
    0.25
    0.25
    0.25
    0.25
    0.25
    0.25
    0.25
    0.25
    0.25
    0.25
    0.25
    -6.5
    0.25
    0.25
    0.25
    0.25
    0.25
    0.25
    0.25
    0.25
    0.25
    0.25
    0.25
    0.25
    0.25
    -5.5
    0.25
    0.25
    0.25
    0.25
    0.25
    0.25
    0.25
    0.25
      -5
    0.25
    0.25
    0.25
    0.25
    -4.5
    0.25
    -4.5
      -4
    -3.5
      -3
      -3
    -2.5
    -2.5
    -2.5
      -2
      -2
      -2
      -2
    -1.5
    -1.5
    -1.5
    -1.5
    -1.5
      -1
      -1
      -1
      -1
      -1
      -1
      -1
      -1
      -1
    -0.5
    -0.5
    -0.5
    -0.5
    -0.5
    -0.5
    -0.5
    -0.5
    -0.5
    -0.5
    -0.5
    -0.5
    -0.5
    -0.5
    -0.5
    -0.5
    -0.5
    -0.5
    -0.5
 150.889
    -0.5
    -0.5
    -0.5
    -0.5
    -0.5
    -0.5
    -0.5
    -0.5
    -0.5
    -0.5
    -0.5
    -0.5
    -0.5
    -0.5
    -0.5
    -0.5
    -0.5
    -0.5
    -0.5
      -1
      -1
      -1
      -1
      -1
      -1
      -1
      -1
      -1
    -1.5
    -1.5
    -1.5
    -1.5
    -1.5
      -2
      -2
      -2
      -2
    -2.5
    -2.5
    -2.5
      -3
      -3
    -3.5
      -4
    -4.5
    0.25
    -4.5
    0.25
    0.25
    0.25
    0.25
      -5
    0.25
    0.25
    0.25
    0.25
    0.25
    0.25
    0.25
    0.25
    -5.5
    0.25
    0.25
    0.25
    0.25
    0.25
    0.25
    0.25
    0.25
    0.25
    0.25
    0.25
    0.25
    0.25
    -6.5
    0.25
    0.25
    0.25
    0.25
    0.25
    0.25
    0.25
    0.25
    0.25
    0.25
    0.25
    0.25
    0.25
    0.25
    0.25
    0.25
    0.25
    0.25
    0.25
    0.25
    -7.5
    0.25
    0.25
    0.25
    0.25
    0.25
    0.25
    0.25
    0.25
    0.25
    0.25
    0.25
    0.25
    0.25
    0.25
    0.25
    0.25
    0.25
    0.25
    0.25
    0.25
    0.25
    0.25
    0.25
    0.25
    0.25
    0.25
    0.25
    0.25
    0.25
    -9.5
    0.25
    0.25
    0.25
    0.25
    0.25
    0.25
    0.25
    0.25
    0.25
    0.25
    0.25
    0.25
    0.25
    0.25
    0.25
    0.25
    0.25
    0.25
    0.25
    0.25
    0.25
    0.25
    0.25
    0.25
    0.25
    0.25
    0.25
    0.25
    0.25
    0.25
    0.25
    0.25
    0.25
    0.25
    0.25
    0.25
    0.25
    0.25
    0.25
    0.25
   -11.5
    0.25
    0.25
    0.25
    0.25
    0.25
    0.25
    0.25
    0.25
    0.25
    0.25
    0.25
    0.25
    0.25
    0.25
    0.25
    0.25
    0.25
    0.25
    0.25
    0.25
    0.25
    0.25
    0.25
    0.25
    0.25
    0.25
    0.25
    0.25
    0.25
    0.25
    0.25
    0.25
    0.25
    0.25
    0.25
    0.25
    0.25
    0.25
    0.25
    0.25
    0.25
    0.25
    0.25
    0.25
    0.25
    0.25
    0.25
    0.25
    0.25
    0.25
    0.25
    0.25
    0.25
    0.25
    0.25
     -16
    0.25
    0.25
    0.25
    0.25
    0.25
    0.25
    0.25
    0.25
    0.25
    0.25
    0.25
    0.25
    0.25
    0.25
    0.25
    0.25
    0.25
    0.25
    0.25
    0.25
    0.25
    0.25
    0.25
    0.25
    0.25
    0.25
    0.25
    0.25
    0.25
    0.25
    0.25
    0.25
    0.25
    0.25
    0.25
    0.25
    0.25
    0.25
    0.25
    0.25
    0.25
    0.25
    0.25
    0.25
    0.25
    0.25
    0.25
    0.25
    0.25
    0.25
    0.25
    0.25
    0.25
    0.25
    0.25
    0.25
    0.25
    0.25
    0.25
    0.25
    0.25
    0.25
    0.25
    0.25
    0.25
    0.25
    0.25
    0.25
    0.25
    0.25
    0.25
    0.25
    0.25
    0.25
    0.25
    0.25
    0.25
    0.25
    0.25
    0.25
    0.25
     -25
    0.25
    0.25
    0.25
    0.25
    0.25
    0.25
    0.25
    0.25
    0.25
    0.25
    0.25
    0.25
    0.25
    0.25
    0.25
    0.25
    0.25
    0.25
    0.25
    0.25
    0.25
    0.25
    0.25
    0.25
    0.25
    0.25
    0.25
    0.25
    0.25
    0.25
    0.25
    0.25
    0.25
    0.25
    0.25
    0.25
    0.25
    0.25
    0.25
    0.25
    0.25
    0.25
    0.25
    0.25
    0.25
    0.25
    0.25
    0.25
    0.25
0.277778
   0.125
   0.125
   0.125
   0.125
   -0.75
   0.125
   0.125
   0.125
   0.125
   0.125
   -0.25
   0.125
   -0.25
    0.25
    0.25
    0.25
    0.25
    0.25
    0.25
    0.25
    0.25
    0.25
    0.25
    0.25
    0.25
    0.25
    0.25
    0.25
    0.25
    0.25
    0.25
    0.25
    0.25
    0.25
    0.25
    0.25
    0.25
    0.25
    0.25
    0.25
    0.25
    0.25
    0.25
    0.25
    0.25
    0.25
    0.25
    0.25
    0.25
    0.25
    0.25
    0.25
    0.25
    0.25
    0.25
    0.25
    0.25
    0.25
    0.25
    0.25
    0.25
    0.25
    0.25
    0.25
    0.25
    0.25
    0.25
    0.25
    0.25
    0.25
    0.25
    0.25
    0.25
    0.25
    0.25
    0.25
    0.25
    0.25
    0.25
    0.25
    0.25
    0.25
    0.25
    0.25
    0.25
    0.25
    0.25
    0.25
    0.25
    0.25
    0.25
    0.25
    0.25
    0.25
    0.25
    0.25
    0.25
    0.25
    0.25
    0.25
    0.25
    0.25
    0.25
    0.25
    0.25
    0.25
    0.25
     -47
    0.25
    0.25
    0.25
    0.25
    0.25
    0.25
    0.25
    0.25
    0.25
    0.25
    0.25
    0.25
    0.25
    0.25
    0.25
    0.25
    0.25
    0.25
    0.25
    0.25
    0.25
    0.25
    0.25
    0.25
    0.25
    0.25
    0.25
    0.25
    0.25
    0.25
    0.25
    0.25
    0.25
    0.25
    0.25
    0.25
    0.25
    0.25
    0.25
    0.25
    0.25
    0.25
    0.25
    0.25
    0.25
    0.25
    0.25
    0.25
    0.25
    0.25
    0.25
    0.25
    0.25
    0.25
    0.25
    0.25
    0.25
    0.25
    0.25
    0.25
    0.25
    0.25
    0.25
    0.25
    0.25
    0.25
    0.25
    0.25
    0.25
    0.25
    0.25
    0.25
    0.25
    0.25
    0.25
    0.25
    0.25
    0.25
    0.25
    0.25
    0.25
    0.25
    0.25
    0.25
    0.25
    0.25
    0.25
    0.25
    0.25
    0.25
    0.25
    0.25
    0.25
    0.25
   -0.25
   0.125
   -0.25
   0.125
   0.125
   0.125
   0.125
   0.125
   -0.75
   0.125
   0.125
   0.125
   0.125
0.277778
