0.277778
    0.25
    0.25
    0.25
    0.25
    0.25
    0.25
    0.25
    -3.5
    0.25
    0.25
    0.25
    0.25
    0.25
    0.25
    0.25
0.277778
    0.25
    0.25
    0.25
    0.25
    0.25
    0.25
    -3.5
    0.25
    0.25
    0.25
    0.25
    0.25
    0.25
    0.25
      -1
    0.25
      -1
    -0.5
    -0.5
    -0.5
    -0.5
     0.5
     0.5
     0.5
     0.5
     0.5
     0.5
 1.88889
     0.5
     0.5
     0.5
     0.5
     0.5
     0.5
    -0.5
    -0.5
    -0.5
    -0.5
      -1
    0.25
      -1
    0.25
    0.25
    0.25
    0.25
    0.25
    0.25
    0.25
    -3.5
    0.25
    0.25
    0.25
    0.25
    0.25
    0.25
0.277778
    0.25
    0.25
    0.25
    0.25
    0.25
    0.25
    0.25
    -3.5
    0.25
    0.25
    0.25
    0.25
    0.25
    0.25
    0.25
0.277778
