3.125000000000000000e-02
3.125000000000000000e-02
3.125000000000000000e-02
3.125000000000000000e-02
3.125000000000000000e-02
3.125000000000000000e-02
3.125000000000000000e-02
3.125000000000000000e-02
3.125000000000000000e-02
3.125000000000000000e-02
3.125000000000000000e-02
3.125000000000000000e-02
3.125000000000000000e-02
3.125000000000000000e-02
3.125000000000000000e-02
3.125000000000000000e-02
3.125000000000000000e-02
3.125000000000000000e-02
3.125000000000000000e-02
3.125000000000000000e-02
3.125000000000000000e-02
3.125000000000000000e-02
3.125000000000000000e-02
3.125000000000000000e-02
3.125000000000000000e-02
3.125000000000000000e-02
3.125000000000000000e-02
3.125000000000000000e-02
3.125000000000000000e-02
3.125000000000000000e-02
3.125000000000000000e-02
3.125000000000000000e-02
