1.562500000000000000e-02
1.562500000000000000e-02
1.562500000000000000e-02
1.562500000000000000e-02
1.562500000000000000e-02
1.562500000000000000e-02
1.562500000000000000e-02
1.562500000000000000e-02
1.562500000000000000e-02
1.562500000000000000e-02
1.562500000000000000e-02
1.562500000000000000e-02
1.562500000000000000e-02
1.562500000000000000e-02
1.562500000000000000e-02
1.562500000000000000e-02
1.562500000000000000e-02
1.562500000000000000e-02
1.562500000000000000e-02
1.562500000000000000e-02
1.562500000000000000e-02
1.562500000000000000e-02
1.562500000000000000e-02
1.562500000000000000e-02
1.562500000000000000e-02
1.562500000000000000e-02
1.562500000000000000e-02
1.562500000000000000e-02
1.562500000000000000e-02
1.562500000000000000e-02
1.562500000000000000e-02
1.562500000000000000e-02
1.562500000000000000e-02
1.562500000000000000e-02
1.562500000000000000e-02
1.562500000000000000e-02
1.562500000000000000e-02
1.562500000000000000e-02
1.562500000000000000e-02
1.562500000000000000e-02
1.562500000000000000e-02
1.562500000000000000e-02
1.562500000000000000e-02
1.562500000000000000e-02
1.562500000000000000e-02
1.562500000000000000e-02
1.562500000000000000e-02
1.562500000000000000e-02
1.562500000000000000e-02
1.562500000000000000e-02
1.562500000000000000e-02
1.562500000000000000e-02
1.562500000000000000e-02
1.562500000000000000e-02
1.562500000000000000e-02
1.562500000000000000e-02
1.562500000000000000e-02
1.562500000000000000e-02
1.562500000000000000e-02
1.562500000000000000e-02
1.562500000000000000e-02
1.562500000000000000e-02
1.562500000000000000e-02
1.562500000000000000e-02
